/*--------------------------------*- C++ -*----------------------------------*\
  =========                 |
  \\      /  F ield         | OpenFOAM: The Open Source CFD Toolbox
   \\    /   O peration     | Website:  https://openfoam.org
    \\  /    A nd           | Version:  dev
     \\/     M anipulation  |
\*---------------------------------------------------------------------------*/
FoamFile
{
    format      ascii;
    class       volScalarField;
    location    "0.14";
    object      N1;
}
// * * * * * * * * * * * * * * * * * * * * * * * * * * * * * * * * * * * * * //

dimensions      [0 0 0 0 0 0 0];

internalField   nonuniform List<scalar> 
8000
(
0.205862
0.21593
0.227216
0.238154
0.248555
0.258455
0.267838
0.276691
0.285011
0.292805
0.300082
0.306853
0.313129
0.318921
0.324241
0.3291
0.33351
0.337481
0.341023
0.344147
0.346864
0.349184
0.351118
0.352676
0.353868
0.354707
0.355202
0.355366
0.35521
0.354745
0.353981
0.352929
0.351602
0.350011
0.348168
0.346084
0.343771
0.341241
0.338504
0.335573
0.332458
0.32917
0.32572
0.322119
0.318378
0.314506
0.310514
0.306411
0.302207
0.297912
0.293535
0.289083
0.284567
0.279993
0.275371
0.270708
0.266011
0.261287
0.256543
0.251786
0.247022
0.242257
0.237497
0.232746
0.228011
0.223295
0.218604
0.213942
0.209312
0.204719
0.200166
0.195656
0.191192
0.186777
0.182414
0.178105
0.173853
0.169658
0.165523
0.161449
0.157438
0.153492
0.14961
0.145794
0.142044
0.138362
0.134747
0.131201
0.127723
0.124312
0.120971
0.117697
0.114491
0.111354
0.108283
0.105279
0.102342
0.0994702
0.0966637
0.0939217
0.0912435
0.0886282
0.0860751
0.0835832
0.0811518
0.0787798
0.0764664
0.0742106
0.0720114
0.0698679
0.067779
0.0657438
0.0637612
0.0618302
0.0599498
0.0581191
0.0563368
0.0546022
0.0529141
0.0512716
0.0496736
0.0481192
0.0466074
0.0451373
0.0437078
0.0423181
0.0409673
0.0396544
0.0383785
0.0371387
0.0359342
0.0347641
0.0336276
0.0325239
0.031452
0.0304114
0.0294011
0.0284204
0.0274686
0.0265449
0.0256486
0.024779
0.0239355
0.0231173
0.0223237
0.0215543
0.0208082
0.020085
0.0193839
0.0187044
0.018046
0.0174081
0.01679
0.0161914
0.0156116
0.0150502
0.0145066
0.0139804
0.013471
0.0129781
0.0125011
0.0120396
0.0115933
0.0111615
0.010744
0.0103404
0.00995016
0.00957299
0.00920851
0.00885634
0.00851613
0.00818752
0.00787017
0.00756376
0.00726795
0.00698243
0.0067069
0.00644105
0.00618458
0.00593722
0.00569868
0.0054687
0.005247
0.00503332
0.00482743
0.00462907
0.00443799
0.00425399
0.00407681
0.00390625
0.00374209
0.00358412
0.00343214
0.00328595
0.00314536
0.00301018
0.00288022
0.00275533
0.00263531
0.00252001
0.00240926
0.0023029
0.00220079
0.00210277
0.0020087
0.00191844
0.00183186
0.00174881
0.00166918
0.00159284
0.00151967
0.00144956
0.00138238
0.00131804
0.00125642
0.00119743
0.00114096
0.00108692
0.00103521
0.000985754
0.000938453
0.000893227
0.000849994
0.000808676
0.000769197
0.000731483
0.000695465
0.000661073
0.000628242
0.000596909
0.00056701
0.000538489
0.000511287
0.000485349
0.000460623
0.000437058
0.000414603
0.000393212
0.00037284
0.000353442
0.000334976
0.000317402
0.00030068
0.000284772
0.000269644
0.00025526
0.000241587
0.000228592
0.000216246
0.000204518
0.00019338
0.000182806
0.000172769
0.000163244
0.000154208
0.000145636
0.000137508
0.000129803
0.0001225
0.00011558
0.000109024
0.000102815
9.69359e-05
9.13708e-05
8.61041e-05
8.11211e-05
7.64076e-05
7.19503e-05
6.77362e-05
6.37532e-05
5.99894e-05
5.64338e-05
5.30757e-05
4.9905e-05
4.69118e-05
4.40872e-05
4.14221e-05
3.89083e-05
3.65379e-05
3.43031e-05
3.21969e-05
3.02122e-05
2.83427e-05
2.6582e-05
2.49244e-05
2.3364e-05
2.18958e-05
2.05145e-05
1.92153e-05
1.79938e-05
1.68455e-05
1.57665e-05
1.47526e-05
1.38004e-05
1.29062e-05
1.20669e-05
1.12791e-05
1.054e-05
9.8467e-06
9.19659e-06
8.58712e-06
8.01591e-06
7.48071e-06
6.97938e-06
6.50991e-06
6.07039e-06
5.65903e-06
5.27413e-06
4.91409e-06
4.57739e-06
4.26261e-06
3.9684e-06
3.6935e-06
3.43671e-06
3.1969e-06
2.97302e-06
2.76406e-06
2.56908e-06
2.38721e-06
2.2176e-06
2.05948e-06
1.91211e-06
1.7748e-06
1.64689e-06
1.52777e-06
1.41689e-06
1.31368e-06
1.21766e-06
1.12834e-06
1.04528e-06
9.68066e-07
8.96306e-07
8.29633e-07
7.67706e-07
7.10202e-07
6.56821e-07
6.07282e-07
5.61322e-07
5.18694e-07
4.79168e-07
4.42529e-07
4.08577e-07
3.77123e-07
3.47991e-07
3.21019e-07
2.96054e-07
2.72952e-07
2.51582e-07
2.31819e-07
2.13547e-07
1.9666e-07
1.81056e-07
1.66643e-07
1.53333e-07
1.41046e-07
1.29706e-07
1.19244e-07
1.09594e-07
1.00696e-07
9.24939e-08
8.49355e-08
7.79723e-08
7.15594e-08
6.5655e-08
6.02204e-08
5.52197e-08
5.06198e-08
4.63897e-08
4.25009e-08
3.8927e-08
3.56435e-08
3.26277e-08
2.98588e-08
2.73173e-08
2.49854e-08
2.28465e-08
2.08854e-08
1.9088e-08
1.74414e-08
1.59336e-08
1.45536e-08
1.32914e-08
1.21378e-08
1.10842e-08
1.01231e-08
9.24739e-09
8.45079e-09
7.72766e-09
7.07298e-09
6.48234e-09
5.95197e-09
5.47869e-09
5.05996e-09
4.69384e-09
4.37905e-09
4.11496e-09
3.90157e-09
3.7395e-09
3.62993e-09
3.57437e-09
0.20581
0.217048
0.228624
0.239818
0.25047
0.260592
0.270184
0.279241
0.287764
0.29576
0.303238
0.31021
0.316685
0.322675
0.328192
0.333245
0.337845
0.342002
0.345728
0.349031
0.351923
0.354412
0.35651
0.358227
0.359572
0.360558
0.361194
0.361491
0.361461
0.361119
0.360468
0.359523
0.358295
0.356796
0.355038
0.353031
0.350788
0.34832
0.345639
0.342755
0.339681
0.336426
0.333003
0.329421
0.325692
0.321826
0.317833
0.313723
0.309506
0.305191
0.300788
0.296306
0.291753
0.287138
0.282469
0.277755
0.273001
0.268217
0.26341
0.258584
0.253749
0.248909
0.24407
0.239238
0.234419
0.229617
0.224837
0.220084
0.215361
0.210674
0.206025
0.201418
0.196856
0.192342
0.18788
0.18347
0.179117
0.174821
0.170585
0.16641
0.162299
0.158251
0.154269
0.150353
0.146504
0.142724
0.139011
0.135368
0.131793
0.128288
0.124853
0.121486
0.118189
0.11496
0.111801
0.108709
0.105685
0.102728
0.0998382
0.0970138
0.0942547
0.0915599
0.0889288
0.0863604
0.0838539
0.0814083
0.0790228
0.0766964
0.0744281
0.0722169
0.0700618
0.0679618
0.0659159
0.063923
0.0619822
0.0600923
0.0582524
0.0564614
0.0547183
0.0530221
0.0513718
0.0497664
0.0482048
0.0466862
0.0452094
0.0437737
0.0423779
0.0410213
0.0397028
0.0384216
0.0371767
0.0359674
0.0347927
0.0336517
0.0325438
0.0314679
0.0304234
0.0294095
0.0284254
0.0274703
0.0265435
0.0256443
0.0247719
0.0239257
0.0231051
0.0223092
0.0215376
0.0207895
0.0200643
0.0193615
0.0186804
0.0180204
0.017381
0.0167617
0.0161619
0.015581
0.0150186
0.0144741
0.013947
0.013437
0.0129434
0.0124659
0.0120039
0.0115572
0.0111251
0.0107073
0.0103035
0.00991313
0.00953588
0.00917138
0.00881924
0.0084791
0.00815061
0.00783343
0.00752723
0.00723167
0.00694643
0.00667122
0.00640571
0.00614962
0.00590266
0.00566455
0.00543502
0.00521379
0.00500061
0.00479522
0.00459738
0.00440684
0.00422338
0.00404677
0.00387677
0.00371319
0.0035558
0.00340441
0.00325881
0.00311881
0.00298423
0.00285487
0.00273057
0.00261115
0.00249644
0.00238629
0.00228052
0.00217899
0.00208155
0.00198806
0.00189836
0.00181234
0.00172985
0.00165077
0.00157497
0.00150233
0.00143273
0.00136607
0.00130224
0.00124112
0.00118261
0.00112662
0.00107305
0.0010218
0.000972787
0.000925925
0.000881126
0.000838311
0.000797401
0.00075832
0.000720994
0.000685354
0.00065133
0.000618857
0.000587871
0.000558311
0.000530118
0.000503236
0.000477608
0.000453182
0.000429908
0.000407736
0.000386619
0.000366512
0.00034737
0.000329152
0.000311817
0.000295327
0.000279644
0.000264732
0.000250556
0.000237084
0.000224284
0.000212124
0.000200577
0.000189613
0.000179206
0.00016933
0.000159959
0.000151072
0.000142644
0.000134653
0.00012708
0.000119903
0.000113105
0.000106666
0.000100569
9.47971e-05
8.93348e-05
8.41666e-05
7.92779e-05
7.46548e-05
7.02839e-05
6.61525e-05
6.22484e-05
5.85602e-05
5.50768e-05
5.17876e-05
4.86827e-05
4.57524e-05
4.29876e-05
4.03797e-05
3.79205e-05
3.56019e-05
3.34167e-05
3.13576e-05
2.94178e-05
2.7591e-05
2.5871e-05
2.4252e-05
2.27284e-05
2.12951e-05
1.99469e-05
1.86793e-05
1.74877e-05
1.63679e-05
1.53157e-05
1.43275e-05
1.33995e-05
1.25283e-05
1.17107e-05
1.09436e-05
1.0224e-05
9.54917e-06
8.91654e-06
8.32362e-06
7.76805e-06
7.24764e-06
6.76028e-06
6.30401e-06
5.87696e-06
5.47736e-06
5.10356e-06
4.754e-06
4.42718e-06
4.12171e-06
3.83628e-06
3.56965e-06
3.32064e-06
3.08817e-06
2.87118e-06
2.66872e-06
2.47985e-06
2.30372e-06
2.13951e-06
1.98646e-06
1.84385e-06
1.71101e-06
1.58729e-06
1.47212e-06
1.36493e-06
1.26519e-06
1.17241e-06
1.08614e-06
1.00593e-06
9.31385e-07
8.62124e-07
7.97791e-07
7.38052e-07
6.82595e-07
6.31128e-07
5.83377e-07
5.39088e-07
4.9802e-07
4.59951e-07
4.24673e-07
3.91989e-07
3.61719e-07
3.33691e-07
3.07748e-07
2.83741e-07
2.61532e-07
2.40994e-07
2.22005e-07
2.04453e-07
1.88236e-07
1.73255e-07
1.59422e-07
1.4665e-07
1.34863e-07
1.23988e-07
1.13957e-07
1.04708e-07
9.61815e-08
8.8324e-08
8.10851e-08
7.4418e-08
6.82795e-08
6.26292e-08
5.743e-08
5.26473e-08
4.8249e-08
4.42055e-08
4.04893e-08
3.70749e-08
3.39389e-08
3.10595e-08
2.84165e-08
2.59913e-08
2.37669e-08
2.17273e-08
1.98578e-08
1.81452e-08
1.65768e-08
1.51413e-08
1.38283e-08
1.26282e-08
1.1532e-08
1.05319e-08
9.62064e-09
8.79155e-09
8.03878e-09
7.3571e-09
6.74192e-09
6.18929e-09
5.69589e-09
5.25906e-09
4.87678e-09
4.5477e-09
4.27119e-09
4.04729e-09
3.87673e-09
3.76093e-09
3.70188e-09
0.206235
0.218047
0.22967
0.240931
0.251723
0.26201
0.271778
0.281017
0.28973
0.297919
0.305595
0.312765
0.31944
0.32563
0.331345
0.336596
0.341392
0.345743
0.349658
0.353148
0.356221
0.358888
0.361159
0.363042
0.364549
0.36569
0.366475
0.366915
0.367021
0.366809
0.366283
0.365453
0.364334
0.362936
0.361272
0.359352
0.357188
0.354793
0.352176
0.34935
0.346326
0.343115
0.339727
0.336175
0.332468
0.328618
0.324634
0.320527
0.316306
0.311982
0.307564
0.30306
0.298481
0.293834
0.289128
0.284372
0.279572
0.274738
0.269875
0.264991
0.260093
0.255187
0.250279
0.245375
0.24048
0.2356
0.23074
0.225905
0.221098
0.216325
0.211588
0.206892
0.20224
0.197635
0.19308
0.188578
0.184131
0.179741
0.175411
0.171142
0.166936
0.162794
0.158718
0.154709
0.150767
0.146893
0.143089
0.139354
0.135689
0.132095
0.12857
0.125116
0.121732
0.118418
0.115174
0.111999
0.108893
0.105855
0.102885
0.0999828
0.0971467
0.0943764
0.091671
0.0890297
0.0864517
0.0839361
0.0814818
0.079088
0.0767537
0.074478
0.0722596
0.0700978
0.0679914
0.0659394
0.0639407
0.0619943
0.0600992
0.0582544
0.0564587
0.0547111
0.0530107
0.0513564
0.0497471
0.048182
0.0466599
0.04518
0.0437412
0.0423426
0.0409833
0.0396623
0.0383787
0.0371317
0.0359203
0.0347436
0.0336009
0.0324913
0.031414
0.0303681
0.0293529
0.0283676
0.0274114
0.0264837
0.0255836
0.0247105
0.0238637
0.0230425
0.0222461
0.0214741
0.0207257
0.0200003
0.0192974
0.0186162
0.0179562
0.0173169
0.0166977
0.0160981
0.0155175
0.0149553
0.0144112
0.0138846
0.013375
0.0128819
0.0124049
0.0119436
0.0114974
0.011066
0.0106489
0.0102458
0.00985615
0.00947968
0.00911597
0.00876465
0.00842534
0.00809771
0.0077814
0.00747608
0.00718142
0.00689709
0.00662279
0.00635821
0.00610306
0.00585704
0.00561987
0.00539127
0.00517099
0.00495875
0.0047543
0.0045574
0.0043678
0.00418527
0.00400958
0.0038405
0.00367783
0.00352135
0.00337085
0.00322613
0.00308701
0.00295329
0.00282479
0.00270133
0.00258274
0.00246885
0.0023595
0.00225452
0.00215377
0.00205709
0.00196435
0.00187539
0.00179008
0.0017083
0.00162991
0.00155478
0.00148281
0.00141386
0.00134783
0.00128461
0.00122409
0.00116618
0.00111076
0.00105774
0.00100704
0.000958556
0.000912208
0.000867911
0.000825582
0.000785145
0.000746523
0.000709643
0.000674435
0.000640831
0.000608765
0.000578173
0.000548996
0.000521173
0.000494648
0.000469366
0.000445275
0.000422325
0.000400465
0.00037965
0.000359834
0.000340974
0.000323028
0.000305955
0.000289717
0.000274277
0.000259599
0.000245649
0.000232394
0.000219802
0.000207844
0.00019649
0.000185712
0.000175483
0.000165778
0.000156572
0.000147842
0.000139566
0.000131721
0.000124286
0.000117243
0.000110573
0.000104256
9.82762e-05
9.26167e-05
8.72618e-05
8.21962e-05
7.74057e-05
7.28763e-05
6.85949e-05
6.45491e-05
6.07267e-05
5.71165e-05
5.37074e-05
5.04892e-05
4.74519e-05
4.45861e-05
4.18828e-05
3.93334e-05
3.69298e-05
3.46643e-05
3.25295e-05
3.05184e-05
2.86243e-05
2.68409e-05
2.51621e-05
2.35822e-05
2.20959e-05
2.06978e-05
1.93832e-05
1.81474e-05
1.69859e-05
1.58947e-05
1.48696e-05
1.3907e-05
1.30034e-05
1.21552e-05
1.13594e-05
1.06129e-05
9.91277e-06
9.25641e-06
8.64121e-06
8.06476e-06
7.52476e-06
7.01904e-06
6.54556e-06
6.10238e-06
5.68768e-06
5.29973e-06
4.93692e-06
4.5977e-06
4.28064e-06
3.98436e-06
3.70758e-06
3.44909e-06
3.20775e-06
2.98248e-06
2.77228e-06
2.57618e-06
2.3933e-06
2.2228e-06
2.06387e-06
1.91578e-06
1.77782e-06
1.64935e-06
1.52973e-06
1.4184e-06
1.31481e-06
1.21844e-06
1.12882e-06
1.04551e-06
9.68069e-07
8.96117e-07
8.29281e-07
7.67215e-07
7.09595e-07
6.56119e-07
6.06502e-07
5.6048e-07
5.17804e-07
4.78243e-07
4.41579e-07
4.07611e-07
3.76149e-07
3.47018e-07
3.20052e-07
2.95097e-07
2.72011e-07
2.5066e-07
2.30919e-07
2.12671e-07
1.9581e-07
1.80235e-07
1.6585e-07
1.5257e-07
1.40313e-07
1.29004e-07
1.18572e-07
1.08953e-07
1.00085e-07
9.19125e-08
8.4383e-08
7.7448e-08
7.10625e-08
6.51847e-08
5.97758e-08
5.48e-08
5.0224e-08
4.60169e-08
4.21501e-08
3.85973e-08
3.5334e-08
3.23375e-08
2.95869e-08
2.7063e-08
2.47477e-08
2.26248e-08
2.06788e-08
1.88959e-08
1.72632e-08
1.57687e-08
1.44015e-08
1.31517e-08
1.20101e-08
1.09684e-08
1.0019e-08
9.155e-09
8.37033e-09
7.65949e-09
7.01768e-09
6.44077e-09
5.92528e-09
5.4684e-09
5.06802e-09
4.72276e-09
4.43196e-09
4.19575e-09
4.01506e-09
3.89164e-09
3.82825e-09
0.206457
0.21865
0.230384
0.241704
0.25258
0.262976
0.27287
0.282253
0.291122
0.299478
0.307328
0.31468
0.32154
0.327919
0.333825
0.339266
0.344252
0.348792
0.352894
0.356567
0.35982
0.362663
0.365104
0.367154
0.368822
0.370119
0.371054
0.371637
0.371881
0.371798
0.3714
0.370689
0.36968
0.368387
0.36682
0.36499
0.36291
0.360591
0.358043
0.35528
0.352311
0.349149
0.345804
0.342287
0.338609
0.334781
0.330813
0.326715
0.322499
0.318173
0.313746
0.30923
0.304632
0.299962
0.295228
0.290438
0.285601
0.280725
0.275816
0.270882
0.265931
0.260968
0.256
0.251033
0.246072
0.241124
0.236193
0.231285
0.226403
0.221552
0.216737
0.211961
0.207228
0.20254
0.197902
0.193316
0.188784
0.184309
0.179893
0.175538
0.171246
0.167018
0.162856
0.158761
0.154733
0.150775
0.146886
0.143067
0.139319
0.135642
0.132036
0.1285
0.125036
0.121643
0.118321
0.115069
0.111887
0.108775
0.105731
0.102756
0.0998491
0.0970087
0.0942344
0.0915256
0.0888812
0.0863005
0.0837824
0.0813261
0.0789305
0.0765946
0.0743175
0.0720982
0.0699355
0.0678284
0.0657759
0.063777
0.0618305
0.0599354
0.0580907
0.0562953
0.0545481
0.0528482
0.0511945
0.049586
0.0480217
0.0465006
0.0450216
0.0435839
0.0421864
0.0408283
0.0395085
0.0382263
0.0369806
0.0357706
0.0345954
0.0334542
0.0323461
0.0312704
0.0302261
0.0292125
0.0282289
0.0272745
0.0263485
0.0254502
0.0245789
0.0237339
0.0229145
0.02212
0.0213498
0.0206033
0.0198798
0.0191787
0.0184995
0.0178414
0.0172041
0.0165868
0.0159891
0.0154104
0.0148502
0.014308
0.0137834
0.0132757
0.0127845
0.0123095
0.01185
0.0114058
0.0109763
0.0105611
0.0101599
0.00977212
0.00939751
0.00903564
0.00868614
0.00834865
0.00802282
0.00770829
0.00740473
0.00711181
0.00682921
0.00655661
0.00629371
0.00604021
0.00579582
0.00556027
0.00533326
0.00511454
0.00490384
0.00470091
0.0045055
0.00431737
0.00413628
0.003962
0.00379432
0.00363301
0.00347786
0.00332867
0.00318524
0.00304738
0.00291489
0.00278759
0.00266531
0.00254787
0.00243511
0.00232685
0.00222295
0.00212324
0.00202759
0.00193584
0.00184785
0.0017635
0.00168263
0.00160514
0.00153089
0.00145976
0.00139164
0.00132642
0.00126398
0.00120422
0.00114703
0.00109233
0.00104001
0.000989975
0.000942144
0.000896427
0.000852741
0.000811004
0.00077114
0.000733073
0.000696729
0.00066204
0.000628937
0.000597355
0.000567232
0.000538506
0.000511119
0.000485015
0.000460139
0.000436439
0.000413866
0.00039237
0.000371905
0.000352426
0.000333891
0.000316256
0.000299484
0.000283535
0.000268372
0.000253961
0.000240268
0.000227259
0.000214903
0.000203172
0.000192035
0.000181466
0.000171437
0.000161924
0.000152902
0.000144348
0.00013624
0.000128556
0.000121276
0.000114381
0.000107851
0.000101669
9.58186e-05
9.02824e-05
8.50451e-05
8.00919e-05
7.54086e-05
7.09815e-05
6.67978e-05
6.2845e-05
5.91114e-05
5.55857e-05
5.22572e-05
4.91157e-05
4.61514e-05
4.3355e-05
4.07179e-05
3.82314e-05
3.58876e-05
3.3679e-05
3.15982e-05
2.96384e-05
2.7793e-05
2.60558e-05
2.4421e-05
2.28828e-05
2.14359e-05
2.00753e-05
1.87962e-05
1.7594e-05
1.64644e-05
1.54034e-05
1.44069e-05
1.34713e-05
1.25932e-05
1.17693e-05
1.09963e-05
1.02714e-05
9.59173e-06
8.95466e-06
8.35768e-06
7.79843e-06
7.27465e-06
6.78424e-06
6.3252e-06
5.89563e-06
5.49376e-06
5.1179e-06
4.76648e-06
4.43798e-06
4.131e-06
3.84422e-06
3.57637e-06
3.32628e-06
3.09284e-06
2.87499e-06
2.67176e-06
2.48221e-06
2.30548e-06
2.14075e-06
1.98724e-06
1.84422e-06
1.71103e-06
1.58702e-06
1.47159e-06
1.36418e-06
1.26425e-06
1.17132e-06
1.08492e-06
1.00461e-06
9.29989e-07
8.60669e-07
7.96292e-07
7.36525e-07
6.81052e-07
6.29581e-07
5.81836e-07
5.3756e-07
4.96514e-07
4.58472e-07
4.23225e-07
3.90578e-07
3.60347e-07
3.32361e-07
3.06462e-07
2.82501e-07
2.60339e-07
2.39847e-07
2.20906e-07
2.03402e-07
1.87231e-07
1.72297e-07
1.58509e-07
1.45782e-07
1.34039e-07
1.23206e-07
1.13216e-07
1.04007e-07
9.55188e-08
8.76983e-08
8.04949e-08
7.38618e-08
6.77559e-08
6.21368e-08
5.69673e-08
5.22129e-08
4.78415e-08
4.38236e-08
4.01318e-08
3.67405e-08
3.36264e-08
3.07676e-08
2.81443e-08
2.57377e-08
2.35309e-08
2.15079e-08
1.96543e-08
1.79566e-08
1.64026e-08
1.49808e-08
1.36809e-08
1.24934e-08
1.14095e-08
1.04215e-08
9.52215e-09
8.70506e-09
7.96454e-09
7.29556e-09
6.69378e-09
6.15557e-09
5.67798e-09
5.25881e-09
4.8966e-09
4.59074e-09
4.34146e-09
4.14993e-09
4.01836e-09
3.95028e-09
0.206556
0.219007
0.230883
0.242275
0.253208
0.263667
0.273641
0.283122
0.292105
0.300592
0.308586
0.316091
0.323114
0.329661
0.335739
0.341354
0.346516
0.35123
0.355506
0.359351
0.362773
0.365782
0.368386
0.370593
0.372415
0.373859
0.374937
0.375658
0.376034
0.376073
0.3758
0.375203
0.374302
0.37311
0.371638
0.369897
0.367899
0.365655
0.363178
0.360477
0.357565
0.354453
0.351152
0.347673
0.344027
0.340225
0.336277
0.332194
0.327986
0.323663
0.319235
0.314712
0.310102
0.305415
0.30066
0.295845
0.290978
0.286068
0.281122
0.276147
0.27115
0.26614
0.261121
0.2561
0.251083
0.246076
0.241084
0.236112
0.231165
0.226247
0.221363
0.216517
0.211713
0.206953
0.202241
0.19758
0.192974
0.188423
0.183931
0.1795
0.175132
0.170827
0.166589
0.162417
0.158314
0.154279
0.150315
0.146421
0.142599
0.138848
0.135168
0.131561
0.128025
0.124561
0.121169
0.117848
0.114598
0.111418
0.108309
0.105268
0.102297
0.0993935
0.0965573
0.0937876
0.0910835
0.0884441
0.0858685
0.0833558
0.080905
0.078515
0.0761848
0.0739136
0.0717001
0.0695433
0.0674422
0.0653958
0.0634029
0.0614624
0.0595734
0.0577348
0.0559454
0.0542043
0.0525104
0.0508627
0.0492601
0.0477016
0.0461863
0.0447132
0.0432812
0.0418894
0.040537
0.0392228
0.0379461
0.0367058
0.0355012
0.0343314
0.0331955
0.0320926
0.031022
0.0299828
0.0289743
0.0279957
0.0270461
0.026125
0.0252314
0.0243648
0.0235245
0.0227096
0.0219197
0.021154
0.0204119
0.0196927
0.0189959
0.0183208
0.0176669
0.0170337
0.0164204
0.0158267
0.0152519
0.0146955
0.0141571
0.0136361
0.0131321
0.0126446
0.0121731
0.0117171
0.0112763
0.0108501
0.0104383
0.0100403
0.0096557
0.00928422
0.00892542
0.00857894
0.00824441
0.00792147
0.00760979
0.00730902
0.00701883
0.0067389
0.00646893
0.0062086
0.00595761
0.00571569
0.00548254
0.00525788
0.00504147
0.00483302
0.00463228
0.00443902
0.00425299
0.00407394
0.00390167
0.00373593
0.00357652
0.00342323
0.00327585
0.00313418
0.00299803
0.00286721
0.00274154
0.00262084
0.00250494
0.00239367
0.00228687
0.00218439
0.00208606
0.00199174
0.00190129
0.00181456
0.00173142
0.00165175
0.0015754
0.00150226
0.00143222
0.00136514
0.00130093
0.00123947
0.00118066
0.0011244
0.00107058
0.00101912
0.000969922
0.000922894
0.000877953
0.000835017
0.000794004
0.000754839
0.000717446
0.000681753
0.00064769
0.000615192
0.000584193
0.000554631
0.000526446
0.000499579
0.000473976
0.000449583
0.000426347
0.00040422
0.000383153
0.000363101
0.000344018
0.000325863
0.000308594
0.000292172
0.000276559
0.00026172
0.000247618
0.000234222
0.000221497
0.000209415
0.000197944
0.000187058
0.000176728
0.000166928
0.000157634
0.000148822
0.000140469
0.000132552
0.000125052
0.000117947
0.000111219
0.000104849
9.88192e-05
9.31137e-05
8.77162e-05
8.26111e-05
7.7784e-05
7.32208e-05
6.89082e-05
6.48334e-05
6.09844e-05
5.73496e-05
5.3918e-05
5.06789e-05
4.76225e-05
4.47391e-05
4.20196e-05
3.94555e-05
3.70384e-05
3.47605e-05
3.26144e-05
3.0593e-05
2.86895e-05
2.68976e-05
2.52111e-05
2.36242e-05
2.21315e-05
2.07278e-05
1.9408e-05
1.81675e-05
1.70019e-05
1.5907e-05
1.48786e-05
1.39131e-05
1.30068e-05
1.21564e-05
1.13585e-05
1.06103e-05
9.90865e-06
9.25098e-06
8.63467e-06
8.05727e-06
7.51648e-06
7.0101e-06
6.53609e-06
6.0925e-06
5.67749e-06
5.28932e-06
4.92637e-06
4.58707e-06
4.27e-06
3.97376e-06
3.69707e-06
3.43871e-06
3.19753e-06
2.97246e-06
2.76247e-06
2.56662e-06
2.384e-06
2.21376e-06
2.05512e-06
1.90732e-06
1.76966e-06
1.64148e-06
1.52216e-06
1.41113e-06
1.30783e-06
1.21176e-06
1.12243e-06
1.0394e-06
9.62242e-07
8.90563e-07
8.23992e-07
7.62185e-07
7.04816e-07
6.51581e-07
6.02199e-07
5.56402e-07
5.13943e-07
4.7459e-07
4.38127e-07
4.04351e-07
3.73073e-07
3.44117e-07
3.17318e-07
2.92523e-07
2.69589e-07
2.48382e-07
2.28778e-07
2.10661e-07
1.93924e-07
1.78465e-07
1.64192e-07
1.51017e-07
1.38859e-07
1.27643e-07
1.173e-07
1.07764e-07
9.89744e-08
9.08757e-08
8.34156e-08
7.65459e-08
7.02217e-08
6.44015e-08
5.90467e-08
5.41216e-08
4.9593e-08
4.54304e-08
4.16053e-08
3.80914e-08
3.48646e-08
3.19022e-08
2.91835e-08
2.66894e-08
2.44021e-08
2.23052e-08
2.03837e-08
1.86237e-08
1.70125e-08
1.55382e-08
1.41901e-08
1.29584e-08
1.1834e-08
1.08088e-08
9.87536e-09
9.02699e-09
8.25778e-09
7.56249e-09
6.93659e-09
6.37629e-09
5.8785e-09
5.44093e-09
5.06207e-09
4.74135e-09
4.4791e-09
4.2768e-09
4.1371e-09
4.06433e-09
0.206624
0.219242
0.231236
0.242697
0.253673
0.264171
0.274192
0.283734
0.292797
0.301379
0.309483
0.317112
0.324269
0.330957
0.337182
0.342949
0.348265
0.353134
0.357564
0.361562
0.365136
0.368294
0.371043
0.373393
0.375353
0.376931
0.378139
0.378985
0.37948
0.379634
0.379468
0.37898
0.378177
0.377078
0.375693
0.374034
0.372113
0.36994
0.367527
0.364886
0.362028
0.358964
0.355705
0.352263
0.348649
0.344874
0.340947
0.336881
0.332684
0.328368
0.323942
0.319416
0.3148
0.310102
0.305331
0.300497
0.295607
0.290671
0.285694
0.280686
0.275654
0.270604
0.265543
0.260477
0.255414
0.250357
0.245314
0.240289
0.235287
0.230313
0.225371
0.220466
0.215601
0.210779
0.206005
0.201281
0.19661
0.191995
0.187438
0.182942
0.178508
0.174138
0.169834
0.165596
0.161428
0.157328
0.153299
0.14934
0.145454
0.141639
0.137896
0.134226
0.130628
0.127103
0.12365
0.12027
0.11696
0.113723
0.110556
0.107459
0.104432
0.101474
0.0985841
0.0957616
0.0930056
0.0903153
0.0876898
0.085128
0.0826292
0.0801921
0.0778159
0.0754995
0.0732418
0.0710418
0.0688985
0.0668107
0.0647774
0.0627975
0.0608699
0.0589936
0.0571674
0.0553904
0.0536615
0.0519796
0.0503437
0.0487528
0.0472058
0.0457018
0.0442397
0.0428186
0.0414375
0.0400956
0.0387917
0.0375252
0.0362949
0.0351001
0.0339399
0.0328134
0.0317198
0.0306582
0.0296279
0.0286281
0.0276581
0.0267169
0.025804
0.0249185
0.0240598
0.0232272
0.02242
0.0216375
0.0208791
0.0201441
0.0194319
0.018742
0.0180737
0.0174263
0.0167995
0.0161926
0.015605
0.0150363
0.0144858
0.0139532
0.0134379
0.0129395
0.0124574
0.0119911
0.0115404
0.0111046
0.0106834
0.0102764
0.00988315
0.00950324
0.00913628
0.00878191
0.00843975
0.00810943
0.00779062
0.00748295
0.0071861
0.00689974
0.00662355
0.00635721
0.00610043
0.0058529
0.00561435
0.00538448
0.00516303
0.00494973
0.00474432
0.00454654
0.00435615
0.00417291
0.00399659
0.00382696
0.0036638
0.00350689
0.00335602
0.003211
0.00307162
0.0029377
0.00280904
0.00268547
0.0025668
0.00245288
0.00234352
0.00223858
0.00213789
0.0020413
0.00194867
0.00185985
0.0017747
0.0016931
0.0016149
0.00153999
0.00146824
0.00139953
0.00133375
0.00127079
0.00121054
0.0011529
0.00109776
0.00104503
0.000994617
0.000946428
0.000900376
0.000856376
0.000814346
0.000774207
0.000735883
0.0006993
0.000664387
0.000631076
0.0005993
0.000568996
0.000540102
0.000512559
0.00048631
0.0004613
0.000437476
0.000414788
0.000393186
0.000372623
0.000353054
0.000334436
0.000316725
0.000299883
0.00028387
0.000268649
0.000254185
0.000240442
0.00022739
0.000214994
0.000203227
0.000192058
0.000181459
0.000171404
0.000161868
0.000152825
0.000144253
0.000136129
0.000128432
0.00012114
0.000114234
0.000107696
0.000101507
9.56508e-05
9.01099e-05
8.48692e-05
7.99135e-05
7.52286e-05
7.08008e-05
6.66171e-05
6.26649e-05
5.89325e-05
5.54085e-05
5.20822e-05
4.89432e-05
4.59819e-05
4.31888e-05
4.05551e-05
3.80723e-05
3.57324e-05
3.35278e-05
3.14512e-05
2.94956e-05
2.76546e-05
2.59217e-05
2.42912e-05
2.27574e-05
2.13149e-05
1.99587e-05
1.86839e-05
1.74859e-05
1.63605e-05
1.53035e-05
1.43111e-05
1.33795e-05
1.25053e-05
1.16851e-05
1.09158e-05
1.01944e-05
9.51823e-06
8.88452e-06
8.29079e-06
7.73468e-06
7.21395e-06
6.72647e-06
6.27024e-06
5.8434e-06
5.44414e-06
5.0708e-06
4.72178e-06
4.3956e-06
4.09084e-06
3.80617e-06
3.54035e-06
3.2922e-06
3.06061e-06
2.84453e-06
2.64299e-06
2.45505e-06
2.27985e-06
2.11657e-06
1.96444e-06
1.82274e-06
1.6908e-06
1.56798e-06
1.45367e-06
1.34732e-06
1.24841e-06
1.15644e-06
1.07094e-06
9.91489e-07
9.17676e-07
8.4912e-07
7.85465e-07
7.26379e-07
6.71549e-07
6.20683e-07
5.73508e-07
5.2977e-07
4.89229e-07
4.51663e-07
4.16864e-07
3.84637e-07
3.548e-07
3.27186e-07
3.01634e-07
2.78e-07
2.56144e-07
2.35939e-07
2.17266e-07
2.00014e-07
1.84078e-07
1.69365e-07
1.55782e-07
1.43248e-07
1.31684e-07
1.21019e-07
1.11186e-07
1.02123e-07
9.37711e-08
8.60777e-08
7.89927e-08
7.24699e-08
6.64667e-08
6.09432e-08
5.58626e-08
5.11909e-08
4.68965e-08
4.295e-08
3.93245e-08
3.5995e-08
3.29381e-08
3.01326e-08
2.75586e-08
2.51978e-08
2.30336e-08
2.10501e-08
1.92333e-08
1.75698e-08
1.60476e-08
1.46556e-08
1.33835e-08
1.22221e-08
1.11629e-08
1.01982e-08
9.32119e-09
8.52568e-09
7.80625e-09
7.1582e-09
6.57756e-09
6.06115e-09
5.60658e-09
5.21231e-09
4.87778e-09
4.60347e-09
4.3911e-09
4.24379e-09
4.16663e-09
0.206675
0.219402
0.231485
0.243004
0.254013
0.264536
0.274584
0.284163
0.293276
0.301924
0.310109
0.317831
0.325092
0.331893
0.338238
0.344129
0.349572
0.35457
0.35913
0.363257
0.366959
0.370242
0.373115
0.375586
0.377663
0.379356
0.380674
0.381627
0.382224
0.382477
0.382401
0.382007
0.38129
0.380271
0.378962
0.377374
0.375519
0.373407
0.371051
0.368462
0.365651
0.36263
0.35941
0.356002
0.352417
0.348666
0.34476
0.34071
0.336525
0.332217
0.327795
0.323269
0.318649
0.313944
0.309163
0.304315
0.299408
0.294452
0.289452
0.284419
0.279358
0.274277
0.269183
0.264082
0.258981
0.253886
0.248801
0.243733
0.238687
0.233668
0.228679
0.223725
0.218811
0.213939
0.209114
0.204339
0.199616
0.194948
0.190339
0.185789
0.181301
0.176877
0.172519
0.168228
0.164006
0.159852
0.15577
0.151758
0.147819
0.143951
0.140157
0.136435
0.132786
0.129211
0.125708
0.122278
0.11892
0.115634
0.11242
0.109277
0.106204
0.103201
0.100266
0.0974002
0.0946014
0.091869
0.0892022
0.0865999
0.0840613
0.0815853
0.079171
0.0768172
0.0745229
0.0722872
0.0701088
0.0679868
0.06592
0.0639074
0.0619479
0.0600403
0.0581837
0.056377
0.054619
0.0529088
0.0512453
0.0496274
0.0480541
0.0465245
0.0450374
0.043592
0.0421873
0.0408222
0.0394959
0.0382074
0.0369559
0.0357403
0.0345599
0.0334138
0.0323011
0.031221
0.0301727
0.0291553
0.0281681
0.0272104
0.0262813
0.0253802
0.0245063
0.0236589
0.0228373
0.0220408
0.0212689
0.0205207
0.0197958
0.0190935
0.0184131
0.0177542
0.017116
0.0164981
0.0158999
0.0153208
0.0147604
0.0142181
0.0136934
0.0131859
0.0126949
0.0122202
0.0117611
0.0113174
0.0108884
0.0104739
0.0100734
0.00968643
0.00931268
0.00895173
0.0086032
0.00826673
0.00794197
0.00762855
0.00732614
0.00703441
0.00675303
0.00648168
0.00622006
0.00596786
0.0057248
0.00549058
0.00526492
0.00504756
0.00483824
0.00463669
0.00444266
0.00425592
0.00407621
0.00390332
0.00373702
0.00357709
0.00342331
0.00327549
0.00313341
0.00299689
0.00286573
0.00273975
0.00261877
0.00250261
0.00239112
0.00228412
0.00218145
0.00208296
0.0019885
0.00189793
0.0018111
0.00172788
0.00164813
0.00157173
0.00149855
0.00142847
0.00136137
0.00129715
0.00123569
0.00117689
0.00112064
0.00106685
0.00101542
0.000966254
0.000919268
0.000874375
0.00083149
0.000790533
0.000751426
0.000714095
0.000678467
0.000644471
0.000612042
0.000581114
0.000551623
0.000523511
0.000496718
0.00047119
0.000446871
0.00042371
0.000401658
0.000380665
0.000360687
0.000341678
0.000323595
0.000306399
0.000290048
0.000274506
0.000259735
0.000245702
0.000232372
0.000219713
0.000207695
0.000196287
0.000185462
0.000175192
0.000165451
0.000156214
0.000147457
0.000139158
0.000131294
0.000123844
0.000116789
0.000110108
0.000103785
9.78005e-05
9.21386e-05
8.67831e-05
8.17188e-05
7.69309e-05
7.24057e-05
6.81296e-05
6.40902e-05
6.02752e-05
5.66731e-05
5.32729e-05
5.00641e-05
4.70367e-05
4.41812e-05
4.14886e-05
3.89502e-05
3.65578e-05
3.43036e-05
3.21802e-05
3.01805e-05
2.82978e-05
2.65257e-05
2.48581e-05
2.32894e-05
2.18141e-05
2.04269e-05
1.91229e-05
1.78975e-05
1.67463e-05
1.5665e-05
1.46497e-05
1.36966e-05
1.28022e-05
1.1963e-05
1.11759e-05
1.04377e-05
9.7458e-06
9.0973e-06
8.4897e-06
7.92057e-06
7.38762e-06
6.88868e-06
6.42172e-06
5.98481e-06
5.57611e-06
5.19393e-06
4.83664e-06
4.50271e-06
4.19069e-06
3.89924e-06
3.62707e-06
3.37299e-06
3.13584e-06
2.91457e-06
2.70818e-06
2.51571e-06
2.33627e-06
2.16904e-06
2.01323e-06
1.86809e-06
1.73294e-06
1.60712e-06
1.49002e-06
1.38108e-06
1.27974e-06
1.18551e-06
1.09791e-06
1.0165e-06
9.40862e-07
8.70611e-07
8.0538e-07
7.44827e-07
6.88633e-07
6.36501e-07
5.88149e-07
5.43317e-07
5.01761e-07
4.63253e-07
4.27579e-07
3.9454e-07
3.63951e-07
3.35638e-07
3.0944e-07
2.85206e-07
2.62795e-07
2.42076e-07
2.22927e-07
2.05234e-07
1.88891e-07
1.738e-07
1.59869e-07
1.47012e-07
1.35151e-07
1.2421e-07
1.14123e-07
1.04825e-07
9.62562e-08
8.83627e-08
8.10931e-08
7.44002e-08
6.824e-08
6.25718e-08
5.7358e-08
5.25635e-08
4.8156e-08
4.41055e-08
4.03842e-08
3.69664e-08
3.38285e-08
3.09484e-08
2.83058e-08
2.58821e-08
2.36599e-08
2.16233e-08
1.97576e-08
1.80493e-08
1.64859e-08
1.5056e-08
1.37492e-08
1.25559e-08
1.14675e-08
1.04759e-08
9.57427e-09
8.75611e-09
8.01586e-09
7.34868e-09
6.75048e-09
6.21796e-09
5.74866e-09
5.34103e-09
4.9945e-09
4.70968e-09
4.48853e-09
4.33457e-09
4.25357e-09
0.20671
0.21951
0.231655
0.243217
0.254252
0.26479
0.274853
0.284453
0.293597
0.302288
0.310528
0.318316
0.325652
0.332537
0.338972
0.344957
0.350497
0.355595
0.360255
0.364482
0.368284
0.371665
0.374635
0.377201
0.37937
0.381153
0.382558
0.383595
0.384274
0.384604
0.384598
0.38428
0.38363
0.382675
0.381426
0.379895
0.378092
0.37603
0.373719
0.371172
0.3684
0.365413
0.362224
0.358843
0.355282
0.351552
0.347663
0.343627
0.339453
0.335153
0.330735
0.326211
0.321589
0.31688
0.312092
0.307235
0.302316
0.297345
0.29233
0.287277
0.282196
0.277092
0.271973
0.266846
0.261717
0.256592
0.251477
0.246377
0.241298
0.236243
0.231219
0.226229
0.221278
0.216368
0.211505
0.20669
0.201927
0.19722
0.192569
0.187979
0.18345
0.178986
0.174586
0.170254
0.165991
0.161796
0.157673
0.153621
0.149641
0.145733
0.141899
0.138138
0.13445
0.130835
0.127294
0.123826
0.120431
0.117109
0.113858
0.110679
0.107571
0.104533
0.101564
0.0986646
0.0958328
0.0930681
0.0903694
0.087736
0.0851668
0.0826609
0.0802171
0.0778346
0.0755122
0.0732489
0.0710436
0.0688952
0.0668026
0.0647648
0.0627807
0.0608491
0.058969
0.0571393
0.055359
0.0536269
0.0519421
0.0503034
0.0487099
0.0471605
0.0456542
0.04419
0.042767
0.0413841
0.0400405
0.0387351
0.0374672
0.0362356
0.0350396
0.0338784
0.0327509
0.0316565
0.0305942
0.0295633
0.0285629
0.0275924
0.0266508
0.0257376
0.0248519
0.0239931
0.0231604
0.0223532
0.0215708
0.0208125
0.0200777
0.0193658
0.0186762
0.0180082
0.0173613
0.0167349
0.0161285
0.0155414
0.0149733
0.0144235
0.0138915
0.0133769
0.0128792
0.0123978
0.0119324
0.0114824
0.0110475
0.0106271
0.010221
0.0098286
0.00944958
0.00908353
0.00873008
0.00838885
0.00805948
0.00774161
0.00743489
0.007139
0.0068536
0.00657837
0.006313
0.00605718
0.00581061
0.00557302
0.00534411
0.00512361
0.00491125
0.00470677
0.00450992
0.00432046
0.00413813
0.00396271
0.00379398
0.0036317
0.00347566
0.00332566
0.00318148
0.00304294
0.00290984
0.00278199
0.00265922
0.00254134
0.00242818
0.00231958
0.00221537
0.00211541
0.00201953
0.00192759
0.00183945
0.00175497
0.00167402
0.00159646
0.00152217
0.00145102
0.00138291
0.0013177
0.0012553
0.0011956
0.00113849
0.00108387
0.00103164
0.000981721
0.000934009
0.000888419
0.000844868
0.000803274
0.000763558
0.000725644
0.000689458
0.000654931
0.000621992
0.000590577
0.000560622
0.000532066
0.00050485
0.000478917
0.000454212
0.000430683
0.000408279
0.000386951
0.000366653
0.000347339
0.000328967
0.000311493
0.000294879
0.000279086
0.000264077
0.000249816
0.00023627
0.000223405
0.000211191
0.000199597
0.000188595
0.000178156
0.000168255
0.000158867
0.000149966
0.000141529
0.000133535
0.000125962
0.000118789
0.000111998
0.000105569
9.94849e-05
9.37283e-05
8.82831e-05
8.31337e-05
7.82653e-05
7.36638e-05
6.93156e-05
6.52078e-05
6.13281e-05
5.76649e-05
5.42068e-05
5.09433e-05
4.78642e-05
4.49599e-05
4.22211e-05
3.96391e-05
3.72056e-05
3.49125e-05
3.27524e-05
3.07181e-05
2.88027e-05
2.69999e-05
2.53033e-05
2.37073e-05
2.22061e-05
2.07947e-05
1.94679e-05
1.8221e-05
1.70495e-05
1.59491e-05
1.49159e-05
1.39459e-05
1.30356e-05
1.21815e-05
1.13803e-05
1.06291e-05
9.92476e-06
9.26466e-06
8.64616e-06
8.0668e-06
7.52426e-06
7.01632e-06
6.54092e-06
6.09609e-06
5.67999e-06
5.29086e-06
4.92706e-06
4.58704e-06
4.26932e-06
3.97253e-06
3.69537e-06
3.43661e-06
3.1951e-06
2.96975e-06
2.75953e-06
2.5635e-06
2.38074e-06
2.2104e-06
2.05168e-06
1.90383e-06
1.76616e-06
1.63798e-06
1.51869e-06
1.40769e-06
1.30444e-06
1.20843e-06
1.11918e-06
1.03623e-06
9.59155e-07
8.87568e-07
8.21094e-07
7.59385e-07
7.02117e-07
6.48986e-07
5.99706e-07
5.54012e-07
5.11656e-07
4.72404e-07
4.3604e-07
4.02361e-07
3.71179e-07
3.42316e-07
3.15607e-07
2.909e-07
2.68051e-07
2.46926e-07
2.27401e-07
2.0936e-07
1.92695e-07
1.77306e-07
1.631e-07
1.49988e-07
1.37892e-07
1.26734e-07
1.16446e-07
1.06962e-07
9.8222e-08
9.01704e-08
8.2755e-08
7.59275e-08
6.96433e-08
6.38608e-08
5.85415e-08
5.365e-08
4.9153e-08
4.50202e-08
4.12231e-08
3.77356e-08
3.45336e-08
3.15945e-08
2.88977e-08
2.64241e-08
2.41561e-08
2.20774e-08
2.0173e-08
1.84291e-08
1.68331e-08
1.53733e-08
1.4039e-08
1.28205e-08
1.17089e-08
1.06961e-08
9.77483e-09
8.93869e-09
8.18192e-09
7.49956e-09
6.8874e-09
6.34208e-09
5.86107e-09
5.44278e-09
5.08668e-09
4.79348e-09
4.56531e-09
4.40603e-09
4.32194e-09
0.206732
0.219576
0.231762
0.243352
0.254404
0.264952
0.275023
0.284634
0.293795
0.302511
0.310784
0.318614
0.325999
0.332939
0.339433
0.345482
0.351087
0.356252
0.36098
0.365277
0.369146
0.372595
0.375632
0.378262
0.380495
0.38234
0.383805
0.3849
0.385634
0.386018
0.386062
0.385795
0.385193
0.384281
0.383074
0.381582
0.379816
0.377788
0.375509
0.372991
0.370246
0.367284
0.364116
0.360755
0.357211
0.353496
0.34962
0.345593
0.341427
0.337133
0.332719
0.328196
0.323575
0.318863
0.314071
0.309208
0.304282
0.299302
0.294275
0.289211
0.284116
0.278997
0.273862
0.268718
0.26357
0.258426
0.25329
0.248169
0.243067
0.23799
0.232942
0.227927
0.222951
0.218016
0.213126
0.208285
0.203496
0.198761
0.194084
0.189466
0.184909
0.180417
0.17599
0.17163
0.167339
0.163117
0.158966
0.154886
0.150879
0.146944
0.143083
0.139295
0.13558
0.13194
0.128373
0.124879
0.121459
0.118111
0.114836
0.111632
0.1085
0.105439
0.102447
0.0995247
0.0966705
0.0938838
0.0911636
0.088509
0.085919
0.0833927
0.0809291
0.078527
0.0761855
0.0739035
0.0716798
0.0695135
0.0674034
0.0653485
0.0633476
0.0613997
0.0595037
0.0576584
0.0558628
0.0541159
0.0524166
0.0507638
0.0491565
0.0475937
0.0460743
0.0445974
0.0431619
0.041767
0.0404115
0.0390947
0.0378155
0.0365731
0.0353665
0.034195
0.0330575
0.0319533
0.0308815
0.0298414
0.0288321
0.0278528
0.0269028
0.0259813
0.0250876
0.024221
0.0233808
0.0225662
0.0217767
0.0210115
0.02027
0.0195516
0.0188556
0.0181815
0.0175286
0.0168965
0.0162844
0.015692
0.0151186
0.0145637
0.0140268
0.0135073
0.013005
0.0125191
0.0120493
0.0115951
0.0111561
0.0107318
0.0103218
0.0099257
0.00954309
0.00917357
0.00881676
0.00847228
0.00813976
0.00781885
0.00750921
0.00721048
0.00692233
0.00664445
0.00637652
0.00611823
0.00586928
0.00562938
0.00539825
0.0051756
0.00496117
0.0047547
0.00455592
0.0043646
0.00418048
0.00400334
0.00383294
0.00366906
0.00351148
0.00335999
0.00321438
0.00307446
0.00294004
0.00281091
0.00268691
0.00256784
0.00245355
0.00234385
0.0022386
0.00213762
0.00204078
0.00194791
0.00185887
0.00177353
0.00169175
0.0016134
0.00153835
0.00146648
0.00139766
0.00133179
0.00126874
0.00120842
0.00115072
0.00109553
0.00104277
0.000992325
0.000944115
0.000898049
0.000854042
0.000812012
0.000771878
0.000733565
0.000696998
0.000662105
0.000628818
0.00059707
0.000566796
0.000537936
0.000510429
0.000484219
0.00045925
0.000435468
0.000412824
0.000391266
0.000370749
0.000351227
0.000332655
0.000314992
0.000298197
0.000282232
0.000267059
0.000252642
0.000238947
0.000225941
0.000213593
0.000201871
0.000190747
0.000180193
0.000170183
0.00016069
0.00015169
0.000143159
0.000135076
0.000127418
0.000120165
0.000113297
0.000106796
0.000100643
9.48216e-05
8.93147e-05
8.41069e-05
7.91832e-05
7.45293e-05
7.01315e-05
6.59767e-05
6.20526e-05
5.83473e-05
5.48495e-05
5.15484e-05
4.84338e-05
4.54959e-05
4.27254e-05
4.01134e-05
3.76516e-05
3.53318e-05
3.31464e-05
3.10883e-05
2.91505e-05
2.73265e-05
2.561e-05
2.39951e-05
2.24762e-05
2.10481e-05
1.97055e-05
1.84438e-05
1.72584e-05
1.61449e-05
1.50993e-05
1.41177e-05
1.31965e-05
1.23321e-05
1.15213e-05
1.0761e-05
1.00482e-05
9.38006e-06
8.75405e-06
8.16765e-06
7.61849e-06
7.10435e-06
6.62314e-06
6.17286e-06
5.75165e-06
5.35773e-06
4.98945e-06
4.64522e-06
4.32358e-06
4.02311e-06
3.7425e-06
3.48052e-06
3.236e-06
3.00783e-06
2.79499e-06
2.5965e-06
2.41144e-06
2.23895e-06
2.07823e-06
1.92852e-06
1.7891e-06
1.65929e-06
1.53848e-06
1.42607e-06
1.32151e-06
1.22427e-06
1.13387e-06
1.04986e-06
9.71796e-07
8.99286e-07
8.31954e-07
7.69448e-07
7.11438e-07
6.57616e-07
6.07696e-07
5.61406e-07
5.18497e-07
4.78732e-07
4.41891e-07
4.0777e-07
3.76178e-07
3.46934e-07
3.19873e-07
2.94839e-07
2.71687e-07
2.50281e-07
2.30496e-07
2.12215e-07
1.95328e-07
1.79733e-07
1.65336e-07
1.52048e-07
1.39789e-07
1.28481e-07
1.18053e-07
1.08441e-07
9.9583e-08
9.1422e-08
8.39057e-08
7.69852e-08
7.06151e-08
6.47535e-08
5.93613e-08
5.44026e-08
4.98437e-08
4.56539e-08
4.18044e-08
3.82686e-08
3.50221e-08
3.20422e-08
2.93078e-08
2.67997e-08
2.44999e-08
2.23921e-08
2.04609e-08
1.86925e-08
1.70739e-08
1.55933e-08
1.424e-08
1.30039e-08
1.18762e-08
1.08487e-08
9.91388e-09
9.06528e-09
8.29704e-09
7.60414e-09
6.9823e-09
6.42808e-09
5.93893e-09
5.51323e-09
5.15048e-09
4.85143e-09
4.61837e-09
4.45537e-09
4.36913e-09
0.206743
0.219608
0.231812
0.243418
0.254478
0.26503
0.275104
0.284719
0.293888
0.302616
0.310905
0.318754
0.326164
0.33313
0.339654
0.345735
0.351373
0.356572
0.361335
0.365666
0.36957
0.373054
0.376123
0.378787
0.381053
0.382929
0.384425
0.385549
0.386312
0.386723
0.386793
0.386551
0.385974
0.385085
0.383899
0.382427
0.38068
0.378669
0.376407
0.373904
0.371172
0.368223
0.365067
0.361716
0.358181
0.354473
0.350603
0.346582
0.342421
0.338129
0.333718
0.329196
0.324575
0.319862
0.315069
0.310203
0.305273
0.300288
0.295257
0.290186
0.285084
0.279958
0.274815
0.269662
0.264505
0.259351
0.254205
0.249073
0.24396
0.238871
0.233811
0.228785
0.223796
0.218848
0.213945
0.209091
0.204288
0.19954
0.194849
0.190217
0.185647
0.181141
0.1767
0.172326
0.16802
0.163784
0.159619
0.155526
0.151505
0.147556
0.143681
0.13988
0.136152
0.132498
0.128918
0.125412
0.121978
0.118618
0.115331
0.112115
0.108971
0.105897
0.102894
0.09996
0.0970945
0.0942967
0.0915656
0.0889003
0.0862998
0.0837633
0.0812895
0.0788776
0.0765264
0.0742349
0.072002
0.0698266
0.0677077
0.0656441
0.0636348
0.0616786
0.0597744
0.0579213
0.0561181
0.0543636
0.052657
0.0509971
0.0493828
0.0478132
0.0462872
0.0448038
0.043362
0.0419609
0.0405995
0.0392769
0.0379921
0.0367441
0.0355322
0.0343554
0.0332129
0.0321037
0.0310271
0.0299823
0.0289685
0.0279848
0.0270305
0.0261049
0.0252071
0.0243366
0.0234925
0.0226743
0.0218811
0.0211124
0.0203675
0.0196458
0.0189466
0.0182694
0.0176135
0.0169784
0.0163635
0.0157683
0.0151923
0.0146348
0.0140953
0.0135735
0.0130688
0.0125806
0.0121086
0.0116523
0.0112112
0.0107849
0.010373
0.00997497
0.00959054
0.00921927
0.00886075
0.00851462
0.00818052
0.00785807
0.00754693
0.00724676
0.00695723
0.00667801
0.00640878
0.00614923
0.00589907
0.005658
0.00542574
0.00520201
0.00498653
0.00477904
0.00457929
0.00438702
0.004202
0.00402398
0.00385273
0.00368804
0.00352968
0.00337743
0.0032311
0.00309048
0.00295538
0.00282561
0.00270098
0.00258131
0.00246644
0.00235619
0.00225041
0.00214892
0.00205158
0.00195824
0.00186875
0.00178297
0.00170077
0.00162202
0.00154658
0.00147434
0.00140516
0.00133895
0.00127558
0.00121495
0.00115694
0.00110147
0.00104843
0.000997719
0.000949256
0.000902948
0.00085871
0.000816458
0.000776112
0.000737596
0.000700835
0.000665757
0.000632292
0.000600374
0.000569939
0.000540924
0.00051327
0.000486919
0.000461815
0.000437905
0.000415138
0.000393464
0.000372835
0.000353206
0.000334533
0.000316774
0.000299887
0.000283834
0.000268578
0.000254082
0.000240311
0.000227233
0.000214816
0.00020303
0.000191844
0.000181232
0.000171165
0.000161619
0.000152568
0.00014399
0.000135861
0.00012816
0.000120866
0.00011396
0.000107422
0.000101234
9.5379e-05
8.98407e-05
8.46032e-05
7.96513e-05
7.49707e-05
7.05476e-05
6.63689e-05
6.24221e-05
5.86954e-05
5.51774e-05
5.18571e-05
4.87244e-05
4.57694e-05
4.29827e-05
4.03554e-05
3.78791e-05
3.55457e-05
3.33475e-05
3.12773e-05
2.9328e-05
2.74932e-05
2.57665e-05
2.4142e-05
2.26141e-05
2.11774e-05
1.98268e-05
1.85576e-05
1.7365e-05
1.62449e-05
1.5193e-05
1.42055e-05
1.32787e-05
1.2409e-05
1.15933e-05
1.08284e-05
1.01112e-05
9.43901e-06
8.80917e-06
8.21917e-06
7.66664e-06
7.14933e-06
6.66515e-06
6.21209e-06
5.78827e-06
5.39191e-06
5.02133e-06
4.67496e-06
4.35131e-06
4.04896e-06
3.7666e-06
3.50297e-06
3.25691e-06
3.0273e-06
2.81312e-06
2.61337e-06
2.42713e-06
2.25355e-06
2.09181e-06
1.94114e-06
1.80083e-06
1.6702e-06
1.54861e-06
1.43548e-06
1.33024e-06
1.23238e-06
1.14139e-06
1.05683e-06
9.78263e-07
9.05282e-07
8.37511e-07
7.74597e-07
7.16207e-07
6.62033e-07
6.11785e-07
5.65191e-07
5.21998e-07
4.8197e-07
4.44886e-07
4.10539e-07
3.78737e-07
3.49298e-07
3.22057e-07
2.96856e-07
2.73548e-07
2.51999e-07
2.32082e-07
2.13677e-07
1.96676e-07
1.80976e-07
1.66481e-07
1.53104e-07
1.40761e-07
1.29375e-07
1.18877e-07
1.09199e-07
1.0028e-07
9.20633e-08
8.44954e-08
7.75272e-08
7.11131e-08
6.5211e-08
5.97815e-08
5.47883e-08
5.01977e-08
4.59787e-08
4.21023e-08
3.85418e-08
3.52726e-08
3.22717e-08
2.95181e-08
2.69923e-08
2.46763e-08
2.25535e-08
2.06086e-08
1.88275e-08
1.71973e-08
1.57061e-08
1.4343e-08
1.3098e-08
1.19621e-08
1.0927e-08
9.9852e-09
9.13021e-09
8.3561e-09
7.65779e-09
7.03098e-09
6.47219e-09
5.97886e-09
5.54935e-09
5.18318e-09
4.88114e-09
4.64556e-09
4.48065e-09
4.3933e-09
0.206743
0.219608
0.231812
0.243417
0.254477
0.265029
0.275103
0.284718
0.293886
0.302614
0.310903
0.318752
0.326161
0.333128
0.339652
0.345732
0.351371
0.35657
0.361332
0.365663
0.369567
0.373051
0.376121
0.378785
0.381051
0.382927
0.384422
0.385547
0.38631
0.386721
0.386791
0.386549
0.385972
0.385083
0.383897
0.382425
0.380678
0.378668
0.376406
0.373903
0.371171
0.368221
0.365065
0.361715
0.35818
0.354472
0.350602
0.346581
0.34242
0.338128
0.333717
0.329195
0.324574
0.319862
0.315068
0.310202
0.305272
0.300288
0.295256
0.290186
0.285084
0.279958
0.274815
0.269662
0.264505
0.259351
0.254205
0.249073
0.24396
0.238871
0.233811
0.228785
0.223796
0.218848
0.213945
0.209091
0.204288
0.19954
0.194849
0.190217
0.185647
0.181141
0.1767
0.172326
0.16802
0.163785
0.15962
0.155526
0.151505
0.147557
0.143682
0.13988
0.136152
0.132499
0.128918
0.125412
0.121979
0.118618
0.115331
0.112115
0.108971
0.105897
0.102894
0.0999602
0.0970947
0.0942969
0.0915658
0.0889005
0.0863
0.0837635
0.0812897
0.0788778
0.0765266
0.0742351
0.0720022
0.0698268
0.0677079
0.0656443
0.0636349
0.0616788
0.0597746
0.0579215
0.0561182
0.0543638
0.0526572
0.0509972
0.049383
0.0478133
0.0462873
0.0448039
0.0433622
0.0419611
0.0405997
0.039277
0.0379922
0.0367443
0.0355323
0.0343555
0.033213
0.0321038
0.0310273
0.0299825
0.0289686
0.0279849
0.0270306
0.026105
0.0252072
0.0243367
0.0234926
0.0226744
0.0218812
0.0211125
0.0203676
0.0196459
0.0189467
0.0182695
0.0176136
0.0169785
0.0163636
0.0157684
0.0151923
0.0146348
0.0140954
0.0135736
0.0130688
0.0125807
0.0121087
0.0116523
0.0112112
0.0107849
0.010373
0.00997503
0.0095906
0.00921932
0.0088608
0.00851468
0.00818057
0.00785812
0.00754698
0.00724681
0.00695727
0.00667805
0.00640882
0.00614927
0.00589911
0.00565804
0.00542578
0.00520204
0.00498656
0.00477907
0.00457932
0.00438706
0.00420203
0.00402401
0.00385276
0.00368807
0.0035297
0.00337746
0.00323113
0.00309051
0.0029554
0.00282563
0.002701
0.00258134
0.00246646
0.00235621
0.00225043
0.00214894
0.0020516
0.00195826
0.00186877
0.00178299
0.00170079
0.00162203
0.0015466
0.00147435
0.00140518
0.00133896
0.00127559
0.00121496
0.00115695
0.00110148
0.00104844
0.00099773
0.000949266
0.000902958
0.000858719
0.000816467
0.000776121
0.000737604
0.000700843
0.000665764
0.000632299
0.000600381
0.000569946
0.000540931
0.000513276
0.000486925
0.000461821
0.00043791
0.000415143
0.000393469
0.00037284
0.000353211
0.000334538
0.000316778
0.000299891
0.000283838
0.000268581
0.000254085
0.000240315
0.000227237
0.00021482
0.000203033
0.000191847
0.000181234
0.000171168
0.000161621
0.000152571
0.000143992
0.000135863
0.000128162
0.000120868
0.000113961
0.000107423
0.000101235
9.53805e-05
8.98422e-05
8.46046e-05
7.96526e-05
7.49719e-05
7.05488e-05
6.637e-05
6.24232e-05
5.86965e-05
5.51783e-05
5.1858e-05
4.87253e-05
4.57702e-05
4.29834e-05
4.03561e-05
3.78798e-05
3.55464e-05
3.33481e-05
3.12779e-05
2.93286e-05
2.74937e-05
2.5767e-05
2.41425e-05
2.26146e-05
2.11778e-05
1.98272e-05
1.85579e-05
1.73654e-05
1.62452e-05
1.51933e-05
1.42058e-05
1.32789e-05
1.24093e-05
1.15936e-05
1.08286e-05
1.01114e-05
9.43922e-06
8.80937e-06
8.21935e-06
7.66681e-06
7.1495e-06
6.6653e-06
6.21223e-06
5.7884e-06
5.39203e-06
5.02145e-06
4.67507e-06
4.35141e-06
4.04906e-06
3.76669e-06
3.50306e-06
3.25699e-06
3.02738e-06
2.81319e-06
2.61343e-06
2.4272e-06
2.25361e-06
2.09187e-06
1.94119e-06
1.80088e-06
1.67024e-06
1.54865e-06
1.43552e-06
1.33028e-06
1.23241e-06
1.14142e-06
1.05686e-06
9.78291e-07
9.05308e-07
8.37535e-07
7.74619e-07
7.16228e-07
6.62053e-07
6.11803e-07
5.65208e-07
5.22014e-07
4.81985e-07
4.449e-07
4.10552e-07
3.78748e-07
3.49309e-07
3.22067e-07
2.96865e-07
2.73557e-07
2.52007e-07
2.32089e-07
2.13684e-07
1.96682e-07
1.80982e-07
1.66487e-07
1.53109e-07
1.40765e-07
1.2938e-07
1.18881e-07
1.09203e-07
1.00284e-07
9.20666e-08
8.44984e-08
7.75299e-08
7.11157e-08
6.52133e-08
5.97836e-08
5.47903e-08
5.01996e-08
4.59804e-08
4.21039e-08
3.85433e-08
3.52739e-08
3.22729e-08
2.95192e-08
2.69933e-08
2.46772e-08
2.25544e-08
2.06094e-08
1.88283e-08
1.7198e-08
1.57068e-08
1.43436e-08
1.30986e-08
1.19626e-08
1.09274e-08
9.98562e-09
9.13059e-09
8.35645e-09
7.65812e-09
7.03128e-09
6.47248e-09
5.97912e-09
5.5496e-09
5.18341e-09
4.88136e-09
4.64576e-09
4.48085e-09
4.39349e-09
0.206732
0.219575
0.23176
0.24335
0.254402
0.264949
0.275019
0.284629
0.29379
0.302506
0.310778
0.318608
0.325992
0.332932
0.339426
0.345474
0.35108
0.356245
0.360973
0.365269
0.369139
0.372588
0.375624
0.378255
0.380488
0.382333
0.383798
0.384893
0.385628
0.386012
0.386056
0.385789
0.385187
0.384276
0.383069
0.381577
0.379811
0.377783
0.375505
0.372987
0.370241
0.36728
0.364112
0.360751
0.357208
0.353492
0.349616
0.34559
0.341425
0.33713
0.332717
0.328194
0.323572
0.318861
0.314069
0.309206
0.30428
0.2993
0.294274
0.28921
0.284114
0.278996
0.273861
0.268717
0.26357
0.258425
0.253289
0.248168
0.243066
0.237989
0.232941
0.227927
0.222951
0.218016
0.213126
0.208285
0.203496
0.198761
0.194084
0.189466
0.18491
0.180417
0.17599
0.171631
0.167339
0.163117
0.158966
0.154887
0.150879
0.146945
0.143083
0.139295
0.135581
0.13194
0.128373
0.12488
0.121459
0.118112
0.114836
0.111633
0.108501
0.105439
0.102448
0.0995253
0.0966711
0.0938844
0.0911642
0.0885096
0.0859197
0.0833934
0.0809297
0.0785276
0.0761861
0.073904
0.0716804
0.0695141
0.067404
0.0653491
0.0633482
0.0614003
0.0595042
0.0576589
0.0558634
0.0541165
0.0524171
0.0507643
0.049157
0.0475942
0.0460748
0.0445979
0.0431624
0.0417674
0.040412
0.0390951
0.0378159
0.0365735
0.0353669
0.0341953
0.0330579
0.0319537
0.0308819
0.0298417
0.0288324
0.0278531
0.0269031
0.0259816
0.025088
0.0242213
0.0233811
0.0225665
0.021777
0.0210118
0.0202703
0.0195518
0.0188559
0.0181817
0.0175289
0.0168967
0.0162847
0.0156922
0.0151188
0.0145639
0.014027
0.0135076
0.0130052
0.0125193
0.0120495
0.0115953
0.0111563
0.010732
0.010322
0.00992587
0.00954326
0.00917373
0.00881692
0.00847243
0.00813991
0.007819
0.00750935
0.00721061
0.00692247
0.00664458
0.00637665
0.00611835
0.0058694
0.0056295
0.00539836
0.00517571
0.00496128
0.0047548
0.00455602
0.0043647
0.00418058
0.00400343
0.00383303
0.00366914
0.00351156
0.00336007
0.00321446
0.00307454
0.00294011
0.00281098
0.00268697
0.00256791
0.00245361
0.00234391
0.00223866
0.00213768
0.00204083
0.00194796
0.00185893
0.00177358
0.0016918
0.00161345
0.00153839
0.00146652
0.0013977
0.00133183
0.00126878
0.00120846
0.00115076
0.00109557
0.0010428
0.000992356
0.000944145
0.000898078
0.00085407
0.000812038
0.000771904
0.00073359
0.000697021
0.000662128
0.00062884
0.00059709
0.000566816
0.000537955
0.000510448
0.000484237
0.000459267
0.000435484
0.000412839
0.000391281
0.000370763
0.00035124
0.000332668
0.000315004
0.000298209
0.000282243
0.00026707
0.000252652
0.000238957
0.000225951
0.000213602
0.00020188
0.000190755
0.000180201
0.00017019
0.000160697
0.000151696
0.000143166
0.000135082
0.000127424
0.000120171
0.000113303
0.000106801
0.000100648
9.48261e-05
8.9319e-05
8.4111e-05
7.91871e-05
7.4533e-05
7.0135e-05
6.59801e-05
6.20558e-05
5.83503e-05
5.48524e-05
5.15511e-05
4.84364e-05
4.54984e-05
4.27277e-05
4.01156e-05
3.76536e-05
3.53337e-05
3.31483e-05
3.10901e-05
2.91522e-05
2.73281e-05
2.56115e-05
2.39965e-05
2.24776e-05
2.10493e-05
1.97067e-05
1.84449e-05
1.72594e-05
1.61459e-05
1.51002e-05
1.41186e-05
1.31973e-05
1.23329e-05
1.15221e-05
1.07617e-05
1.00488e-05
9.38068e-06
8.75464e-06
8.1682e-06
7.61901e-06
7.10484e-06
6.62359e-06
6.17329e-06
5.75205e-06
5.35811e-06
4.9898e-06
4.64556e-06
4.32389e-06
4.0234e-06
3.74278e-06
3.48078e-06
3.23624e-06
3.00806e-06
2.7952e-06
2.5967e-06
2.41162e-06
2.23913e-06
2.0784e-06
1.92867e-06
1.78924e-06
1.65943e-06
1.53861e-06
1.42619e-06
1.32162e-06
1.22437e-06
1.13397e-06
1.04995e-06
9.71878e-07
8.99363e-07
8.32026e-07
7.69515e-07
7.115e-07
6.57674e-07
6.0775e-07
5.61457e-07
5.18544e-07
4.78775e-07
4.41932e-07
4.07808e-07
3.76213e-07
3.46967e-07
3.19903e-07
2.94867e-07
2.71713e-07
2.50305e-07
2.30519e-07
2.12236e-07
1.95347e-07
1.79751e-07
1.65352e-07
1.52064e-07
1.39803e-07
1.28494e-07
1.18066e-07
1.08452e-07
9.95934e-08
9.14317e-08
8.39146e-08
7.69934e-08
7.06227e-08
6.47605e-08
5.93678e-08
5.44086e-08
4.98493e-08
4.5659e-08
4.18091e-08
3.82729e-08
3.50261e-08
3.20458e-08
2.93112e-08
2.68028e-08
2.45028e-08
2.23947e-08
2.04634e-08
1.86947e-08
1.70759e-08
1.55952e-08
1.42417e-08
1.30055e-08
1.18777e-08
1.085e-08
9.91513e-09
9.06643e-09
8.2981e-09
7.60512e-09
6.98321e-09
6.42892e-09
5.93971e-09
5.51396e-09
5.15116e-09
4.85208e-09
4.61898e-09
4.45597e-09
4.36971e-09
0.20671
0.219509
0.231653
0.243214
0.254248
0.264785
0.274847
0.284446
0.293589
0.30228
0.310518
0.318306
0.325641
0.332526
0.33896
0.344945
0.350485
0.355582
0.360242
0.36447
0.368271
0.371653
0.374623
0.377189
0.379358
0.381141
0.382547
0.383584
0.384263
0.384594
0.384588
0.38427
0.383621
0.382666
0.381417
0.379886
0.378084
0.376022
0.373712
0.371165
0.368393
0.365406
0.362218
0.358837
0.355277
0.351547
0.347658
0.343622
0.339448
0.335148
0.330731
0.326207
0.321586
0.316877
0.312089
0.307232
0.302314
0.297343
0.292327
0.287275
0.282194
0.27709
0.271972
0.266845
0.261716
0.256591
0.251476
0.246376
0.241297
0.236243
0.231219
0.226229
0.221278
0.216368
0.211505
0.20669
0.201928
0.19722
0.19257
0.187979
0.183451
0.178986
0.174587
0.170255
0.165991
0.161797
0.157674
0.153622
0.149642
0.145734
0.1419
0.138139
0.134451
0.130836
0.127295
0.123827
0.120432
0.11711
0.113859
0.11068
0.107572
0.104534
0.101565
0.0986656
0.0958338
0.0930691
0.0903704
0.087737
0.0851678
0.0826619
0.0802181
0.0778356
0.0755132
0.0732498
0.0710445
0.0688961
0.0668035
0.0647657
0.0627816
0.06085
0.0589699
0.0571402
0.0553598
0.0536277
0.0519429
0.0503042
0.0487107
0.0471613
0.045655
0.0441908
0.0427677
0.0413849
0.0400412
0.0387358
0.0374678
0.0362363
0.0350403
0.033879
0.0327515
0.0316571
0.0305948
0.0295639
0.0285635
0.0275929
0.0266514
0.0257381
0.0248525
0.0239936
0.0231609
0.0223537
0.0215713
0.020813
0.0200782
0.0193662
0.0186766
0.0180086
0.0173617
0.0167353
0.0161289
0.0155418
0.0149737
0.0144239
0.0138919
0.0133773
0.0128795
0.0123981
0.0119327
0.0114827
0.0110478
0.0106274
0.0102213
0.00982888
0.00944985
0.0090838
0.00873034
0.0083891
0.00805972
0.00774185
0.00743513
0.00713923
0.00685382
0.00657858
0.0063132
0.00605738
0.00581081
0.00557321
0.00534429
0.00512378
0.00491142
0.00470694
0.00451009
0.00432061
0.00413828
0.00396286
0.00379412
0.00363184
0.00347579
0.00332579
0.00318161
0.00304307
0.00290996
0.00278211
0.00265933
0.00254144
0.00242828
0.00231968
0.00221547
0.0021155
0.00201962
0.00192768
0.00183954
0.00175506
0.0016741
0.00159653
0.00152224
0.00145109
0.00138297
0.00131777
0.00125537
0.00119566
0.00113855
0.00108392
0.0010317
0.000981773
0.000934058
0.000888467
0.000844914
0.000803318
0.0007636
0.000725684
0.000689497
0.000654968
0.000622028
0.000590611
0.000560655
0.000532098
0.00050488
0.000478945
0.000454239
0.000430709
0.000408304
0.000386976
0.000366676
0.000347362
0.000328988
0.000311514
0.000294899
0.000279105
0.000264095
0.000249833
0.000236286
0.000223421
0.000211206
0.000199611
0.000188608
0.000178169
0.000168268
0.000158878
0.000149977
0.00014154
0.000133545
0.000125971
0.000118799
0.000112007
0.000105577
9.94927e-05
9.37358e-05
8.82902e-05
8.31405e-05
7.82718e-05
7.36699e-05
6.93214e-05
6.52133e-05
6.13333e-05
5.76698e-05
5.42115e-05
5.09478e-05
4.78685e-05
4.49639e-05
4.22249e-05
3.96427e-05
3.7209e-05
3.49157e-05
3.27555e-05
3.0721e-05
2.88055e-05
2.70025e-05
2.53058e-05
2.37096e-05
2.22083e-05
2.07967e-05
1.94698e-05
1.82228e-05
1.70512e-05
1.59508e-05
1.49174e-05
1.39474e-05
1.3037e-05
1.21828e-05
1.13816e-05
1.06302e-05
9.92584e-06
9.26568e-06
8.64712e-06
8.0677e-06
7.5251e-06
7.01712e-06
6.54167e-06
6.0968e-06
5.68065e-06
5.29148e-06
4.92764e-06
4.58758e-06
4.26983e-06
3.97301e-06
3.69582e-06
3.43703e-06
3.19549e-06
2.97012e-06
2.75988e-06
2.56383e-06
2.38104e-06
2.21068e-06
2.05195e-06
1.90409e-06
1.76639e-06
1.6382e-06
1.51889e-06
1.40788e-06
1.30462e-06
1.2086e-06
1.11933e-06
1.03637e-06
9.59291e-07
8.87694e-07
8.21212e-07
7.59495e-07
7.0222e-07
6.49081e-07
5.99795e-07
5.54095e-07
5.11732e-07
4.72475e-07
4.36107e-07
4.02423e-07
3.71236e-07
3.42369e-07
3.15657e-07
2.90946e-07
2.68094e-07
2.46966e-07
2.27438e-07
2.09394e-07
1.92727e-07
1.77336e-07
1.63127e-07
1.50014e-07
1.37915e-07
1.26755e-07
1.16466e-07
1.0698e-07
9.82391e-08
9.01862e-08
8.27696e-08
7.59411e-08
6.96558e-08
6.38723e-08
5.85522e-08
5.36598e-08
4.91621e-08
4.50286e-08
4.12308e-08
3.77428e-08
3.45401e-08
3.16005e-08
2.89032e-08
2.64292e-08
2.41608e-08
2.20817e-08
2.0177e-08
1.84328e-08
1.68365e-08
1.53764e-08
1.40419e-08
1.28231e-08
1.17113e-08
1.06983e-08
9.77688e-09
8.94058e-09
8.18366e-09
7.50116e-09
6.88889e-09
6.34346e-09
5.86235e-09
5.44398e-09
5.08781e-09
4.79455e-09
4.56632e-09
4.40701e-09
4.3229e-09
0.206675
0.219401
0.231483
0.242999
0.254007
0.264529
0.274575
0.284153
0.293265
0.301912
0.310096
0.317817
0.325077
0.331877
0.338221
0.344112
0.349555
0.354553
0.359112
0.363239
0.366941
0.370225
0.373098
0.375569
0.377646
0.37934
0.380658
0.381611
0.382209
0.382462
0.382386
0.381994
0.381277
0.380258
0.378949
0.377362
0.375507
0.373396
0.371041
0.368452
0.365642
0.362621
0.359401
0.355993
0.352409
0.348658
0.344753
0.340703
0.336519
0.332211
0.327789
0.323264
0.318644
0.313939
0.309159
0.304311
0.299405
0.294448
0.289449
0.284416
0.279355
0.274275
0.269181
0.26408
0.25898
0.253884
0.2488
0.243732
0.238686
0.233667
0.228678
0.223725
0.218811
0.213939
0.209115
0.204339
0.199616
0.194949
0.190339
0.185789
0.181302
0.176878
0.17252
0.168229
0.164007
0.159854
0.155771
0.151759
0.14782
0.143953
0.140158
0.136436
0.132788
0.129212
0.125709
0.122279
0.118922
0.115636
0.112422
0.109278
0.106205
0.103202
0.100268
0.0974016
0.0946028
0.0918704
0.0892035
0.0866013
0.0840627
0.0815867
0.0791723
0.0768185
0.0745243
0.0722885
0.0701101
0.0679881
0.0659213
0.0639086
0.0619491
0.0600415
0.0581849
0.0563782
0.0546202
0.0529099
0.0512464
0.0496285
0.0480552
0.0465255
0.0450385
0.043593
0.0421883
0.0408232
0.0394969
0.0382084
0.0369568
0.0357412
0.0345608
0.0334147
0.0323019
0.0312218
0.0301735
0.0291561
0.0281689
0.0272111
0.0262821
0.0253809
0.024507
0.0236596
0.022838
0.0220415
0.0212695
0.0205214
0.0197964
0.0190941
0.0184137
0.0177547
0.0171166
0.0164987
0.0159004
0.0153214
0.0147609
0.0142186
0.0136939
0.0131863
0.0126954
0.0122206
0.0117616
0.0113178
0.0108889
0.0104743
0.0100738
0.00968682
0.00931305
0.00895209
0.00860355
0.00826708
0.0079423
0.00762888
0.00732646
0.00703472
0.00675333
0.00648197
0.00622034
0.00596814
0.00572506
0.00549083
0.00526517
0.00504781
0.00483847
0.00463692
0.00444288
0.00425613
0.00407642
0.00390353
0.00373722
0.00357728
0.0034235
0.00327566
0.00313358
0.00299705
0.00286589
0.0027399
0.00261892
0.00250276
0.00239126
0.00228425
0.00218158
0.00208309
0.00198863
0.00189805
0.00181121
0.00172799
0.00164823
0.00157183
0.00149864
0.00142856
0.00136147
0.00129724
0.00123578
0.00117697
0.00112072
0.00106693
0.00101549
0.000966324
0.000919336
0.00087444
0.000831552
0.000790593
0.000751484
0.00071415
0.00067852
0.000644522
0.000612091
0.00058116
0.000551668
0.000523554
0.00049676
0.000471229
0.000446909
0.000423747
0.000401693
0.000380699
0.000360719
0.000341708
0.000323624
0.000306426
0.000290075
0.000274531
0.00025976
0.000245725
0.000232394
0.000219734
0.000207715
0.000196306
0.00018548
0.000175209
0.000165467
0.00015623
0.000147472
0.000139172
0.000131307
0.000123857
0.000116801
0.00011012
0.000103796
9.78112e-05
9.21488e-05
8.67929e-05
8.1728e-05
7.69397e-05
7.2414e-05
6.81376e-05
6.40977e-05
6.02823e-05
5.66799e-05
5.32793e-05
5.00702e-05
4.70425e-05
4.41867e-05
4.14938e-05
3.89551e-05
3.65624e-05
3.4308e-05
3.21843e-05
3.01844e-05
2.83015e-05
2.65292e-05
2.48615e-05
2.32926e-05
2.1817e-05
2.04297e-05
1.91256e-05
1.79e-05
1.67487e-05
1.56673e-05
1.46518e-05
1.36986e-05
1.28041e-05
1.19648e-05
1.11775e-05
1.04393e-05
9.74727e-06
9.09869e-06
8.49101e-06
7.9218e-06
7.38878e-06
6.88977e-06
6.42274e-06
5.98577e-06
5.57702e-06
5.19478e-06
4.83744e-06
4.50345e-06
4.1914e-06
3.8999e-06
3.62769e-06
3.37356e-06
3.13638e-06
2.91508e-06
2.70865e-06
2.51615e-06
2.33669e-06
2.16943e-06
2.01359e-06
1.86843e-06
1.73326e-06
1.60742e-06
1.4903e-06
1.38134e-06
1.27998e-06
1.18573e-06
1.09812e-06
1.0167e-06
9.41048e-07
8.70784e-07
8.05541e-07
7.44977e-07
6.88773e-07
6.36631e-07
5.8827e-07
5.4343e-07
5.01866e-07
4.6335e-07
4.2767e-07
3.94625e-07
3.6403e-07
3.35712e-07
3.09509e-07
2.85269e-07
2.62854e-07
2.4213e-07
2.22977e-07
2.05281e-07
1.88935e-07
1.7384e-07
1.59906e-07
1.47047e-07
1.35182e-07
1.2424e-07
1.1415e-07
1.0485e-07
9.62796e-08
8.83843e-08
8.11131e-08
7.44187e-08
6.82571e-08
6.25876e-08
5.73726e-08
5.2577e-08
4.81684e-08
4.41169e-08
4.03947e-08
3.69761e-08
3.38374e-08
3.09566e-08
2.83134e-08
2.58891e-08
2.36663e-08
2.16292e-08
1.97631e-08
1.80543e-08
1.64905e-08
1.50603e-08
1.37531e-08
1.25595e-08
1.14708e-08
1.0479e-08
9.57707e-09
8.75868e-09
8.01823e-09
7.35087e-09
6.75251e-09
6.21985e-09
5.75042e-09
5.34266e-09
4.99604e-09
4.71114e-09
4.48992e-09
4.33592e-09
4.25489e-09
0.206624
0.21924
0.231233
0.242692
0.253665
0.264162
0.274181
0.283721
0.292782
0.301363
0.309466
0.317093
0.324249
0.330937
0.337161
0.342928
0.348243
0.353112
0.357542
0.36154
0.365114
0.368272
0.371021
0.373372
0.375332
0.376911
0.378119
0.378965
0.379461
0.379616
0.37945
0.378962
0.37816
0.377062
0.375678
0.374019
0.372098
0.369926
0.367514
0.364873
0.362015
0.358952
0.355694
0.352253
0.348639
0.344864
0.340938
0.336872
0.332676
0.32836
0.323935
0.319409
0.314793
0.310096
0.305326
0.300492
0.295603
0.290666
0.28569
0.280683
0.27565
0.270601
0.26554
0.260475
0.255412
0.250356
0.245312
0.240288
0.235286
0.230312
0.225371
0.220465
0.2156
0.210779
0.206005
0.201281
0.196611
0.191996
0.187439
0.182943
0.178509
0.174139
0.169835
0.165598
0.161429
0.157329
0.1533
0.149342
0.145455
0.14164
0.137898
0.134228
0.13063
0.127105
0.123652
0.120271
0.116962
0.113724
0.110558
0.107461
0.104434
0.101476
0.0985858
0.0957632
0.0930073
0.090317
0.0876914
0.0851297
0.0826308
0.0801938
0.0778175
0.0755011
0.0732434
0.0710434
0.0689001
0.0668123
0.0647789
0.062799
0.0608714
0.058995
0.0571689
0.0553919
0.0536629
0.051981
0.0503451
0.0487541
0.0472071
0.045703
0.044241
0.0428198
0.0414388
0.0400968
0.0387929
0.0375263
0.036296
0.0351012
0.0339409
0.0328144
0.0317208
0.0306592
0.0296289
0.0286291
0.027659
0.0267179
0.0258049
0.0249194
0.0240607
0.0232281
0.0224208
0.0216383
0.0208799
0.0201449
0.0194327
0.0187427
0.0180744
0.0174271
0.0168002
0.0161933
0.0156057
0.0150369
0.0144865
0.0139539
0.0134385
0.0129401
0.0124579
0.0119917
0.0115409
0.0111052
0.010684
0.0102769
0.00988364
0.00950371
0.00913675
0.00878236
0.00844019
0.00810986
0.00779103
0.00748336
0.00718649
0.00690012
0.00662392
0.00635757
0.00610078
0.00585325
0.00561468
0.00538481
0.00516335
0.00495003
0.00474461
0.00454682
0.00435643
0.00417318
0.00399685
0.00382721
0.00366404
0.00350712
0.00335625
0.00321122
0.00307184
0.00293791
0.00280924
0.00268566
0.00256699
0.00245306
0.0023437
0.00223875
0.00213805
0.00204146
0.00194882
0.00186
0.00177485
0.00169324
0.00161504
0.00154012
0.00146836
0.00139965
0.00133387
0.0012709
0.00121065
0.001153
0.00109786
0.00104513
0.000994708
0.000946516
0.000900461
0.000856457
0.000814424
0.000774282
0.000735955
0.000699369
0.000664453
0.000631139
0.000599361
0.000569054
0.000540158
0.000512612
0.000486361
0.000461349
0.000437524
0.000414833
0.000393229
0.000372665
0.000353094
0.000334474
0.000316761
0.000299918
0.000283903
0.000268681
0.000254215
0.000240471
0.000227417
0.000215021
0.000203252
0.000192082
0.000181482
0.000171426
0.000161889
0.000152845
0.000144272
0.000136147
0.000128449
0.000121156
0.00011425
0.000107711
0.000101521
9.56642e-05
9.01227e-05
8.48813e-05
7.99251e-05
7.52396e-05
7.08112e-05
6.66269e-05
6.26743e-05
5.89414e-05
5.5417e-05
5.20902e-05
4.89508e-05
4.59891e-05
4.31956e-05
4.05615e-05
3.80784e-05
3.57382e-05
3.35333e-05
3.14564e-05
2.95005e-05
2.76592e-05
2.59261e-05
2.42954e-05
2.27613e-05
2.13186e-05
1.99622e-05
1.86872e-05
1.7489e-05
1.63635e-05
1.53063e-05
1.43137e-05
1.3382e-05
1.25076e-05
1.16873e-05
1.09178e-05
1.01964e-05
9.52007e-06
8.88625e-06
8.29243e-06
7.73622e-06
7.21539e-06
6.72782e-06
6.27152e-06
5.84459e-06
5.44527e-06
5.07185e-06
4.72277e-06
4.39653e-06
4.09171e-06
3.80699e-06
3.54113e-06
3.29293e-06
3.06129e-06
2.84517e-06
2.64358e-06
2.45561e-06
2.28037e-06
2.11706e-06
1.9649e-06
1.82317e-06
1.6912e-06
1.56835e-06
1.45402e-06
1.34765e-06
1.24872e-06
1.15672e-06
1.07121e-06
9.91737e-07
9.17907e-07
8.49335e-07
7.85666e-07
7.26566e-07
6.71723e-07
6.20845e-07
5.7366e-07
5.29911e-07
4.8936e-07
4.51785e-07
4.16977e-07
3.84742e-07
3.54898e-07
3.27277e-07
3.01719e-07
2.78078e-07
2.56217e-07
2.36007e-07
2.17329e-07
2.00072e-07
1.84132e-07
1.69415e-07
1.55828e-07
1.43291e-07
1.31724e-07
1.21056e-07
1.1122e-07
1.02154e-07
9.38003e-08
8.61047e-08
7.90176e-08
7.2493e-08
6.6488e-08
6.09629e-08
5.58808e-08
5.12077e-08
4.6912e-08
4.29643e-08
3.93377e-08
3.60071e-08
3.29493e-08
3.01429e-08
2.75681e-08
2.52066e-08
2.30416e-08
2.10576e-08
1.92401e-08
1.75761e-08
1.60534e-08
1.46609e-08
1.33883e-08
1.22265e-08
1.1167e-08
1.0202e-08
9.32468e-09
8.5289e-09
7.80921e-09
7.16093e-09
6.58009e-09
6.0635e-09
5.60876e-09
5.21435e-09
4.8797e-09
4.60529e-09
4.39284e-09
4.24547e-09
4.16828e-09
0.206555
0.219006
0.23088
0.242269
0.253199
0.263656
0.273628
0.283106
0.292087
0.300572
0.308564
0.316068
0.32309
0.329636
0.335713
0.341328
0.346489
0.351204
0.35548
0.359324
0.362747
0.365756
0.36836
0.370568
0.37239
0.373835
0.374913
0.375635
0.376011
0.376051
0.375779
0.375182
0.374282
0.373091
0.371619
0.369879
0.367882
0.365639
0.363162
0.360462
0.35755
0.354439
0.351138
0.34766
0.344015
0.340213
0.336266
0.332183
0.327976
0.323654
0.319226
0.314703
0.310094
0.305408
0.300653
0.295839
0.290972
0.286063
0.281117
0.276142
0.271146
0.266136
0.261117
0.256097
0.25108
0.246073
0.241082
0.23611
0.231163
0.226246
0.221363
0.216517
0.211712
0.206953
0.202241
0.197581
0.192974
0.188424
0.183932
0.179501
0.175133
0.170828
0.16659
0.162418
0.158315
0.154281
0.150317
0.146423
0.1426
0.138849
0.13517
0.131562
0.128027
0.124563
0.121171
0.11785
0.1146
0.11142
0.108311
0.10527
0.102299
0.0993955
0.0965593
0.0937896
0.0910855
0.0884461
0.0858705
0.0833578
0.0809069
0.0785169
0.0761868
0.0739155
0.0717019
0.0695452
0.0674441
0.0653976
0.0634046
0.0614642
0.0595752
0.0577365
0.0559471
0.054206
0.052512
0.0508643
0.0492617
0.0477032
0.0461879
0.0447147
0.0432827
0.0418909
0.0405384
0.0392242
0.0379474
0.0367072
0.0355025
0.0343327
0.0331967
0.0320939
0.0310232
0.029984
0.0289755
0.0279968
0.0270472
0.0261261
0.0252325
0.0243659
0.0235255
0.0227106
0.0219207
0.0211549
0.0204128
0.0196936
0.0189968
0.0183217
0.0176678
0.0170345
0.0164212
0.0158275
0.0152526
0.0146963
0.0141579
0.0136369
0.0131328
0.0126453
0.0121737
0.0117178
0.0112769
0.0108508
0.0104389
0.0100408
0.00965627
0.00928478
0.00892597
0.00857947
0.00824492
0.00792198
0.00761028
0.00730949
0.00701929
0.00673935
0.00646936
0.00620902
0.00595802
0.00571609
0.00548292
0.00525826
0.00504183
0.00483337
0.00463263
0.00443936
0.00425331
0.00407426
0.00390197
0.00373623
0.00357681
0.00342351
0.00327611
0.00313444
0.00299828
0.00286745
0.00274177
0.00262107
0.00250516
0.00239389
0.00228708
0.00218459
0.00208625
0.00199192
0.00190146
0.00181473
0.00173159
0.00165191
0.00157556
0.00150241
0.00143236
0.00136528
0.00130107
0.0012396
0.00118079
0.00112452
0.0010707
0.00101923
0.000970028
0.000922996
0.000878052
0.000835111
0.000794095
0.000754926
0.00071753
0.000681833
0.000647768
0.000615267
0.000584265
0.000554699
0.000526511
0.000499642
0.000474037
0.000449641
0.000426403
0.000404273
0.000383204
0.000363149
0.000344064
0.000325907
0.000308636
0.000292213
0.000276598
0.000261757
0.000247654
0.000234256
0.00022153
0.000209446
0.000197974
0.000187086
0.000176755
0.000166954
0.000157659
0.000148846
0.000140491
0.000132573
0.000125072
0.000117966
0.000111237
0.000104866
9.88358e-05
9.31295e-05
8.77312e-05
8.26254e-05
7.77975e-05
7.32336e-05
6.89204e-05
6.4845e-05
6.09955e-05
5.73601e-05
5.39279e-05
5.06883e-05
4.76314e-05
4.47475e-05
4.20276e-05
3.94631e-05
3.70456e-05
3.47673e-05
3.26209e-05
3.05991e-05
2.86953e-05
2.69031e-05
2.52162e-05
2.36291e-05
2.21361e-05
2.07321e-05
1.94121e-05
1.81714e-05
1.70056e-05
1.59104e-05
1.48819e-05
1.39162e-05
1.30097e-05
1.21591e-05
1.13611e-05
1.06127e-05
9.91095e-06
9.25315e-06
8.63671e-06
8.05919e-06
7.51828e-06
7.0118e-06
6.53769e-06
6.094e-06
5.6789e-06
5.29065e-06
4.92761e-06
4.58824e-06
4.27109e-06
3.97479e-06
3.69803e-06
3.43961e-06
3.19838e-06
2.97326e-06
2.76322e-06
2.56732e-06
2.38465e-06
2.21438e-06
2.05569e-06
1.90785e-06
1.77016e-06
1.64195e-06
1.5226e-06
1.41154e-06
1.30822e-06
1.21212e-06
1.12277e-06
1.03971e-06
9.62534e-07
8.90835e-07
8.24246e-07
7.62421e-07
7.05036e-07
6.51786e-07
6.0239e-07
5.5658e-07
5.14109e-07
4.74744e-07
4.3827e-07
4.04484e-07
3.73197e-07
3.44232e-07
3.17425e-07
2.92622e-07
2.69681e-07
2.48468e-07
2.28858e-07
2.10735e-07
1.93992e-07
1.78529e-07
1.64251e-07
1.51071e-07
1.3891e-07
1.2769e-07
1.17343e-07
1.07804e-07
9.90114e-08
9.09099e-08
8.34473e-08
7.65752e-08
7.02489e-08
6.44266e-08
5.90698e-08
5.41429e-08
4.96127e-08
4.54486e-08
4.16221e-08
3.81069e-08
3.48788e-08
3.19153e-08
2.91956e-08
2.67005e-08
2.44123e-08
2.23146e-08
2.03924e-08
1.86317e-08
1.70198e-08
1.55449e-08
1.41963e-08
1.29641e-08
1.18393e-08
1.08136e-08
9.87981e-09
9.03109e-09
8.26155e-09
7.56596e-09
6.9398e-09
6.37926e-09
5.88126e-09
5.44349e-09
5.06448e-09
4.74361e-09
4.48125e-09
4.27885e-09
4.13908e-09
4.06627e-09
0.206457
0.218649
0.230382
0.241699
0.252571
0.262964
0.272855
0.282235
0.291101
0.299455
0.307303
0.314653
0.321513
0.327891
0.333796
0.339237
0.344222
0.348762
0.352863
0.356536
0.35979
0.362633
0.365075
0.367125
0.368794
0.370091
0.371026
0.371611
0.371855
0.371773
0.371376
0.370665
0.369657
0.368365
0.366798
0.36497
0.36289
0.360572
0.358025
0.355263
0.352295
0.349133
0.345788
0.342272
0.338595
0.334767
0.3308
0.326704
0.322487
0.318162
0.313736
0.309221
0.304623
0.299954
0.29522
0.290431
0.285595
0.280719
0.27581
0.270877
0.265926
0.260963
0.255996
0.251029
0.246069
0.241121
0.236191
0.231283
0.226401
0.221551
0.216736
0.21196
0.207227
0.20254
0.197902
0.193316
0.188784
0.184309
0.179894
0.175539
0.171247
0.167019
0.162857
0.158762
0.154735
0.150776
0.146888
0.143069
0.139321
0.135644
0.132037
0.128502
0.125038
0.121645
0.118323
0.115071
0.111889
0.108777
0.105734
0.102759
0.0998512
0.0970108
0.0942366
0.0915277
0.0888834
0.0863026
0.0837845
0.0813282
0.0789326
0.0765968
0.0743196
0.0721003
0.0699375
0.0678304
0.0657779
0.063779
0.0618324
0.0599373
0.0580926
0.0562972
0.05455
0.0528501
0.0511964
0.0495878
0.0480235
0.0465023
0.0450233
0.0435855
0.0421881
0.0408299
0.0395101
0.0382278
0.0369821
0.0357721
0.0345969
0.0334556
0.0323475
0.0312717
0.0302274
0.0292139
0.0282302
0.0272758
0.0263497
0.0254514
0.0245801
0.023735
0.0229156
0.0221211
0.0213509
0.0206044
0.0198809
0.0191798
0.0185005
0.0178424
0.017205
0.0165877
0.01599
0.0154113
0.0148511
0.0143089
0.0137842
0.0132765
0.0127853
0.0123102
0.0118508
0.0114065
0.010977
0.0105618
0.0101605
0.00977277
0.00939814
0.00903626
0.00868675
0.00834924
0.00802339
0.00770885
0.00740527
0.00711234
0.00682972
0.00655711
0.00629419
0.00604068
0.00579628
0.00556071
0.00533369
0.00511496
0.00490425
0.00470131
0.00450588
0.00431774
0.00413664
0.00396235
0.00379466
0.00363334
0.00347818
0.00332898
0.00318554
0.00304767
0.00291517
0.00278786
0.00266557
0.00254812
0.00243535
0.00232709
0.00222318
0.00212347
0.0020278
0.00193605
0.00184805
0.00176369
0.00168282
0.00160532
0.00153106
0.00145993
0.0013918
0.00132657
0.00126413
0.00120436
0.00114717
0.00109246
0.00104014
0.000990099
0.000942263
0.000896542
0.000852851
0.00081111
0.000771242
0.000733171
0.000696823
0.00066213
0.000629024
0.000597439
0.000567312
0.000538582
0.000511192
0.000485085
0.000460206
0.000436504
0.000413928
0.000392429
0.000371962
0.000352481
0.000333943
0.000316306
0.000299531
0.00028358
0.000268416
0.000254003
0.000240307
0.000227297
0.00021494
0.000203207
0.000192068
0.000181497
0.000171467
0.000161953
0.000152929
0.000144374
0.000136265
0.00012858
0.000121299
0.000114402
0.000107872
0.000101689
9.58371e-05
9.03e-05
8.50619e-05
8.01079e-05
7.54237e-05
7.09959e-05
6.68115e-05
6.2858e-05
5.91237e-05
5.55974e-05
5.22683e-05
4.91262e-05
4.61614e-05
4.33645e-05
4.07268e-05
3.82399e-05
3.58957e-05
3.36866e-05
3.16054e-05
2.96452e-05
2.77995e-05
2.6062e-05
2.44267e-05
2.28882e-05
2.14411e-05
2.00802e-05
1.88008e-05
1.75984e-05
1.64686e-05
1.54072e-05
1.44105e-05
1.34748e-05
1.25965e-05
1.17723e-05
1.09992e-05
1.02741e-05
9.5943e-06
8.95708e-06
8.35996e-06
7.80057e-06
7.27667e-06
6.78614e-06
6.32698e-06
5.89731e-06
5.49534e-06
5.11939e-06
4.76787e-06
4.43929e-06
4.13223e-06
3.84537e-06
3.57745e-06
3.3273e-06
3.09379e-06
2.87588e-06
2.6726e-06
2.483e-06
2.30622e-06
2.14143e-06
1.98788e-06
1.84482e-06
1.71159e-06
1.58755e-06
1.47208e-06
1.36463e-06
1.26468e-06
1.17172e-06
1.08529e-06
1.00496e-06
9.30315e-07
8.60973e-07
7.96576e-07
7.3679e-07
6.81299e-07
6.29811e-07
5.8205e-07
5.37759e-07
4.96699e-07
4.58645e-07
4.23386e-07
3.90727e-07
3.60486e-07
3.3249e-07
3.06582e-07
2.82612e-07
2.60442e-07
2.39943e-07
2.20995e-07
2.03484e-07
1.87308e-07
1.72368e-07
1.58575e-07
1.45843e-07
1.34096e-07
1.23259e-07
1.13265e-07
1.04052e-07
9.55603e-08
8.77367e-08
8.05304e-08
7.38947e-08
6.77862e-08
6.21648e-08
5.69932e-08
5.22368e-08
4.78636e-08
4.3844e-08
4.01506e-08
3.67578e-08
3.36423e-08
3.07824e-08
2.81578e-08
2.57502e-08
2.35424e-08
2.15185e-08
1.96641e-08
1.79656e-08
1.64108e-08
1.49884e-08
1.36879e-08
1.24998e-08
1.14154e-08
1.04269e-08
9.52713e-09
8.70965e-09
7.96876e-09
7.29945e-09
6.69738e-09
6.1589e-09
5.68107e-09
5.26168e-09
4.89929e-09
4.59328e-09
4.34387e-09
4.15225e-09
4.0206e-09
3.95247e-09
0.206235
0.218048
0.22967
0.240929
0.251716
0.261999
0.271762
0.280998
0.289707
0.297895
0.305568
0.312736
0.31941
0.325599
0.331314
0.336564
0.341359
0.34571
0.349626
0.353115
0.356189
0.358856
0.361127
0.363011
0.364519
0.36566
0.366446
0.366887
0.366993
0.366782
0.366257
0.365428
0.364309
0.362912
0.361249
0.35933
0.357167
0.354772
0.352157
0.349331
0.346308
0.343097
0.339711
0.336159
0.332454
0.328604
0.324621
0.320514
0.316294
0.311971
0.307553
0.30305
0.298471
0.293825
0.28912
0.284364
0.279565
0.274731
0.269869
0.264986
0.260088
0.255182
0.250274
0.245371
0.240477
0.235597
0.230738
0.225903
0.221097
0.216323
0.211587
0.206891
0.20224
0.197635
0.19308
0.188578
0.184131
0.179742
0.175412
0.171143
0.166937
0.162796
0.158719
0.15471
0.150768
0.146895
0.143091
0.139356
0.135691
0.132097
0.128572
0.125118
0.121734
0.11842
0.115176
0.112001
0.108895
0.105857
0.102888
0.099985
0.097149
0.0943786
0.0916732
0.089032
0.086454
0.0839383
0.0814841
0.0790903
0.076756
0.0744802
0.0722618
0.0701
0.0679935
0.0659415
0.0639428
0.0619964
0.0601013
0.0582564
0.0564607
0.0547131
0.0530126
0.0513583
0.049749
0.0481839
0.0466618
0.0451818
0.043743
0.0423444
0.040985
0.039664
0.0383804
0.0371333
0.0359219
0.0347452
0.0336025
0.0324928
0.0314154
0.0303695
0.0293543
0.028369
0.0274128
0.026485
0.0255849
0.0247118
0.0238649
0.0230437
0.0222474
0.0214753
0.0207269
0.0200015
0.0192985
0.0186173
0.0179573
0.017318
0.0166987
0.0160991
0.0155184
0.0149563
0.0144121
0.0138855
0.0133758
0.0128827
0.0124057
0.0119444
0.0114982
0.0110667
0.0106496
0.0102465
0.00985686
0.00948037
0.00911664
0.0087653
0.00842598
0.00809833
0.00778201
0.00747667
0.00718199
0.00689765
0.00662334
0.00635874
0.00610357
0.00585754
0.00562035
0.00539174
0.00517144
0.00495919
0.00475473
0.00455781
0.0043682
0.00418566
0.00400996
0.00384087
0.00367819
0.00352169
0.00337118
0.00322646
0.00308733
0.0029536
0.00282509
0.00270162
0.00258302
0.00246912
0.00235976
0.00225477
0.00215401
0.00205733
0.00196457
0.00187561
0.0017903
0.0017085
0.00163011
0.00155497
0.00148299
0.00141404
0.001348
0.00128478
0.00122425
0.00116633
0.0011109
0.00105788
0.00100718
0.000958688
0.000912335
0.000868032
0.000825699
0.000785257
0.000746631
0.000709747
0.000674535
0.000640927
0.000608857
0.000578262
0.00054908
0.000521254
0.000494726
0.000469441
0.000445347
0.000422393
0.000400531
0.000379713
0.000359895
0.000341032
0.000323083
0.000306008
0.000289767
0.000274325
0.000259645
0.000245693
0.000232436
0.000219843
0.000207883
0.000196527
0.000185747
0.000175516
0.00016581
0.000156603
0.000147872
0.000139593
0.000131747
0.000124312
0.000117267
0.000110595
0.000104278
9.82969e-05
9.26364e-05
8.72805e-05
8.22141e-05
7.74226e-05
7.28924e-05
6.86102e-05
6.45636e-05
6.07405e-05
5.71296e-05
5.37199e-05
5.0501e-05
4.74631e-05
4.45967e-05
4.18928e-05
3.93429e-05
3.69389e-05
3.46729e-05
3.25376e-05
3.05261e-05
2.86316e-05
2.68477e-05
2.51686e-05
2.35884e-05
2.21017e-05
2.07033e-05
1.93884e-05
1.81523e-05
1.69906e-05
1.5899e-05
1.48738e-05
1.39109e-05
1.3007e-05
1.21587e-05
1.13626e-05
1.06159e-05
9.91567e-06
9.25914e-06
8.64379e-06
8.06718e-06
7.52704e-06
7.02118e-06
6.54757e-06
6.10427e-06
5.68946e-06
5.30141e-06
4.9385e-06
4.59918e-06
4.28203e-06
3.98566e-06
3.7088e-06
3.45024e-06
3.20883e-06
2.98349e-06
2.77322e-06
2.57707e-06
2.39414e-06
2.22358e-06
2.0646e-06
1.91646e-06
1.77846e-06
1.64995e-06
1.53029e-06
1.41892e-06
1.3153e-06
1.2189e-06
1.12925e-06
1.0459e-06
9.6844e-07
8.96463e-07
8.29604e-07
7.67516e-07
7.09876e-07
6.56381e-07
6.06746e-07
5.60707e-07
5.18016e-07
4.7844e-07
4.41763e-07
4.07782e-07
3.76308e-07
3.47166e-07
3.20189e-07
2.95225e-07
2.7213e-07
2.5077e-07
2.31021e-07
2.12766e-07
1.95898e-07
1.80316e-07
1.65926e-07
1.5264e-07
1.40378e-07
1.29064e-07
1.18628e-07
1.09004e-07
1.00133e-07
9.19567e-08
8.44238e-08
7.74858e-08
7.10974e-08
6.5217e-08
5.98057e-08
5.48276e-08
5.02494e-08
4.60403e-08
4.21718e-08
3.86173e-08
3.53524e-08
3.23545e-08
2.96026e-08
2.70774e-08
2.4761e-08
2.2637e-08
2.06901e-08
1.89063e-08
1.72727e-08
1.57774e-08
1.44096e-08
1.31591e-08
1.20169e-08
1.09747e-08
1.00247e-08
9.1603e-09
8.37521e-09
7.66398e-09
7.02182e-09
6.44459e-09
5.92881e-09
5.47168e-09
5.07108e-09
4.72562e-09
4.43467e-09
4.19834e-09
4.01755e-09
3.89403e-09
3.83056e-09
0.20581
0.217047
0.228627
0.239819
0.250465
0.260582
0.270169
0.279221
0.287741
0.295735
0.303211
0.310181
0.316655
0.322644
0.328159
0.333212
0.337811
0.341969
0.345694
0.348998
0.35189
0.35438
0.356478
0.358195
0.359541
0.360527
0.361164
0.361462
0.361433
0.361092
0.360442
0.359497
0.35827
0.356772
0.355014
0.353009
0.350767
0.348299
0.345619
0.342736
0.339662
0.336409
0.332986
0.329405
0.325677
0.321812
0.317819
0.31371
0.309494
0.30518
0.300777
0.296296
0.291743
0.287129
0.282461
0.277747
0.272994
0.268211
0.263403
0.258579
0.253744
0.248904
0.244066
0.239234
0.234415
0.229614
0.224834
0.220081
0.215359
0.210672
0.206024
0.201417
0.196855
0.192342
0.18788
0.183471
0.179117
0.174822
0.170586
0.166411
0.1623
0.158252
0.15427
0.150354
0.146506
0.142725
0.139013
0.13537
0.131795
0.12829
0.124855
0.121488
0.118191
0.114963
0.111803
0.108711
0.105687
0.102731
0.0998404
0.0970161
0.094257
0.0915622
0.0889311
0.0863627
0.0838562
0.0814106
0.0790251
0.0766987
0.0744304
0.0722191
0.070064
0.067964
0.0659181
0.0639252
0.0619843
0.0600944
0.0582545
0.0564635
0.0547204
0.0530241
0.0513738
0.0497683
0.0482067
0.046688
0.0452113
0.0437755
0.0423797
0.041023
0.0397045
0.0384233
0.0371784
0.035969
0.0347943
0.0336533
0.0325453
0.0314694
0.0304249
0.029411
0.0284268
0.0274717
0.0265449
0.0256456
0.0247732
0.023927
0.0231063
0.0223104
0.0215388
0.0207906
0.0200655
0.0193626
0.0186815
0.0180215
0.0173821
0.0167627
0.0161629
0.015582
0.0150195
0.014475
0.013948
0.0134379
0.0129443
0.0124667
0.0120048
0.011558
0.0111259
0.0107081
0.0103042
0.00991386
0.0095366
0.00917207
0.00881991
0.00847976
0.00815125
0.00783406
0.00752784
0.00723226
0.00694701
0.00667178
0.00640626
0.00615015
0.00590318
0.00566506
0.00543551
0.00521426
0.00500107
0.00479566
0.00459781
0.00440726
0.00422379
0.00404716
0.00387716
0.00371356
0.00355616
0.00340476
0.00325915
0.00311914
0.00298455
0.00285518
0.00273087
0.00261144
0.00249672
0.00238656
0.00228078
0.00217924
0.0020818
0.00198829
0.00189859
0.00181256
0.00173006
0.00165097
0.00157516
0.00150252
0.00143292
0.00136625
0.00130241
0.00124128
0.00118277
0.00112677
0.00107319
0.00102194
0.000972925
0.000926057
0.000881253
0.000838434
0.000797519
0.000758433
0.000721103
0.000685458
0.00065143
0.000618953
0.000587963
0.0005584
0.000530204
0.000503317
0.000477686
0.000453258
0.00042998
0.000407805
0.000386685
0.000366575
0.000347431
0.00032921
0.000311873
0.00029538
0.000279695
0.00026478
0.000250603
0.000237128
0.000224326
0.000212165
0.000200615
0.00018965
0.000179241
0.000169363
0.000159992
0.000151102
0.000142673
0.000134681
0.000127106
0.000119929
0.000113129
0.000106689
0.000100591
9.48179e-05
8.93546e-05
8.41855e-05
7.92959e-05
7.46718e-05
7.03001e-05
6.61678e-05
6.2263e-05
5.85741e-05
5.509e-05
5.18001e-05
4.86945e-05
4.57636e-05
4.29983e-05
4.03898e-05
3.793e-05
3.5611e-05
3.34253e-05
3.13657e-05
2.94255e-05
2.75983e-05
2.58779e-05
2.42585e-05
2.27346e-05
2.13009e-05
1.99525e-05
1.86845e-05
1.74926e-05
1.63725e-05
1.53201e-05
1.43316e-05
1.34034e-05
1.2532e-05
1.17142e-05
1.09468e-05
1.02271e-05
9.55208e-06
8.91929e-06
8.3262e-06
7.77048e-06
7.24993e-06
6.76243e-06
6.30603e-06
5.87886e-06
5.47915e-06
5.10525e-06
4.75558e-06
4.42866e-06
4.1231e-06
3.83759e-06
3.57087e-06
3.32179e-06
3.08925e-06
2.8722e-06
2.66967e-06
2.48074e-06
2.30455e-06
2.14029e-06
1.98719e-06
1.84453e-06
1.71165e-06
1.58789e-06
1.47268e-06
1.36545e-06
1.26568e-06
1.17287e-06
1.08656e-06
1.00633e-06
9.31757e-07
8.62472e-07
7.98116e-07
7.38355e-07
6.82877e-07
6.31391e-07
5.83622e-07
5.39316e-07
4.98233e-07
4.60149e-07
4.24857e-07
3.9216e-07
3.61878e-07
3.33839e-07
3.07885e-07
2.83869e-07
2.61651e-07
2.41104e-07
2.22107e-07
2.04548e-07
1.88324e-07
1.73337e-07
1.59497e-07
1.4672e-07
1.34928e-07
1.24049e-07
1.14013e-07
1.0476e-07
9.62294e-08
8.83683e-08
8.11261e-08
7.44559e-08
6.83145e-08
6.26616e-08
5.74599e-08
5.26749e-08
4.82745e-08
4.4229e-08
4.0511e-08
3.7095e-08
3.39574e-08
3.10765e-08
2.84322e-08
2.60058e-08
2.37802e-08
2.17395e-08
1.98691e-08
1.81555e-08
1.65864e-08
1.51501e-08
1.38364e-08
1.26356e-08
1.15389e-08
1.05382e-08
9.62642e-09
8.79686e-09
8.04367e-09
7.36161e-09
6.74608e-09
6.19313e-09
5.69945e-09
5.26236e-09
4.87986e-09
4.5506e-09
4.27394e-09
4.04992e-09
3.87925e-09
3.76327e-09
3.7041e-09
0.205859
0.215924
0.227219
0.238157
0.248553
0.258446
0.267824
0.276672
0.284989
0.292781
0.300056
0.306825
0.313099
0.31889
0.324209
0.329068
0.333477
0.337448
0.34099
0.344115
0.346832
0.349152
0.351086
0.352645
0.353838
0.354677
0.355173
0.355337
0.355182
0.354718
0.353955
0.352904
0.351577
0.349987
0.348145
0.346062
0.34375
0.34122
0.338485
0.335554
0.33244
0.329153
0.325704
0.322104
0.318363
0.314492
0.3105
0.306398
0.302195
0.297901
0.293524
0.289073
0.284557
0.279985
0.275363
0.2707
0.266004
0.26128
0.256537
0.251781
0.247017
0.242253
0.237493
0.232743
0.228008
0.223293
0.218602
0.21394
0.20931
0.204717
0.200164
0.195655
0.191191
0.186777
0.182414
0.178106
0.173853
0.169658
0.165524
0.16145
0.157439
0.153493
0.149611
0.145795
0.142046
0.138364
0.134749
0.131203
0.127724
0.124314
0.120973
0.117699
0.114494
0.111356
0.108285
0.105281
0.102344
0.0994723
0.0966659
0.093924
0.0912457
0.0886304
0.0860773
0.0835854
0.081154
0.078782
0.0764686
0.0742128
0.0720136
0.0698701
0.0677812
0.0657459
0.0637633
0.0618323
0.0599519
0.0581211
0.0563389
0.0546042
0.0529161
0.0512735
0.0496755
0.0481211
0.0466093
0.0451391
0.0437096
0.0423199
0.040969
0.0396561
0.0383801
0.0371403
0.0359358
0.0347657
0.0336292
0.0325254
0.0314535
0.0304129
0.0294025
0.0284218
0.02747
0.0265462
0.0256499
0.0247803
0.0239367
0.0231185
0.022325
0.0215555
0.0208094
0.0200861
0.019385
0.0187055
0.0180471
0.0174091
0.0167911
0.0161924
0.0156126
0.0150511
0.0145075
0.0139813
0.0134719
0.012979
0.012502
0.0120405
0.0115941
0.0111623
0.0107448
0.0103411
0.00995089
0.0095737
0.0092092
0.00885702
0.00851678
0.00818816
0.00787079
0.00756436
0.00726854
0.00698301
0.00670746
0.00644159
0.00618511
0.00593774
0.00569918
0.00546918
0.00524747
0.00503378
0.00482787
0.0046295
0.00443841
0.00425439
0.00407721
0.00390663
0.00374246
0.00358448
0.00343249
0.00328629
0.00314568
0.00301049
0.00288053
0.00275563
0.0026356
0.00252029
0.00240953
0.00230317
0.00220104
0.00210302
0.00200894
0.00191867
0.00183208
0.00174902
0.00166939
0.00159304
0.00151986
0.00144974
0.00138256
0.00131821
0.00125659
0.00119759
0.00114111
0.00108707
0.00103536
0.000985892
0.000938586
0.000893355
0.000850117
0.000808794
0.000769311
0.000731593
0.00069557
0.000661175
0.00062834
0.000597002
0.0005671
0.000538575
0.00051137
0.000485429
0.000460699
0.000437131
0.000414673
0.000393279
0.000372904
0.000353503
0.000335035
0.000317458
0.000300734
0.000284824
0.000269694
0.000255307
0.000241632
0.000228635
0.000216287
0.000204557
0.000193418
0.000182842
0.000172803
0.000163277
0.000154239
0.000145666
0.000137537
0.00012983
0.000122526
0.000115604
0.000109047
0.000102837
9.69571e-05
9.1391e-05
8.61233e-05
8.11394e-05
7.6425e-05
7.19668e-05
6.7752e-05
6.37681e-05
6.00036e-05
5.64473e-05
5.30885e-05
4.99171e-05
4.69234e-05
4.40981e-05
4.14325e-05
3.89182e-05
3.65472e-05
3.43119e-05
3.22052e-05
3.02201e-05
2.83502e-05
2.65891e-05
2.49311e-05
2.33704e-05
2.19018e-05
2.05201e-05
1.92207e-05
1.79989e-05
1.68503e-05
1.5771e-05
1.47569e-05
1.38044e-05
1.291e-05
1.20704e-05
1.12825e-05
1.05432e-05
9.84971e-06
9.19942e-06
8.58979e-06
8.01842e-06
7.48307e-06
6.98161e-06
6.512e-06
6.07236e-06
5.66088e-06
5.27587e-06
4.91572e-06
4.57892e-06
4.26405e-06
3.96976e-06
3.69477e-06
3.4379e-06
3.19802e-06
2.97407e-06
2.76504e-06
2.57001e-06
2.38808e-06
2.21842e-06
2.06024e-06
1.91282e-06
1.77546e-06
1.64751e-06
1.52836e-06
1.41743e-06
1.31419e-06
1.21813e-06
1.12878e-06
1.0457e-06
9.68454e-07
8.96668e-07
8.29972e-07
7.68022e-07
7.10496e-07
6.57096e-07
6.07538e-07
5.6156e-07
5.18916e-07
4.79375e-07
4.42722e-07
4.08756e-07
3.77289e-07
3.48146e-07
3.21163e-07
2.96188e-07
2.73077e-07
2.51698e-07
2.31926e-07
2.13647e-07
1.96752e-07
1.81142e-07
1.66722e-07
1.53407e-07
1.41114e-07
1.29769e-07
1.19302e-07
1.09648e-07
1.00746e-07
9.25405e-08
8.49786e-08
7.80122e-08
7.15963e-08
6.56891e-08
6.02519e-08
5.52488e-08
5.06467e-08
4.64145e-08
4.25238e-08
3.89481e-08
3.5663e-08
3.26457e-08
2.98754e-08
2.73326e-08
2.49995e-08
2.28595e-08
2.08973e-08
1.9099e-08
1.74515e-08
1.59429e-08
1.45622e-08
1.32993e-08
1.2145e-08
1.10909e-08
1.01292e-08
9.25302e-09
8.45597e-09
7.73243e-09
7.07737e-09
6.48639e-09
5.95571e-09
5.48216e-09
5.06317e-09
4.69684e-09
4.38187e-09
4.11764e-09
3.90413e-09
3.74194e-09
3.63215e-09
3.57645e-09
)
;

boundaryField
{
    frontAndBack
    {
        type            empty;
    }
    inlet
    {
        type            uniformFixedValue;
        uniformValue    
        {
            type            table;
            values          
4
(
(0 0)
(0.05 1)
(0.1 1)
(0.15 0)
)
;
        }
        value           uniform 0.2;
    }
    outlet
    {
        type            zeroGradient;
    }
    substrate
    {
        type            firstorder;
        value           nonuniform List<scalar> 
400
(
0.204827
0.214786
0.225967
0.236799
0.247096
0.256893
0.266174
0.274925
0.283146
0.290842
0.298022
0.304697
0.310879
0.316579
0.321808
0.326579
0.330901
0.334787
0.338246
0.34129
0.343929
0.346173
0.348034
0.349521
0.350646
0.35142
0.351854
0.351959
0.351748
0.351232
0.350419
0.349323
0.347954
0.346325
0.344447
0.342333
0.339993
0.337439
0.334682
0.331734
0.328606
0.325309
0.321853
0.318249
0.314508
0.31064
0.306655
0.302562
0.298371
0.294092
0.289733
0.285302
0.28081
0.276263
0.271669
0.267037
0.262373
0.257684
0.252978
0.24826
0.243536
0.238813
0.234096
0.229391
0.224701
0.220033
0.21539
0.210777
0.206197
0.201655
0.197153
0.192694
0.188283
0.183921
0.179611
0.175355
0.171155
0.167014
0.162932
0.158911
0.154953
0.151059
0.14723
0.143466
0.139768
0.136137
0.132573
0.129077
0.125648
0.122287
0.118994
0.115769
0.11261
0.109519
0.106494
0.103536
0.100643
0.0978152
0.0950519
0.0923522
0.0897155
0.087141
0.0846279
0.0821753
0.0797823
0.077448
0.0751715
0.0729518
0.070788
0.0686791
0.0666241
0.0646219
0.0626717
0.0607723
0.0589228
0.0571221
0.0553694
0.0536634
0.0520033
0.0503881
0.0488168
0.0472884
0.045802
0.0443565
0.0429511
0.0415849
0.0402569
0.0389662
0.0377119
0.0364932
0.0353092
0.0341591
0.033042
0.0319571
0.0309036
0.0298808
0.0288879
0.027924
0.0269886
0.0260808
0.0252
0.0243454
0.0235164
0.0227124
0.0219326
0.0211765
0.0204433
0.0197326
0.0190438
0.0183761
0.0177292
0.0171023
0.0164951
0.0159069
0.0153372
0.0147856
0.0142515
0.0137344
0.013234
0.0127497
0.0122811
0.0118277
0.0113891
0.0109649
0.0105548
0.0101582
0.00977481
0.00940427
0.00904619
0.0087002
0.00836596
0.00804313
0.00773136
0.00743034
0.00713973
0.00685924
0.00658856
0.00632738
0.00607544
0.00583243
0.00559809
0.00537216
0.00515436
0.00494446
0.00474219
0.00454732
0.00435962
0.00417886
0.00400481
0.00383726
0.00367599
0.00352081
0.00337151
0.0032279
0.00308979
0.00295699
0.00282934
0.00270664
0.00258874
0.00247548
0.00236668
0.00226221
0.0021619
0.00206561
0.0019732
0.00188454
0.00179948
0.0017179
0.00163968
0.00156469
0.00149281
0.00142393
0.00135795
0.00129474
0.00123421
0.00117626
0.00112079
0.0010677
0.00101691
0.000968328
0.000921863
0.000877436
0.000834967
0.000794379
0.000755598
0.000718551
0.00068317
0.000649386
0.000617135
0.000586355
0.000556986
0.000528969
0.000502247
0.000476768
0.000452479
0.00042933
0.000407273
0.00038626
0.000366248
0.000347193
0.000329053
0.00031179
0.000295363
0.000279737
0.000264877
0.000250747
0.000237315
0.00022455
0.000212422
0.000200902
0.000189961
0.000179574
0.000169714
0.000160358
0.000151481
0.000143061
0.000135077
0.000127508
0.000120334
0.000113536
0.000107096
0.000100997
9.52219e-05
8.97552e-05
8.45817e-05
7.96867e-05
7.50566e-05
7.06781e-05
6.65386e-05
6.26259e-05
5.89287e-05
5.5436e-05
5.21373e-05
4.90226e-05
4.60824e-05
4.33076e-05
4.06897e-05
3.82204e-05
3.58918e-05
3.36966e-05
3.16276e-05
2.9678e-05
2.78416e-05
2.6112e-05
2.44837e-05
2.29509e-05
2.15086e-05
2.01517e-05
1.88756e-05
1.76756e-05
1.65477e-05
1.54877e-05
1.44918e-05
1.35564e-05
1.2678e-05
1.18535e-05
1.10797e-05
1.03536e-05
9.6726e-06
9.03398e-06
8.43528e-06
7.87418e-06
7.34844e-06
6.85597e-06
6.3948e-06
5.96306e-06
5.55897e-06
5.18087e-06
4.8272e-06
4.49645e-06
4.18724e-06
3.89823e-06
3.62819e-06
3.37594e-06
3.14037e-06
2.92045e-06
2.71518e-06
2.52366e-06
2.345e-06
2.17839e-06
2.02307e-06
1.8783e-06
1.74341e-06
1.61777e-06
1.50076e-06
1.39183e-06
1.29045e-06
1.19613e-06
1.10839e-06
1.0268e-06
9.50949e-07
8.80458e-07
8.14964e-07
7.54132e-07
6.97645e-07
6.45208e-07
5.96545e-07
5.51397e-07
5.09522e-07
4.70696e-07
4.34705e-07
4.01352e-07
3.70454e-07
3.41838e-07
3.15343e-07
2.90819e-07
2.68126e-07
2.47134e-07
2.2772e-07
2.09771e-07
1.93182e-07
1.77854e-07
1.63696e-07
1.50622e-07
1.38552e-07
1.27412e-07
1.17135e-07
1.07656e-07
9.89155e-08
9.08585e-08
8.34337e-08
7.65936e-08
7.02941e-08
6.44941e-08
5.91556e-08
5.42433e-08
4.97247e-08
4.55694e-08
4.17494e-08
3.82387e-08
3.50132e-08
3.20508e-08
2.93309e-08
2.68343e-08
2.45436e-08
2.24425e-08
2.05161e-08
1.87505e-08
1.7133e-08
1.56518e-08
1.42963e-08
1.30564e-08
1.19232e-08
1.08883e-08
9.94411e-09
9.08388e-09
8.30137e-09
7.59102e-09
6.94792e-09
6.36772e-09
5.84673e-09
5.38182e-09
4.97049e-09
4.61084e-09
4.30162e-09
4.0422e-09
3.83258e-09
3.67338e-09
3.56575e-09
3.51117e-09
)
;
    }
    Wall
    {
        type            firstorder;
        value           nonuniform List<scalar> 
400
(
0.204824
0.214781
0.225969
0.236802
0.247094
0.256884
0.26616
0.274907
0.283125
0.290818
0.297996
0.304669
0.310849
0.316548
0.321777
0.326547
0.330869
0.334754
0.338214
0.341258
0.343897
0.346141
0.348002
0.34949
0.350616
0.351391
0.351825
0.351931
0.351721
0.351205
0.350393
0.349297
0.34793
0.346302
0.344425
0.342311
0.339972
0.337419
0.334663
0.331716
0.328588
0.325292
0.321837
0.318234
0.314494
0.310626
0.306641
0.302549
0.298359
0.294081
0.289722
0.285293
0.280801
0.276254
0.271661
0.26703
0.262366
0.257678
0.252972
0.248254
0.243531
0.238809
0.234092
0.229387
0.224698
0.22003
0.215388
0.210775
0.206195
0.201653
0.197151
0.192694
0.188282
0.183921
0.179611
0.175355
0.171155
0.167014
0.162932
0.158912
0.154954
0.15106
0.147231
0.143467
0.139769
0.136138
0.132575
0.129079
0.12565
0.122289
0.118996
0.115771
0.112612
0.109521
0.106496
0.103538
0.100645
0.0978174
0.095054
0.0923544
0.0897177
0.0871432
0.0846301
0.0821775
0.0797845
0.0774502
0.0751737
0.072954
0.0707902
0.0686812
0.0666262
0.064624
0.0626738
0.0607744
0.0589248
0.0571242
0.0553713
0.0536654
0.0520053
0.0503901
0.0488187
0.0472903
0.0458038
0.0443583
0.0429529
0.0415866
0.0402586
0.0389679
0.0377136
0.0364948
0.0353108
0.0341606
0.0330435
0.0319586
0.0309051
0.0298822
0.0288893
0.0279254
0.0269899
0.0260821
0.0252013
0.0243467
0.0235177
0.0227136
0.0219338
0.0211776
0.0204445
0.0197338
0.0190449
0.0183772
0.0177302
0.0171033
0.0164961
0.0159078
0.0153382
0.0147865
0.0142524
0.0137353
0.0132349
0.0127505
0.0122819
0.0118285
0.0113899
0.0109657
0.0105555
0.0101589
0.00977553
0.00940497
0.00904687
0.00870086
0.00836661
0.00804376
0.00773197
0.00743093
0.00714031
0.00685981
0.00658911
0.00632792
0.00607596
0.00583294
0.00559858
0.00537264
0.00515483
0.00494491
0.00474263
0.00454775
0.00436004
0.00417926
0.0040052
0.00383763
0.00367636
0.00352116
0.00337185
0.00322823
0.00309011
0.00295731
0.00282964
0.00270694
0.00258903
0.00247575
0.00236695
0.00226247
0.00216215
0.00206585
0.00197344
0.00188476
0.0017997
0.00171811
0.00163988
0.00156488
0.001493
0.00142412
0.00135812
0.00129491
0.00123438
0.00117642
0.00112094
0.00106785
0.00101705
0.000968464
0.000921994
0.000877562
0.000835088
0.000794496
0.00075571
0.000718659
0.000683273
0.000649486
0.000617231
0.000586447
0.000557074
0.000529053
0.000502329
0.000476846
0.000452554
0.000429402
0.000407341
0.000386326
0.000366311
0.000347253
0.000329111
0.000311845
0.000295416
0.000279788
0.000264925
0.000250793
0.00023736
0.000224593
0.000212463
0.000200941
0.000189998
0.000179609
0.000169748
0.00016039
0.000151512
0.000143091
0.000135105
0.000127535
0.000120359
0.00011356
0.000107119
0.000101019
9.52428e-05
8.97751e-05
8.46005e-05
7.97047e-05
7.50737e-05
7.06943e-05
6.6554e-05
6.26406e-05
5.89427e-05
5.54492e-05
5.21498e-05
4.90345e-05
4.60937e-05
4.33184e-05
4.06999e-05
3.823e-05
3.5901e-05
3.37052e-05
3.16358e-05
2.96858e-05
2.78489e-05
2.6119e-05
2.44902e-05
2.29572e-05
2.15145e-05
2.01573e-05
1.88808e-05
1.76806e-05
1.65524e-05
1.54921e-05
1.4496e-05
1.35603e-05
1.26818e-05
1.1857e-05
1.1083e-05
1.03567e-05
9.67555e-06
9.03676e-06
8.4379e-06
7.87664e-06
7.35076e-06
6.85816e-06
6.39686e-06
5.96499e-06
5.56079e-06
5.18259e-06
4.8288e-06
4.49796e-06
4.18865e-06
3.89956e-06
3.62944e-06
3.37711e-06
3.14147e-06
2.92148e-06
2.71615e-06
2.52457e-06
2.34585e-06
2.17919e-06
2.02381e-06
1.879e-06
1.74407e-06
1.61838e-06
1.50133e-06
1.39237e-06
1.29095e-06
1.19659e-06
1.10882e-06
1.02721e-06
9.5133e-07
8.80814e-07
8.15296e-07
7.54442e-07
6.97934e-07
6.45477e-07
5.96796e-07
5.51631e-07
5.0974e-07
4.70899e-07
4.34894e-07
4.01528e-07
3.70618e-07
3.4199e-07
3.15485e-07
2.90951e-07
2.68248e-07
2.47247e-07
2.27825e-07
2.09869e-07
1.93273e-07
1.77939e-07
1.63774e-07
1.50694e-07
1.38619e-07
1.27475e-07
1.17193e-07
1.07709e-07
9.89649e-08
9.09042e-08
8.34761e-08
7.66328e-08
7.03303e-08
6.45276e-08
5.91865e-08
5.42719e-08
4.97511e-08
4.55938e-08
4.17719e-08
3.82595e-08
3.50324e-08
3.20685e-08
2.93471e-08
2.68493e-08
2.45574e-08
2.24553e-08
2.05278e-08
1.87613e-08
1.71429e-08
1.5661e-08
1.43047e-08
1.30642e-08
1.19303e-08
1.08948e-08
9.95012e-09
9.08941e-09
8.30645e-09
7.5957e-09
6.95223e-09
6.3717e-09
5.8504e-09
5.38522e-09
4.97365e-09
4.61379e-09
4.30439e-09
4.04483e-09
3.8351e-09
3.67578e-09
3.56793e-09
3.51321e-09
)
;
    }
}


// ************************************************************************* //
