/*--------------------------------*- C++ -*----------------------------------*\
  =========                 |
  \\      /  F ield         | OpenFOAM: The Open Source CFD Toolbox
   \\    /   O peration     | Website:  https://openfoam.org
    \\  /    A nd           | Version:  dev
     \\/     M anipulation  |
\*---------------------------------------------------------------------------*/
FoamFile
{
    format      ascii;
    class       volScalarField;
    location    "0.2";
    object      N1;
}
// * * * * * * * * * * * * * * * * * * * * * * * * * * * * * * * * * * * * * //

dimensions      [0 0 0 0 0 0 0];

internalField   nonuniform List<scalar> 
8000
(
7.42809e-05
0.000236551
0.000414832
0.000608135
0.000816318
0.0010398
0.00127895
0.00153412
0.00180572
0.0020942
0.00239998
0.00272352
0.00306522
0.00342549
0.00380467
0.00420308
0.004621
0.00505865
0.0055162
0.00599376
0.00649139
0.0070091
0.00754684
0.00810449
0.00868189
0.00927881
0.00989498
0.0105301
0.0111837
0.0118553
0.0125446
0.0132508
0.0139735
0.0147119
0.0154653
0.016233
0.0170142
0.017808
0.0186135
0.0194298
0.0202559
0.0210907
0.0219334
0.0227826
0.0236375
0.0244968
0.0253593
0.026224
0.0270895
0.0279548
0.0288186
0.0296796
0.0305367
0.0313886
0.0322342
0.0330721
0.0339013
0.0347205
0.0355286
0.0363244
0.0371067
0.0378746
0.0386269
0.0393626
0.0400806
0.0407801
0.0414601
0.0421197
0.042758
0.0433743
0.0439679
0.0445379
0.0450837
0.0456048
0.0461006
0.0465706
0.0470143
0.0474313
0.0478212
0.0481839
0.048519
0.0488264
0.0491058
0.0493573
0.0495808
0.0497762
0.0499437
0.0500834
0.0501954
0.0502799
0.0503371
0.0503674
0.0503711
0.0503487
0.0503003
0.0502263
0.0501273
0.0500037
0.0498562
0.0496851
0.0494912
0.0492751
0.0490373
0.0487785
0.0484993
0.0482004
0.0478825
0.0475463
0.0471925
0.0468218
0.0464349
0.0460326
0.0456155
0.0451844
0.0447399
0.0442829
0.0438141
0.0433341
0.0428437
0.0423435
0.0418343
0.0413167
0.0407914
0.0402591
0.0397204
0.0391759
0.0386263
0.0380722
0.0375142
0.0369528
0.0363886
0.0358222
0.0352541
0.0346848
0.0341148
0.0335445
0.0329745
0.0324052
0.0318371
0.0312704
0.0307057
0.0301433
0.0295835
0.0290268
0.0284733
0.0279236
0.0273777
0.0268361
0.0262989
0.0257665
0.025239
0.0247168
0.0241998
0.0236885
0.0231829
0.0226832
0.0221895
0.0217021
0.0212209
0.0207462
0.020278
0.0198165
0.0193616
0.0189135
0.0184723
0.0180379
0.0176105
0.01719
0.0167765
0.0163699
0.0159704
0.0155779
0.0151924
0.0148139
0.0144424
0.0140778
0.0137201
0.0133694
0.0130255
0.0126883
0.012358
0.0120343
0.0117173
0.0114069
0.011103
0.0108055
0.0105145
0.0102297
0.00995124
0.00967891
0.00941267
0.00915243
0.00889812
0.00864966
0.00840695
0.00816992
0.00793847
0.00771252
0.00749197
0.00727675
0.00706676
0.00686192
0.00666212
0.00646729
0.00627734
0.00609216
0.00591168
0.00573581
0.00556445
0.00539752
0.00523493
0.00507659
0.00492242
0.00477233
0.00462623
0.00448404
0.00434568
0.00421107
0.00408012
0.00395275
0.00382888
0.00370844
0.00359134
0.00347751
0.00336687
0.00325935
0.00315488
0.00305339
0.00295479
0.00285903
0.00276603
0.00267573
0.00258806
0.00250295
0.00242035
0.00234018
0.00226239
0.00218692
0.0021137
0.00204268
0.0019738
0.00190701
0.00184225
0.00177947
0.00171861
0.00165962
0.00160246
0.00154707
0.00149341
0.00144143
0.00139108
0.00134232
0.0012951
0.00124938
0.00120513
0.00116229
0.00112083
0.0010807
0.00104188
0.00100432
0.000967992
0.000932852
0.00089887
0.000866011
0.000834242
0.000803531
0.000773848
0.00074516
0.00071744
0.000690657
0.000664784
0.000639793
0.000615657
0.00059235
0.000569847
0.000548123
0.000527153
0.000506916
0.000487387
0.000468544
0.000450367
0.000432833
0.000415923
0.000399617
0.000383895
0.000368738
0.000354129
0.000340049
0.000326482
0.000313411
0.000300818
0.00028869
0.000277009
0.000265762
0.000254934
0.00024451
0.000234478
0.000224823
0.000215534
0.000206597
0.000198001
0.000189734
0.000181784
0.000174141
0.000166794
0.000159732
0.000152945
0.000146424
0.00014016
0.000134142
0.000128363
0.000122814
0.000117486
0.000112371
0.000107463
0.000102752
9.82321e-05
9.38962e-05
8.97374e-05
8.57491e-05
8.19248e-05
7.82585e-05
7.47443e-05
7.13763e-05
6.8149e-05
6.5057e-05
6.20953e-05
5.92586e-05
5.65423e-05
5.39417e-05
5.14522e-05
4.90695e-05
4.67893e-05
4.46078e-05
4.25209e-05
4.05249e-05
3.86161e-05
3.67911e-05
3.50465e-05
3.3379e-05
3.17855e-05
3.02629e-05
2.88084e-05
2.74192e-05
2.60925e-05
2.48259e-05
2.36166e-05
2.24625e-05
2.13611e-05
2.03102e-05
1.93077e-05
1.83515e-05
1.74397e-05
1.65704e-05
1.57416e-05
1.49518e-05
1.41991e-05
1.3482e-05
1.27988e-05
1.21482e-05
1.15287e-05
1.09389e-05
1.03775e-05
9.84324e-06
9.33489e-06
8.8513e-06
8.39137e-06
7.95403e-06
7.53827e-06
7.14311e-06
6.76764e-06
6.41096e-06
6.07223e-06
5.75064e-06
5.44544e-06
5.15591e-06
4.88134e-06
4.62111e-06
4.3746e-06
4.14123e-06
3.92049e-06
3.71188e-06
3.51494e-06
3.32928e-06
3.15453e-06
2.99038e-06
2.83656e-06
2.69285e-06
2.55911e-06
2.43525e-06
2.32123e-06
2.2171e-06
2.12299e-06
2.0391e-06
1.96574e-06
1.90328e-06
1.85219e-06
1.81302e-06
1.78634e-06
1.77275e-06
7.27755e-05
0.000233212
0.000410022
0.000602712
0.00081099
0.00103503
0.00127512
0.00153157
0.0018048
0.00209523
0.00240331
0.0027295
0.00307422
0.00343789
0.00382088
0.00422354
0.00464614
0.00508894
0.00555211
0.0060358
0.00654007
0.00706496
0.00761042
0.00817635
0.00876262
0.009369
0.00999524
0.010641
0.0113059
0.0119895
0.0126913
0.0134108
0.0141474
0.0149003
0.0156689
0.0164524
0.0172501
0.018061
0.0188843
0.0197189
0.020564
0.0214185
0.0222813
0.0231513
0.0240274
0.0249085
0.0257933
0.0266808
0.0275695
0.0284584
0.0293462
0.0302316
0.0311134
0.0319903
0.0328611
0.0337245
0.0345793
0.0354242
0.0362581
0.0370798
0.0378881
0.0386818
0.0394599
0.0402213
0.0409649
0.0416898
0.0423949
0.0430793
0.0437422
0.0443826
0.0449999
0.0455933
0.0461621
0.0467056
0.0472232
0.0477144
0.0481788
0.0486159
0.0490252
0.0494066
0.0497597
0.0500843
0.0503803
0.0506475
0.0508859
0.0510955
0.0512764
0.0514285
0.0515521
0.0516474
0.0517146
0.0517539
0.0517657
0.0517507
0.0517088
0.0516404
0.0515461
0.0514263
0.0512818
0.0511129
0.0509203
0.0507046
0.0504665
0.0502065
0.0499254
0.0496238
0.0493025
0.0489621
0.0486034
0.0482271
0.0478339
0.0474246
0.0469999
0.0465605
0.0461073
0.0456409
0.0451621
0.0446717
0.0441703
0.0436587
0.0431375
0.0426076
0.0420695
0.041524
0.0409718
0.0404135
0.0398497
0.0392811
0.0387083
0.0381319
0.0375524
0.0369705
0.0363867
0.0358016
0.0352156
0.0346292
0.034043
0.0334573
0.0328727
0.0322895
0.0317083
0.0311292
0.0305529
0.0299795
0.0294095
0.0288432
0.0282808
0.0277227
0.0271691
0.0266203
0.0260766
0.0255381
0.0250051
0.0244778
0.0239564
0.023441
0.0229318
0.0224289
0.0219325
0.0214427
0.0209596
0.0204833
0.0200138
0.0195513
0.0190958
0.0186474
0.0182061
0.017772
0.017345
0.0169252
0.0165127
0.0161073
0.0157092
0.0153182
0.0149344
0.0145578
0.0141884
0.013826
0.0134706
0.0131223
0.012781
0.0124465
0.0121189
0.0117982
0.0114841
0.0111767
0.0108759
0.0105816
0.0102937
0.0100122
0.00973699
0.00946798
0.00920508
0.00894822
0.0086973
0.00845223
0.00821293
0.00797931
0.00775128
0.00752874
0.0073116
0.00709978
0.00689317
0.0066917
0.00649525
0.00630375
0.0061171
0.0059352
0.00575798
0.00558532
0.00541716
0.00525338
0.00509392
0.00493867
0.00478755
0.00464047
0.00449734
0.00435809
0.00422262
0.00409086
0.00396272
0.00383812
0.00371697
0.00359921
0.00348474
0.00337351
0.00326542
0.0031604
0.00305839
0.00295931
0.00286309
0.00276965
0.00267894
0.00259087
0.0025054
0.00242244
0.00234195
0.00226385
0.00218808
0.00211459
0.00204331
0.00197419
0.00190717
0.0018422
0.00177921
0.00171817
0.00165901
0.00160169
0.00154615
0.00149235
0.00144024
0.00138977
0.0013409
0.00129358
0.00124777
0.00120343
0.00116052
0.00111899
0.0010788
0.00103993
0.00100232
0.000965946
0.000930769
0.000896754
0.000863868
0.000832077
0.000801349
0.000771651
0.000742954
0.000715228
0.000688443
0.00066257
0.000637583
0.000613453
0.000590156
0.000567665
0.000545955
0.000525002
0.000504782
0.000485273
0.000466453
0.000448299
0.00043079
0.000413906
0.000397627
0.000381933
0.000366806
0.000352227
0.000338178
0.000324642
0.000311603
0.000299043
0.000286947
0.0002753
0.000264087
0.000253292
0.000242903
0.000232905
0.000223284
0.000214029
0.000205127
0.000196565
0.000188331
0.000180415
0.000172805
0.000165491
0.000158462
0.000151708
0.000145219
0.000138987
0.000133001
0.000127252
0.000121734
0.000116436
0.000111351
0.000106471
0.000101789
9.72979e-05
9.29898e-05
8.88581e-05
8.48964e-05
8.10983e-05
7.74576e-05
7.39684e-05
7.06249e-05
6.74216e-05
6.43531e-05
6.14142e-05
5.85999e-05
5.59054e-05
5.33261e-05
5.08573e-05
4.84948e-05
4.62344e-05
4.40721e-05
4.20039e-05
4.00261e-05
3.8135e-05
3.63272e-05
3.45992e-05
3.29479e-05
3.13702e-05
2.98629e-05
2.84233e-05
2.70484e-05
2.57357e-05
2.44825e-05
2.32864e-05
2.21449e-05
2.10558e-05
2.00168e-05
1.90258e-05
1.80808e-05
1.71797e-05
1.63208e-05
1.55021e-05
1.47219e-05
1.39786e-05
1.32705e-05
1.25961e-05
1.1954e-05
1.13426e-05
1.07606e-05
1.02068e-05
9.67978e-06
9.17846e-06
8.70166e-06
8.24827e-06
7.81723e-06
7.40756e-06
7.01827e-06
6.64847e-06
6.29726e-06
5.96383e-06
5.64737e-06
5.34714e-06
5.06243e-06
4.79257e-06
4.53692e-06
4.29489e-06
4.06594e-06
3.84955e-06
3.64525e-06
3.45262e-06
3.27129e-06
3.10093e-06
2.94124e-06
2.79203e-06
2.65311e-06
2.52439e-06
2.40585e-06
2.29752e-06
2.19953e-06
2.1121e-06
2.03553e-06
1.97023e-06
1.9167e-06
1.87551e-06
1.84735e-06
1.83292e-06
7.14264e-05
0.000229067
0.000402647
0.000592441
0.00079846
0.0010208
0.00125966
0.00151532
0.00178815
0.00207855
0.00238696
0.00271384
0.00305962
0.00342473
0.00380954
0.00421441
0.00463963
0.00508548
0.00555213
0.00603976
0.00654844
0.00707822
0.00762907
0.00820092
0.00879363
0.00940701
0.0100408
0.0106947
0.0113683
0.0120612
0.012773
0.013503
0.0142507
0.0150154
0.0157965
0.0165931
0.0174044
0.0182296
0.0190679
0.0199181
0.0207794
0.0216506
0.0225308
0.0234188
0.0243135
0.0252137
0.0261182
0.0270257
0.0279351
0.0288451
0.0297544
0.0306617
0.0315658
0.0324654
0.0333591
0.0342458
0.0351241
0.0359927
0.0368505
0.0376962
0.0385286
0.0393465
0.0401488
0.0409344
0.0417021
0.042451
0.0431799
0.0438881
0.0445744
0.0452382
0.0458784
0.0464944
0.0470854
0.0476507
0.0481898
0.048702
0.0491868
0.0496438
0.0500725
0.0504727
0.050844
0.0511861
0.051499
0.0517824
0.0520362
0.0522606
0.0524554
0.0526208
0.052757
0.052864
0.052942
0.0529915
0.0530126
0.053006
0.0529721
0.0529106
0.0528224
0.052708
0.0525679
0.0524027
0.052213
0.0519995
0.0517627
0.0515033
0.051222
0.0509195
0.0505966
0.0502538
0.0498921
0.049512
0.0491145
0.0487001
0.0482698
0.0478242
0.0473641
0.0468903
0.0464035
0.0459046
0.0453942
0.044873
0.0443419
0.0438016
0.0432527
0.042696
0.0421322
0.0415619
0.0409858
0.0404046
0.0398189
0.0392293
0.0386364
0.0380409
0.0374432
0.0368439
0.0362437
0.0356429
0.0350421
0.0344417
0.0338423
0.0332443
0.0326481
0.0320541
0.0314626
0.0308742
0.0302891
0.0297076
0.0291302
0.028557
0.0279884
0.0274246
0.026866
0.0263126
0.0257649
0.0252229
0.0246869
0.024157
0.0236334
0.0231163
0.0226057
0.0221019
0.0216049
0.0211149
0.0206319
0.020156
0.0196872
0.0192257
0.0187715
0.0183246
0.0178851
0.0174529
0.0170281
0.0166107
0.0162007
0.0157981
0.0154029
0.015015
0.0146344
0.0142611
0.0138951
0.0135362
0.0131845
0.0128399
0.0125024
0.0121718
0.0118481
0.0115313
0.0112213
0.0109179
0.0106212
0.0103311
0.0100474
0.00977003
0.00949899
0.00923417
0.00897546
0.00872278
0.00847603
0.00823513
0.00799998
0.00777049
0.00754657
0.00732811
0.00711502
0.00690722
0.0067046
0.00650708
0.00631454
0.00612692
0.00594409
0.00576599
0.0055925
0.00542354
0.00525902
0.00509885
0.00494293
0.00479117
0.0046435
0.00449981
0.00436003
0.00422406
0.00409183
0.00396325
0.00383823
0.00371669
0.00359857
0.00348376
0.00337221
0.00326382
0.00315853
0.00305627
0.00295695
0.0028605
0.00276686
0.00267596
0.00258773
0.0025021
0.002419
0.00233837
0.00226015
0.00218428
0.0021107
0.00203933
0.00197014
0.00190306
0.00183803
0.001775
0.00171392
0.00165473
0.00159738
0.00154183
0.00148802
0.0014359
0.00138544
0.00133657
0.00128927
0.00124347
0.00119915
0.00115626
0.00111476
0.00107461
0.00103577
0.0009982
0.000961867
0.000926734
0.000892766
0.000859928
0.000828187
0.000797511
0.000767868
0.000739226
0.000711556
0.000684829
0.000659015
0.000634087
0.000610019
0.000586782
0.000564352
0.000542704
0.000521814
0.000501657
0.000482211
0.000463453
0.000445361
0.000427915
0.000411093
0.000394876
0.000379244
0.000364179
0.00034966
0.000335672
0.000322197
0.000309217
0.000296716
0.000284678
0.000273089
0.000261932
0.000251193
0.000240859
0.000230915
0.000221349
0.000212146
0.000203296
0.000194785
0.000186602
0.000178735
0.000171173
0.000163906
0.000156924
0.000150216
0.000143772
0.000137583
0.000131639
0.000125933
0.000120455
0.000115198
0.000110152
0.000105311
0.000100666
9.62109e-05
9.19382e-05
8.78412e-05
8.39133e-05
8.01481e-05
7.65395e-05
7.30815e-05
6.97684e-05
6.65946e-05
6.35549e-05
6.0644e-05
5.78568e-05
5.51888e-05
5.2635e-05
5.01912e-05
4.78529e-05
4.56159e-05
4.34763e-05
4.14301e-05
3.94737e-05
3.76033e-05
3.58155e-05
3.4107e-05
3.24745e-05
3.0915e-05
2.94253e-05
2.80027e-05
2.66443e-05
2.53475e-05
2.41097e-05
2.29285e-05
2.18013e-05
2.07261e-05
1.97005e-05
1.87224e-05
1.77898e-05
1.69007e-05
1.60534e-05
1.52458e-05
1.44764e-05
1.37435e-05
1.30454e-05
1.23806e-05
1.17477e-05
1.11452e-05
1.05718e-05
1.00262e-05
9.50721e-06
9.01354e-06
8.5441e-06
8.0978e-06
7.67359e-06
7.27049e-06
6.88753e-06
6.52383e-06
6.17851e-06
5.85076e-06
5.5398e-06
5.2449e-06
4.96535e-06
4.7005e-06
4.44974e-06
4.2125e-06
3.98824e-06
3.77649e-06
3.57679e-06
3.38876e-06
3.21205e-06
3.04636e-06
2.89146e-06
2.74718e-06
2.6134e-06
2.4901e-06
2.3773e-06
2.27514e-06
2.18384e-06
2.10373e-06
2.03522e-06
1.97887e-06
1.93533e-06
1.90538e-06
1.88991e-06
7.00942e-05
0.000224748
0.000394782
0.000580856
0.000783343
0.00100249
0.00123854
0.0014918
0.00176262
0.00205141
0.0023586
0.00268462
0.00302993
0.00339492
0.00378
0.00418552
0.00461177
0.00505904
0.00552752
0.00601737
0.00652872
0.00706159
0.00761599
0.00819186
0.00878907
0.00940744
0.0100467
0.0107066
0.0113868
0.0120869
0.0128063
0.0135446
0.0143011
0.0150752
0.0158663
0.0166735
0.017496
0.0183331
0.0191837
0.0200469
0.0209218
0.0218073
0.0227023
0.0236056
0.0245162
0.0254329
0.0263544
0.0272794
0.0282068
0.0291353
0.0300635
0.0309903
0.0319141
0.0328338
0.0337481
0.0346555
0.0355549
0.0364449
0.0373243
0.0381918
0.0390461
0.0398861
0.0407105
0.0415183
0.0423082
0.0430792
0.0438303
0.0445604
0.0452687
0.0459541
0.0466158
0.0472531
0.047865
0.048451
0.0490104
0.0495425
0.0500469
0.050523
0.0509703
0.0513886
0.0517775
0.0521367
0.052466
0.0527653
0.0530345
0.0532735
0.0534823
0.0536611
0.0538098
0.0539288
0.0540181
0.0540781
0.0541091
0.0541113
0.0540861
0.0540323
0.053951
0.0538427
0.053708
0.0535475
0.0533617
0.0531514
0.0529171
0.0526595
0.0523793
0.0520772
0.051754
0.0514103
0.051047
0.0506647
0.0502642
0.0498464
0.049412
0.0489617
0.0484964
0.0480169
0.0475238
0.0470181
0.0465004
0.0459715
0.0454322
0.0448833
0.0443253
0.0437592
0.0431856
0.0426051
0.0420185
0.0414265
0.0408297
0.0402287
0.0396242
0.0390168
0.038407
0.0377954
0.0371827
0.0365692
0.0359556
0.0353423
0.0347299
0.0341187
0.0335092
0.0329018
0.032297
0.0316951
0.0310965
0.0305016
0.0299106
0.0293239
0.0287418
0.0281646
0.0275925
0.0270258
0.0264647
0.0259095
0.0253602
0.0248172
0.0242806
0.0237506
0.0232272
0.0227107
0.0222012
0.0216986
0.0212033
0.0207152
0.0202344
0.0197609
0.0192949
0.0188364
0.0183854
0.0179419
0.0175059
0.0170775
0.0166567
0.0162434
0.0158376
0.0154393
0.0150486
0.0146652
0.0142893
0.0139208
0.0135596
0.0132057
0.0128589
0.0125193
0.0121869
0.0118614
0.0115428
0.0112312
0.0109263
0.0106281
0.0103366
0.0100516
0.00977302
0.00950083
0.00923492
0.0089752
0.00872156
0.00847392
0.00823218
0.00799625
0.00776603
0.00754142
0.00732233
0.00710866
0.00690032
0.0066972
0.00649921
0.00630625
0.00611823
0.00593506
0.00575663
0.00558285
0.00541363
0.00524887
0.00508849
0.00493238
0.00478047
0.00463266
0.00448885
0.00434897
0.00421293
0.00408063
0.003952
0.00382695
0.00370541
0.00358728
0.00347249
0.00336096
0.00325261
0.00314737
0.00304515
0.0029459
0.00284953
0.00275597
0.00266516
0.00257702
0.00249149
0.00240851
0.00232799
0.00224989
0.00217415
0.00210069
0.00202946
0.0019604
0.00189345
0.00182856
0.00176568
0.00170474
0.0016457
0.0015885
0.0015331
0.00147943
0.00142747
0.00137716
0.00132844
0.00128129
0.00123565
0.00119148
0.00114874
0.00110739
0.00106739
0.0010287
0.000991278
0.000955093
0.000920107
0.000886284
0.000853591
0.000821993
0.000791458
0.000761955
0.000733452
0.000705918
0.000679326
0.000653646
0.00062885
0.000604911
0.000581802
0.000559498
0.000537975
0.000517206
0.000497169
0.000477841
0.0004592
0.000441222
0.000423888
0.000407176
0.000391067
0.000375541
0.000360579
0.000346163
0.000332275
0.000318897
0.000306013
0.000293605
0.00028166
0.00027016
0.000259091
0.000248438
0.000238188
0.000228326
0.000218839
0.000209715
0.00020094
0.000192504
0.000184393
0.000176597
0.000169104
0.000161905
0.000154987
0.000148343
0.000141961
0.000135832
0.000129948
0.000124299
0.000118877
0.000113673
0.00010868
0.000103889
9.92944e-05
9.48875e-05
9.06616e-05
8.661e-05
8.27261e-05
7.90036e-05
7.54364e-05
7.20186e-05
6.87444e-05
6.56084e-05
6.26052e-05
5.97296e-05
5.69768e-05
5.43419e-05
5.18203e-05
4.94075e-05
4.70992e-05
4.48913e-05
4.27798e-05
4.07608e-05
3.88306e-05
3.69855e-05
3.52222e-05
3.35373e-05
3.19277e-05
3.03901e-05
2.89217e-05
2.75196e-05
2.61809e-05
2.49032e-05
2.36838e-05
2.25202e-05
2.14101e-05
2.03512e-05
1.93414e-05
1.83785e-05
1.74606e-05
1.65856e-05
1.57518e-05
1.49573e-05
1.42004e-05
1.34795e-05
1.2793e-05
1.21394e-05
1.15172e-05
1.0925e-05
1.03615e-05
9.82536e-06
9.31544e-06
8.83053e-06
8.3695e-06
7.93127e-06
7.51483e-06
7.11919e-06
6.74341e-06
6.38662e-06
6.04795e-06
5.72661e-06
5.42184e-06
5.13291e-06
4.85915e-06
4.59992e-06
4.35464e-06
4.12274e-06
3.90373e-06
3.69714e-06
3.50257e-06
3.31964e-06
3.14806e-06
2.98757e-06
2.83798e-06
2.69918e-06
2.57112e-06
2.45384e-06
2.34746e-06
2.25222e-06
2.16845e-06
2.09661e-06
2.0373e-06
1.99127e-06
1.95941e-06
1.94284e-06
6.88391e-05
0.000220659
0.000387348
0.000569667
0.000768236
0.000983512
0.00121589
0.00146576
0.00173353
0.00201963
0.0023245
0.00264858
0.00299231
0.0033561
0.00374033
0.00414535
0.00457148
0.00501898
0.00548806
0.00597889
0.00649158
0.00702619
0.00758273
0.00816114
0.00876132
0.0093831
0.0100263
0.0106905
0.0113755
0.0120808
0.012806
0.0135506
0.0143139
0.0150954
0.0158944
0.01671
0.0175416
0.0183882
0.0192489
0.0201228
0.0210089
0.0219061
0.0228134
0.0237296
0.0246536
0.0255842
0.02652
0.02746
0.0284028
0.0293471
0.0302916
0.0312351
0.032176
0.0331132
0.0340453
0.034971
0.0358889
0.0367976
0.037696
0.0385827
0.0394564
0.040316
0.0411601
0.0419876
0.0427974
0.0435882
0.0443592
0.0451091
0.0458371
0.0465421
0.0472234
0.0478799
0.048511
0.0491158
0.0496938
0.0502442
0.0507665
0.0512602
0.0517249
0.05216
0.0525652
0.0529404
0.0532851
0.0535994
0.053883
0.0541358
0.054358
0.0545495
0.0547104
0.0548409
0.0549412
0.0550115
0.0550521
0.0550634
0.0550465
0.0550007
0.0549264
0.0548246
0.0546956
0.0545402
0.054359
0.0541524
0.0539213
0.0536663
0.053388
0.0530872
0.0527646
0.052421
0.0520571
0.0516737
0.0512715
0.0508515
0.0504142
0.0499606
0.0494915
0.0490076
0.0485097
0.0479987
0.0474752
0.0469401
0.0463942
0.0458382
0.0452729
0.044699
0.0441172
0.0435283
0.042933
0.0423319
0.0417257
0.0411151
0.0405007
0.0398832
0.0392631
0.038641
0.0380175
0.0373932
0.0367685
0.0361441
0.0355203
0.0348977
0.0342767
0.0336578
0.0330413
0.0324277
0.0318174
0.0312107
0.0306079
0.0300094
0.0294155
0.0288264
0.0282426
0.0276641
0.0270913
0.0265244
0.0259635
0.025409
0.0248609
0.0243195
0.0237848
0.023257
0.0227363
0.0222228
0.0217165
0.0212175
0.020726
0.020242
0.0197655
0.0192967
0.0188354
0.0183818
0.0179359
0.0174977
0.0170672
0.0166444
0.0162292
0.0158217
0.0154219
0.0150296
0.0146449
0.0142677
0.013898
0.0135357
0.0131807
0.0128331
0.0124927
0.0121595
0.0118333
0.0115142
0.011202
0.0108966
0.010598
0.0103061
0.0100208
0.00974204
0.00946966
0.0092036
0.00894377
0.00869007
0.00844241
0.00820068
0.00796479
0.00773465
0.00751015
0.0072912
0.00707769
0.00686954
0.00666663
0.00646887
0.00627617
0.00608842
0.00590553
0.0057274
0.00555394
0.00538505
0.00522064
0.0050606
0.00490486
0.00475332
0.00460588
0.00446246
0.00432297
0.00418732
0.00405543
0.0039272
0.00380256
0.00368142
0.0035637
0.00344932
0.0033382
0.00323027
0.00312544
0.00302364
0.00292479
0.00282883
0.00273568
0.00264528
0.00255754
0.00247241
0.00238982
0.0023097
0.00223199
0.00215662
0.00208355
0.00201269
0.00194401
0.00187743
0.00181291
0.00175038
0.0016898
0.00163111
0.00157425
0.00151919
0.00146586
0.00141423
0.00136424
0.00131584
0.001269
0.00122367
0.00117981
0.00113736
0.00109631
0.00105659
0.00101818
0.000981039
0.000945126
0.000910406
0.000876844
0.000844406
0.000813059
0.00078277
0.000753507
0.000725239
0.000697937
0.00067157
0.00064611
0.00062153
0.000597801
0.000574899
0.000552797
0.00053147
0.000510894
0.000491045
0.0004719
0.000453438
0.000435635
0.000418471
0.000401926
0.000385979
0.000370611
0.000355803
0.000341537
0.000327795
0.00031456
0.000301814
0.000289542
0.000277728
0.000266356
0.000255412
0.00024488
0.000234748
0.000225
0.000215625
0.000206609
0.00019794
0.000189606
0.000181594
0.000173895
0.000166496
0.000159387
0.000152558
0.000145999
0.0001397
0.000133652
0.000127845
0.000122272
0.000116923
0.00011179
0.000106866
0.000102142
9.76118e-05
9.32673e-05
8.91019e-05
8.51087e-05
8.12814e-05
7.76137e-05
7.40994e-05
7.07327e-05
6.7508e-05
6.44198e-05
6.14627e-05
5.86318e-05
5.5922e-05
5.33287e-05
5.08472e-05
4.84731e-05
4.62022e-05
4.40304e-05
4.19536e-05
3.99681e-05
3.80702e-05
3.62563e-05
3.4523e-05
3.2867e-05
3.12852e-05
2.97744e-05
2.83318e-05
2.69546e-05
2.56398e-05
2.43851e-05
2.31878e-05
2.20455e-05
2.09558e-05
1.99167e-05
1.89257e-05
1.7981e-05
1.70805e-05
1.62223e-05
1.54046e-05
1.46255e-05
1.38835e-05
1.31768e-05
1.25039e-05
1.18634e-05
1.12538e-05
1.06736e-05
1.01217e-05
9.59668e-06
9.0974e-06
8.62268e-06
8.17144e-06
7.7426e-06
7.33516e-06
6.94817e-06
6.58069e-06
6.23187e-06
5.90087e-06
5.58691e-06
5.28924e-06
5.00717e-06
4.74005e-06
4.48726e-06
4.24822e-06
4.02243e-06
3.80939e-06
3.60868e-06
3.41992e-06
3.24279e-06
3.07702e-06
2.92243e-06
2.77886e-06
2.64628e-06
2.52471e-06
2.41428e-06
2.31523e-06
2.22792e-06
2.15283e-06
2.09062e-06
2.04213e-06
2.00838e-06
1.99072e-06
6.77304e-05
0.000217034
0.000380758
0.000559656
0.000754479
0.00096586
0.00119436
0.0014405
0.00170477
0.00198766
0.00228964
0.00261118
0.0029527
0.00331463
0.00369734
0.00410118
0.00452644
0.0049734
0.00544227
0.00593321
0.00644634
0.00698173
0.00753938
0.00811927
0.00872128
0.00934527
0.00999101
0.0106582
0.0113466
0.0120558
0.0127852
0.0135345
0.014303
0.0150901
0.0158951
0.0167173
0.0175559
0.0184101
0.0192788
0.0201612
0.0210563
0.021963
0.0228803
0.023807
0.0247419
0.0256838
0.0266316
0.0275839
0.0285394
0.0294969
0.030455
0.0314124
0.0323678
0.0333197
0.0342669
0.0352079
0.0361414
0.0370661
0.0379807
0.0388838
0.0397741
0.0406504
0.0415114
0.0423559
0.0431828
0.0439908
0.0447789
0.0455461
0.0462912
0.0470133
0.0477115
0.0483849
0.0490327
0.0496541
0.0502484
0.050815
0.0513532
0.0518624
0.0523423
0.0527924
0.0532122
0.0536016
0.0539602
0.0542878
0.0545844
0.0548498
0.055084
0.055287
0.0554591
0.0556001
0.0557105
0.0557903
0.0558399
0.0558596
0.0558503
0.0558123
0.0557448
0.0556491
0.0555258
0.0553755
0.0551987
0.0549961
0.0547684
0.0545162
0.0542402
0.0539411
0.0536198
0.0532768
0.0529131
0.0525293
0.0521263
0.0517049
0.0512659
0.05081
0.0503381
0.049851
0.0493495
0.0488344
0.0483065
0.0477666
0.0472155
0.0466539
0.0460827
0.0455025
0.0449142
0.0443184
0.0437159
0.0431074
0.0424936
0.041875
0.0412525
0.0406266
0.0399979
0.0393671
0.0387347
0.0381013
0.0374675
0.0368337
0.0362004
0.0355683
0.0349376
0.0343089
0.0336826
0.0330592
0.0324389
0.0318222
0.0312094
0.0306009
0.029997
0.0293979
0.028804
0.0282156
0.0276328
0.0270559
0.0264852
0.0259208
0.0253629
0.0248117
0.0242673
0.02373
0.0231997
0.0226767
0.0221611
0.0216528
0.0211521
0.020659
0.0201736
0.0196958
0.0192258
0.0187636
0.0183091
0.0178625
0.0174236
0.0169926
0.0165693
0.0161539
0.0157462
0.0153462
0.0149539
0.0145692
0.0141922
0.0138227
0.0134607
0.013106
0.0127588
0.0124188
0.0120861
0.0117605
0.011442
0.0111304
0.0108257
0.0105279
0.0102367
0.00995221
0.00967422
0.00940268
0.00913748
0.00887852
0.00862572
0.00837896
0.00813817
0.00790322
0.00767403
0.00745049
0.0072325
0.00701996
0.00681278
0.00661085
0.00641408
0.00622236
0.00603559
0.00585368
0.00567653
0.00550404
0.00533612
0.00517267
0.0050136
0.00485881
0.00470821
0.00456171
0.00441921
0.00428064
0.0041459
0.00401491
0.00388757
0.00376381
0.00364354
0.00352668
0.00341314
0.00330286
0.00319574
0.00309172
0.00299072
0.00289266
0.00279747
0.00270508
0.00261542
0.00252842
0.00244401
0.00236213
0.0022827
0.00220568
0.00213098
0.00205856
0.00198836
0.0019203
0.00185435
0.00179043
0.0017285
0.0016685
0.00161038
0.00155409
0.00149957
0.00144678
0.00139567
0.00134619
0.0012983
0.00125195
0.0012071
0.00116371
0.00112172
0.00108111
0.00104184
0.00100385
0.000967128
0.000931621
0.000897299
0.000864125
0.000832065
0.000801087
0.000771158
0.000742246
0.00071432
0.000687351
0.000661309
0.000636165
0.000611893
0.000588466
0.000565856
0.000544038
0.000522989
0.000502682
0.000483096
0.000464207
0.000445992
0.000428431
0.000411503
0.000395186
0.000379461
0.000364309
0.000349711
0.000335648
0.000322104
0.000309061
0.000296502
0.000284411
0.000272773
0.000261571
0.000250793
0.000240422
0.000230445
0.000220849
0.00021162
0.000202746
0.000194214
0.000186013
0.000178131
0.000170556
0.000163279
0.000156287
0.000149572
0.000143122
0.00013693
0.000130985
0.000125278
0.000119801
0.000114545
0.000109502
0.000104665
0.000100025
9.55761e-05
9.13101e-05
8.72205e-05
8.33005e-05
7.95439e-05
7.59444e-05
7.24959e-05
6.91928e-05
6.60294e-05
6.30002e-05
6.01002e-05
5.73242e-05
5.46674e-05
5.21251e-05
4.96928e-05
4.73662e-05
4.51409e-05
4.3013e-05
4.09786e-05
3.90338e-05
3.71751e-05
3.53989e-05
3.37019e-05
3.20809e-05
3.05326e-05
2.90541e-05
2.76425e-05
2.6295e-05
2.5009e-05
2.37817e-05
2.26108e-05
2.14939e-05
2.04286e-05
1.94128e-05
1.84444e-05
1.75212e-05
1.66413e-05
1.58029e-05
1.50042e-05
1.42434e-05
1.35188e-05
1.28288e-05
1.2172e-05
1.15469e-05
1.09519e-05
1.03859e-05
9.84748e-06
9.33541e-06
8.84853e-06
8.38569e-06
7.94582e-06
7.52789e-06
7.13089e-06
6.75391e-06
6.39603e-06
6.05642e-06
5.73427e-06
5.42882e-06
5.13934e-06
4.86517e-06
4.60567e-06
4.36026e-06
4.1284e-06
3.90958e-06
3.70338e-06
3.50939e-06
3.32728e-06
3.15678e-06
2.99766e-06
2.8498e-06
2.71312e-06
2.58766e-06
2.47355e-06
2.37102e-06
2.28045e-06
2.20237e-06
2.13749e-06
2.08671e-06
2.05122e-06
2.03253e-06
6.68028e-05
0.000213999
0.000375249
0.000551259
0.000742833
0.000950729
0.00117565
0.00141824
0.00167909
0.00195877
0.0022578
0.00257667
0.00291582
0.00327567
0.00365659
0.00405894
0.00448299
0.00492902
0.00539723
0.00588778
0.0064008
0.00693636
0.00749446
0.00807508
0.00867813
0.00930345
0.00995085
0.0106201
0.0113108
0.0120226
0.0127551
0.0135077
0.0142799
0.0150712
0.0158807
0.0167079
0.0175518
0.0184116
0.0192865
0.0201755
0.0210775
0.0219916
0.0229167
0.0238516
0.0247951
0.025746
0.0267032
0.0276652
0.0286309
0.0295989
0.0305679
0.0315366
0.0325035
0.0334672
0.0344265
0.03538
0.0363262
0.0372639
0.0381916
0.039108
0.0400119
0.0409019
0.0417768
0.0426352
0.0434761
0.0442983
0.0451006
0.0458819
0.0466411
0.0473774
0.0480897
0.0487771
0.0494388
0.050074
0.0506819
0.051262
0.0518134
0.0523357
0.0528284
0.0532911
0.0537232
0.0541246
0.0544948
0.0548339
0.0551414
0.0554175
0.055662
0.055875
0.0560565
0.0562066
0.0563256
0.0564137
0.0564711
0.0564982
0.0564955
0.0564643
0.0564028
0.0563127
0.0561944
0.0560487
0.0558761
0.0556772
0.0554526
0.0552032
0.0549295
0.0546323
0.0543124
0.0539704
0.0536072
0.0532235
0.0528202
0.0523981
0.0519579
0.0515006
0.0510268
0.0505374
0.0500333
0.0495152
0.048984
0.0484405
0.0478854
0.0473196
0.0467438
0.0461588
0.0455654
0.0449643
0.0443562
0.0437418
0.0431219
0.0424971
0.0418681
0.0412356
0.0406001
0.0399623
0.0393228
0.0386821
0.0380409
0.0373996
0.0367588
0.0361189
0.0354804
0.0348439
0.0342097
0.0335782
0.0329499
0.0323251
0.0317043
0.0310876
0.0304756
0.0298684
0.0292663
0.0286698
0.0280789
0.0274939
0.0269151
0.0263426
0.0257767
0.0252176
0.0246653
0.0241201
0.0235821
0.0230514
0.022528
0.0220122
0.021504
0.0210035
0.0205106
0.0200256
0.0195484
0.019079
0.0186176
0.018164
0.0177183
0.0172806
0.0168507
0.0164287
0.0160145
0.0156082
0.0152096
0.0148189
0.0144358
0.0140603
0.0136924
0.0133321
0.0129792
0.0126337
0.0122956
0.0119646
0.0116409
0.0113242
0.0110145
0.0107117
0.0104157
0.0101265
0.00984387
0.0095678
0.00929816
0.00903486
0.00877781
0.00852691
0.00828205
0.00804313
0.00781006
0.00758272
0.00736103
0.00714488
0.00693416
0.00672878
0.00652863
0.00633362
0.00614364
0.0059586
0.0057784
0.00560293
0.00543211
0.00526582
0.00510399
0.00494651
0.00479329
0.00464424
0.00449926
0.00435826
0.00422116
0.00408787
0.0039583
0.00383236
0.00370997
0.00359105
0.00347551
0.00336328
0.00325427
0.0031484
0.00304561
0.00294581
0.00284893
0.00275489
0.00266363
0.00257508
0.00248916
0.00240581
0.00232496
0.00224655
0.00217052
0.0020968
0.00202533
0.00195605
0.0018889
0.00182383
0.00176078
0.00169969
0.00164052
0.0015832
0.00152769
0.00147394
0.0014219
0.00137152
0.00132276
0.00127556
0.00122989
0.0011857
0.00114294
0.00110159
0.00106159
0.00102291
0.000985505
0.000949343
0.000914387
0.000880599
0.000847946
0.000816394
0.000785909
0.00075646
0.000728015
0.000700543
0.000674016
0.000648403
0.000623678
0.000599812
0.000576778
0.000554552
0.000533107
0.000512419
0.000492464
0.000473219
0.000454661
0.000436768
0.000419519
0.000402893
0.00038687
0.000371431
0.000356555
0.000342225
0.000328423
0.000315131
0.000302333
0.000290011
0.000278149
0.000266734
0.000255748
0.000245178
0.000235009
0.000225228
0.000215821
0.000206776
0.000198079
0.000189719
0.000181684
0.000173963
0.000166544
0.000159416
0.00015257
0.000145995
0.000139682
0.00013362
0.000127802
0.000122217
0.000116858
0.000111716
0.000106784
0.000102053
9.75158e-05
9.31655e-05
8.89949e-05
8.49974e-05
8.11662e-05
7.74952e-05
7.39782e-05
7.06093e-05
6.73828e-05
6.42932e-05
6.13352e-05
5.85036e-05
5.57936e-05
5.32003e-05
5.07191e-05
4.83456e-05
4.60755e-05
4.39047e-05
4.18291e-05
3.9845e-05
3.79487e-05
3.61365e-05
3.4405e-05
3.2751e-05
3.11712e-05
2.96625e-05
2.82221e-05
2.68471e-05
2.55347e-05
2.42823e-05
2.30873e-05
2.19474e-05
2.08602e-05
1.98235e-05
1.8835e-05
1.78928e-05
1.69947e-05
1.61389e-05
1.53236e-05
1.4547e-05
1.38073e-05
1.3103e-05
1.24325e-05
1.17942e-05
1.11868e-05
1.06089e-05
1.00592e-05
9.53638e-06
9.03924e-06
8.56663e-06
8.11746e-06
7.69067e-06
7.28525e-06
6.90024e-06
6.53474e-06
6.18786e-06
5.8588e-06
5.54677e-06
5.25103e-06
4.97091e-06
4.70575e-06
4.45494e-06
4.21795e-06
3.99425e-06
3.78339e-06
3.58497e-06
3.39864e-06
3.2241e-06
3.06115e-06
2.90963e-06
2.76946e-06
2.64068e-06
2.5234e-06
2.41789e-06
2.32453e-06
2.24387e-06
2.17666e-06
2.12391e-06
2.08689e-06
2.06732e-06
6.60823e-05
0.000211645
0.000370983
0.00054475
0.000733766
0.000938863
0.00116084
0.00140046
0.00165841
0.00193531
0.00223175
0.00254823
0.00288522
0.00324316
0.0036224
0.00402329
0.00444613
0.00489115
0.00535857
0.00584855
0.00636121
0.00689661
0.00745479
0.0080357
0.00863926
0.00926534
0.00991373
0.0105842
0.0112764
0.0119899
0.0127244
0.0134794
0.0142542
0.0150484
0.0158611
0.0166917
0.0175394
0.0184034
0.0192827
0.0201765
0.0210836
0.0220031
0.0229339
0.0238748
0.0248246
0.0257823
0.0267464
0.0277157
0.028689
0.0296649
0.030642
0.0316191
0.0325947
0.0335674
0.0345359
0.0354987
0.0364546
0.037402
0.0383397
0.0392663
0.0401805
0.041081
0.0419664
0.0428355
0.0436872
0.0445201
0.0453333
0.0461254
0.0468956
0.0476428
0.0483659
0.0490641
0.0497366
0.0503824
0.0510009
0.0515914
0.0521531
0.0526856
0.0531883
0.0536607
0.0541024
0.0545131
0.0548925
0.0552404
0.0555567
0.0558411
0.0560937
0.0563144
0.0565035
0.0566608
0.0567867
0.0568813
0.0569449
0.0569779
0.0569805
0.0569548
0.0568982
0.0568125
0.0566984
0.0565565
0.0563872
0.0561914
0.0559696
0.0557225
0.0554509
0.0551553
0.0548367
0.0544957
0.0541332
0.0537498
0.0533466
0.0529241
0.0524833
0.052025
0.05155
0.0510591
0.0505532
0.0500331
0.0494995
0.0489534
0.0483954
0.0478266
0.0472475
0.046659
0.0460618
0.0454567
0.0448445
0.0442258
0.0436014
0.042972
0.0423382
0.0417007
0.0410601
0.0404171
0.0397723
0.0391262
0.0384794
0.0378325
0.0371859
0.0365402
0.0358959
0.0352534
0.0346132
0.0339757
0.0333414
0.0327105
0.0320835
0.0314607
0.0308424
0.0302291
0.0296209
0.0290181
0.028421
0.0278299
0.027245
0.0266664
0.0260944
0.0255292
0.024971
0.0244198
0.0238758
0.0233392
0.02281
0.0222884
0.0217744
0.0212682
0.0207697
0.0202791
0.0197964
0.0193216
0.0188548
0.0183959
0.017945
0.0175021
0.0170671
0.0166401
0.016221
0.0158098
0.0154065
0.015011
0.0146233
0.0142433
0.0138709
0.0135062
0.013149
0.0127993
0.0124569
0.0121219
0.0117941
0.0114735
0.01116
0.0108534
0.0105537
0.0102609
0.00997468
0.00969512
0.00942208
0.00915544
0.00889513
0.00864103
0.00839304
0.00815107
0.00791501
0.00768476
0.00746022
0.00724128
0.00702784
0.0068198
0.00661706
0.00641952
0.00622707
0.00603962
0.00585706
0.0056793
0.00550624
0.00533778
0.00517382
0.00501426
0.00485902
0.004708
0.0045611
0.00441824
0.00427933
0.00414426
0.00401297
0.00388535
0.00376133
0.00364082
0.00352374
0.00341
0.00329953
0.00319224
0.00308806
0.00298691
0.00288873
0.00279342
0.00270093
0.00261117
0.00252409
0.00243961
0.00235766
0.00227819
0.00220112
0.00212639
0.00205394
0.00198372
0.00191565
0.00184969
0.00178577
0.00172384
0.00166385
0.00160575
0.00154948
0.00149498
0.00144222
0.00139114
0.0013417
0.00129385
0.00124754
0.00120274
0.00115939
0.00111746
0.0010769
0.00103768
0.00099975
0.000963082
0.000927635
0.000893373
0.00086026
0.000828264
0.000797349
0.000767484
0.000738637
0.000710777
0.000683873
0.000657898
0.000632821
0.000608615
0.000585254
0.000562711
0.00054096
0.000519976
0.000499736
0.000480215
0.000461391
0.000443241
0.000425744
0.000408879
0.000392625
0.000376962
0.000361872
0.000347334
0.000333332
0.000319847
0.000306863
0.000294362
0.000282328
0.000270745
0.000259599
0.000248874
0.000238557
0.000228632
0.000219088
0.000209909
0.000201085
0.000192602
0.000184448
0.000176612
0.000169083
0.00016185
0.000154903
0.00014823
0.000141823
0.000135671
0.000129765
0.000124098
0.000118658
0.00011344
0.000108433
0.000103631
9.90259e-05
9.46101e-05
9.03767e-05
8.63188e-05
8.24297e-05
7.87031e-05
7.51328e-05
7.17127e-05
6.84372e-05
6.53005e-05
6.22974e-05
5.94226e-05
5.66712e-05
5.40382e-05
5.1519e-05
4.9109e-05
4.68041e-05
4.45998e-05
4.24923e-05
4.04776e-05
3.85519e-05
3.67116e-05
3.49533e-05
3.32736e-05
3.16693e-05
3.01371e-05
2.86743e-05
2.72778e-05
2.59449e-05
2.46729e-05
2.34592e-05
2.23014e-05
2.11971e-05
2.01441e-05
1.914e-05
1.81829e-05
1.72706e-05
1.64013e-05
1.55731e-05
1.47841e-05
1.40327e-05
1.33171e-05
1.26359e-05
1.19875e-05
1.13704e-05
1.07832e-05
1.02247e-05
9.69343e-06
9.18828e-06
8.70805e-06
8.25162e-06
7.81792e-06
7.40592e-06
7.01465e-06
6.64318e-06
6.29063e-06
5.95617e-06
5.639e-06
5.33838e-06
5.0536e-06
4.78401e-06
4.52899e-06
4.28797e-06
4.06045e-06
3.84595e-06
3.64406e-06
3.45441e-06
3.27672e-06
3.11076e-06
2.95635e-06
2.81344e-06
2.68204e-06
2.56227e-06
2.4544e-06
2.35882e-06
2.27612e-06
2.20707e-06
2.15275e-06
2.11452e-06
2.09423e-06
6.55898e-05
0.000210038
0.000368074
0.000540315
0.000727574
0.000930725
0.00115064
0.00138814
0.00164399
0.00191886
0.00221338
0.00252809
0.00286347
0.00321995
0.0035979
0.00399766
0.00441952
0.00486373
0.00533048
0.00581993
0.00633222
0.00686739
0.00742548
0.00800646
0.00861024
0.00923669
0.00988562
0.0105568
0.0112498
0.0119645
0.0127002
0.0134566
0.0142331
0.015029
0.0158438
0.0166766
0.0175268
0.0183934
0.0192756
0.0201724
0.0210829
0.0220059
0.0229404
0.0238853
0.0248394
0.0258014
0.0267701
0.0277443
0.0287226
0.0297037
0.0306863
0.031669
0.0326503
0.033629
0.0346036
0.0355728
0.0365351
0.0374891
0.0384336
0.039367
0.0402882
0.0411956
0.0420882
0.0429645
0.0438234
0.0446637
0.0454842
0.0462837
0.0470613
0.0478158
0.0485464
0.0492519
0.0499317
0.0505848
0.0512105
0.0518081
0.0523768
0.0529162
0.0534257
0.0539048
0.0543531
0.0547703
0.055156
0.05551
0.0558321
0.0561223
0.0563805
0.0566067
0.0568008
0.0569632
0.0570938
0.057193
0.0572609
0.057298
0.0573044
0.0572823
0.0572293
0.0571467
0.0570355
0.0568962
0.0567295
0.0565358
0.056316
0.0560706
0.0558004
0.0555061
0.0551885
0.0548483
0.0544863
0.0541034
0.0537002
0.0532776
0.0528365
0.0523777
0.0519019
0.0514101
0.0509031
0.0503817
0.0498466
0.0492988
0.0487391
0.0481682
0.047587
0.0469962
0.0463965
0.0457889
0.0451739
0.0445524
0.0439251
0.0432926
0.0426556
0.0420148
0.0413709
0.0407244
0.040076
0.0394263
0.0387758
0.0381251
0.0374747
0.0368251
0.0361769
0.0355305
0.0348862
0.0342447
0.0336063
0.0329713
0.0323402
0.0317132
0.0310909
0.0304733
0.029861
0.0292541
0.0286528
0.0280576
0.0274685
0.0268858
0.0263098
0.0257405
0.0251781
0.0246229
0.0240749
0.0235343
0.0230012
0.0224757
0.0219578
0.0214478
0.0209455
0.0204512
0.0199647
0.0194863
0.0190158
0.0185534
0.0180989
0.0176525
0.0172141
0.0167837
0.0163613
0.0159468
0.0155402
0.0151415
0.0147507
0.0143676
0.0139922
0.0136245
0.0132644
0.0129117
0.0125666
0.0122288
0.0118983
0.011575
0.0112589
0.0109497
0.0106475
0.0103522
0.0100636
0.00978169
0.00950633
0.00923744
0.00897491
0.00871864
0.00846854
0.00822449
0.00798641
0.00775417
0.00752769
0.00730686
0.00709158
0.00688174
0.00667723
0.00647797
0.00628385
0.00609476
0.0059106
0.00573128
0.0055567
0.00538675
0.00522135
0.00506039
0.00490377
0.00475141
0.00460322
0.00445908
0.00431893
0.00418267
0.0040502
0.00392144
0.00379631
0.00367472
0.00355658
0.00344182
0.00333036
0.0032221
0.00311698
0.00301492
0.00291585
0.00281968
0.00272634
0.00263577
0.0025479
0.00246265
0.00237995
0.00229975
0.00222198
0.00214656
0.00207345
0.00200258
0.00193389
0.00186732
0.00180281
0.00174031
0.00167977
0.00162113
0.00156433
0.00150933
0.00145608
0.00140453
0.00135463
0.00130633
0.00125959
0.00121436
0.00117061
0.00112828
0.00108735
0.00104776
0.00100947
0.000972458
0.000936677
0.000902091
0.000868666
0.000836366
0.000805159
0.00077501
0.000745889
0.000717764
0.000690604
0.000664381
0.000639065
0.000614628
0.000591043
0.000568283
0.000546323
0.000525138
0.000504703
0.000484994
0.000465988
0.000447663
0.000429997
0.000412968
0.000396557
0.000380742
0.000365505
0.000350826
0.000336687
0.000323071
0.000309959
0.000297336
0.000285184
0.000273488
0.000262232
0.000251402
0.000240983
0.00023096
0.000221321
0.000212052
0.00020314
0.000194573
0.000186338
0.000178425
0.000170821
0.000163516
0.000156498
0.000149759
0.000143287
0.000137074
0.000131109
0.000125384
0.000119891
0.000114619
0.000109562
0.000104712
0.00010006
9.5599e-05
9.13226e-05
8.72234e-05
8.32948e-05
7.95302e-05
7.59234e-05
7.24684e-05
6.91592e-05
6.59904e-05
6.29565e-05
6.00521e-05
5.72723e-05
5.46122e-05
5.20669e-05
4.96321e-05
4.73032e-05
4.50761e-05
4.29467e-05
4.0911e-05
3.89653e-05
3.71058e-05
3.53292e-05
3.36319e-05
3.20107e-05
3.04625e-05
2.89843e-05
2.75731e-05
2.62261e-05
2.49407e-05
2.37142e-05
2.25441e-05
2.14282e-05
2.03639e-05
1.93492e-05
1.83819e-05
1.74599e-05
1.65813e-05
1.57442e-05
1.49468e-05
1.41873e-05
1.3464e-05
1.27755e-05
1.21201e-05
1.14963e-05
1.09028e-05
1.03382e-05
9.80122e-06
9.29058e-06
8.80512e-06
8.34371e-06
7.90527e-06
7.48876e-06
7.09319e-06
6.71763e-06
6.3612e-06
6.02303e-06
5.70233e-06
5.39835e-06
5.11038e-06
4.83775e-06
4.57983e-06
4.33606e-06
4.10591e-06
3.88891e-06
3.68463e-06
3.49271e-06
3.31284e-06
3.1448e-06
2.98841e-06
2.84361e-06
2.7104e-06
2.58891e-06
2.47941e-06
2.3823e-06
2.29818e-06
2.22786e-06
2.17244e-06
2.13337e-06
2.11259e-06
6.53397e-05
0.000209222
0.0003666
0.000538067
0.000724434
0.000926591
0.00114544
0.00138184
0.00163659
0.0019104
0.00220391
0.00251767
0.00285219
0.00320788
0.00358514
0.00398428
0.00440561
0.00484936
0.00531572
0.00580488
0.00631693
0.00685195
0.00740995
0.00799092
0.00859477
0.00922137
0.00987053
0.010542
0.0112355
0.0119506
0.0126869
0.013444
0.0142212
0.015018
0.0158338
0.0166677
0.0175191
0.018387
0.0192706
0.0201689
0.021081
0.0220058
0.0229422
0.023889
0.0248451
0.0258093
0.0267804
0.027757
0.0287378
0.0297215
0.0307068
0.0316923
0.0326765
0.0336582
0.0346359
0.0356082
0.0365738
0.0375311
0.0384789
0.0394158
0.0403404
0.0412515
0.0421476
0.0430276
0.0438901
0.0447341
0.0455583
0.0463616
0.0471429
0.0479011
0.0486354
0.0493447
0.0500281
0.0506849
0.0513142
0.0519154
0.0524878
0.0530307
0.0535436
0.0540261
0.0544778
0.0548982
0.0552871
0.0556442
0.0559694
0.0562625
0.0565235
0.0567524
0.0569493
0.0571141
0.0572472
0.0573487
0.0574189
0.057458
0.0574664
0.0574461
0.057395
0.0573141
0.0572043
0.0570664
0.0569009
0.0567084
0.0564896
0.0562451
0.0559757
0.0556821
0.0553651
0.0550253
0.0546636
0.0542808
0.0538777
0.0534552
0.0530139
0.0525549
0.0520788
0.0515866
0.051079
0.0505569
0.0500212
0.0494726
0.048912
0.0483401
0.0477578
0.0471659
0.046565
0.0459561
0.0453398
0.0447169
0.0440881
0.043454
0.0428155
0.042173
0.0415274
0.0408792
0.0402291
0.0395775
0.0389252
0.0382726
0.0376203
0.0369688
0.0363186
0.0356702
0.0350239
0.0343804
0.0337399
0.0331029
0.0324697
0.0318407
0.0312162
0.0305966
0.0299822
0.0293732
0.0287699
0.0281725
0.0275814
0.0269966
0.0264185
0.0258471
0.0252827
0.0247255
0.0241755
0.0236329
0.0230978
0.0225703
0.0220505
0.0215385
0.0210343
0.0205381
0.0200498
0.0195695
0.0190972
0.0186329
0.0181767
0.0177285
0.0172884
0.0168563
0.0164322
0.016016
0.0156078
0.0152075
0.0148151
0.0144304
0.0140535
0.0136843
0.0133227
0.0129686
0.0126221
0.0122829
0.011951
0.0116264
0.0113089
0.0109984
0.010695
0.0103984
0.0101086
0.00982549
0.00954897
0.00927893
0.00901528
0.00875792
0.00850674
0.00826165
0.00802254
0.00778931
0.00756185
0.00734006
0.00712384
0.00691309
0.0067077
0.00650756
0.00631259
0.00612267
0.00593771
0.0057576
0.00558225
0.00541155
0.00524542
0.00508374
0.00492644
0.0047734
0.00462454
0.00447977
0.00433899
0.00420212
0.00406906
0.00393972
0.00381403
0.00369189
0.00357322
0.00345795
0.00334598
0.00323723
0.00313164
0.00302911
0.00292959
0.00283298
0.00273922
0.00264824
0.00255996
0.00247432
0.00239125
0.00231068
0.00223255
0.00215679
0.00208334
0.00201214
0.00194313
0.00187625
0.00181145
0.00174866
0.00168784
0.00162892
0.00157186
0.00151661
0.00146311
0.00141131
0.00136118
0.00131266
0.0012657
0.00122026
0.0011763
0.00113378
0.00109264
0.00105287
0.0010144
0.000977214
0.000941263
0.000906514
0.00087293
0.000840477
0.000809121
0.000778829
0.000749568
0.000721309
0.000694019
0.00066767
0.000642233
0.000617678
0.00059398
0.000571111
0.000549045
0.000527758
0.000507224
0.000487419
0.000468321
0.000449907
0.000432155
0.000415044
0.000398552
0.000382661
0.000367349
0.000352598
0.000338391
0.000324707
0.000311531
0.000298846
0.000286634
0.00027488
0.000263569
0.000252685
0.000242215
0.000232143
0.000222456
0.00021314
0.000204184
0.000195574
0.000187298
0.000179345
0.000171703
0.000164361
0.000157309
0.000150536
0.000144032
0.000137787
0.000131792
0.000126038
0.000120517
0.000115218
0.000110136
0.000105261
0.000100585
9.61016e-05
9.18034e-05
8.76832e-05
8.37345e-05
7.99506e-05
7.63252e-05
7.28524e-05
6.95263e-05
6.63412e-05
6.32915e-05
6.03722e-05
5.7578e-05
5.4904e-05
5.23456e-05
4.98981e-05
4.75571e-05
4.53183e-05
4.31778e-05
4.11314e-05
3.91755e-05
3.73063e-05
3.55203e-05
3.38141e-05
3.21844e-05
3.0628e-05
2.9142e-05
2.77233e-05
2.63692e-05
2.50769e-05
2.38439e-05
2.26676e-05
2.15457e-05
2.04758e-05
1.94556e-05
1.84831e-05
1.75562e-05
1.66729e-05
1.58313e-05
1.50295e-05
1.42659e-05
1.35388e-05
1.28465e-05
1.21876e-05
1.15604e-05
1.09637e-05
1.0396e-05
9.85609e-06
9.34266e-06
8.85454e-06
8.3906e-06
7.94974e-06
7.53094e-06
7.13318e-06
6.75554e-06
6.39712e-06
6.05707e-06
5.73458e-06
5.4289e-06
5.1393e-06
4.86511e-06
4.60572e-06
4.36055e-06
4.12906e-06
3.91079e-06
3.70529e-06
3.51221e-06
3.33123e-06
3.16213e-06
3.00473e-06
2.85896e-06
2.72483e-06
2.60247e-06
2.49213e-06
2.39424e-06
2.30939e-06
2.23842e-06
2.18244e-06
2.14294e-06
2.1219e-06
6.53395e-05
0.000209221
0.000366599
0.000538065
0.000724431
0.000926587
0.00114543
0.00138183
0.00163658
0.00191039
0.0022039
0.00251766
0.00285217
0.00320786
0.00358512
0.00398426
0.00440558
0.00484932
0.00531569
0.00580484
0.00631688
0.0068519
0.0074099
0.00799086
0.00859471
0.0092213
0.00987045
0.0105419
0.0112354
0.0119505
0.0126868
0.0134439
0.0142211
0.0150179
0.0158337
0.0166676
0.017519
0.0183869
0.0192705
0.0201688
0.0210809
0.0220056
0.022942
0.0238888
0.024845
0.0258092
0.0267802
0.0277568
0.0287376
0.0297213
0.0307066
0.0316921
0.0326763
0.033658
0.0346357
0.035608
0.0365735
0.0375309
0.0384787
0.0394156
0.0403402
0.0412512
0.0421473
0.0430273
0.0438899
0.0447338
0.045558
0.0463613
0.0471426
0.0479009
0.0486351
0.0493444
0.0500279
0.0506846
0.051314
0.0519151
0.0524875
0.0530304
0.0535434
0.0540259
0.0544775
0.0548979
0.0552868
0.0556439
0.0559691
0.0562623
0.0565233
0.0567522
0.056949
0.0571139
0.057247
0.0573485
0.0574186
0.0574577
0.0574661
0.0574459
0.0573948
0.0573138
0.0572041
0.0570662
0.0569007
0.0567082
0.0564894
0.0562449
0.0559755
0.0556819
0.0553649
0.0550251
0.0546634
0.0542807
0.0538776
0.053455
0.0530138
0.0525547
0.0520787
0.0515864
0.0510789
0.0505568
0.0500211
0.0494725
0.0489118
0.04834
0.0477577
0.0471658
0.0465649
0.045956
0.0453397
0.0447168
0.044088
0.0434539
0.0428154
0.042173
0.0415273
0.0408792
0.040229
0.0395775
0.0389251
0.0382726
0.0376203
0.0369688
0.0363186
0.0356701
0.0350239
0.0343803
0.0337399
0.0331028
0.0324696
0.0318406
0.0312162
0.0305966
0.0299821
0.0293731
0.0287698
0.0281725
0.0275813
0.0269966
0.0264185
0.0258471
0.0252827
0.0247255
0.0241755
0.0236329
0.0230978
0.0225703
0.0220505
0.0215385
0.0210343
0.0205381
0.0200498
0.0195695
0.0190972
0.0186329
0.0181767
0.0177285
0.0172884
0.0168563
0.0164322
0.016016
0.0156078
0.0152075
0.0148151
0.0144304
0.0140535
0.0136843
0.0133227
0.0129686
0.0126221
0.0122829
0.011951
0.0116264
0.0113089
0.0109985
0.010695
0.0103984
0.0101086
0.00982551
0.00954898
0.00927894
0.00901529
0.00875793
0.00850675
0.00826166
0.00802255
0.00778932
0.00756186
0.00734007
0.00712385
0.0069131
0.00670771
0.00650758
0.0063126
0.00612268
0.00593772
0.00575761
0.00558226
0.00541157
0.00524543
0.00508375
0.00492645
0.00477341
0.00462455
0.00447978
0.004339
0.00420213
0.00406907
0.00393973
0.00381404
0.0036919
0.00357323
0.00345795
0.00334598
0.00323724
0.00313165
0.00302912
0.00292959
0.00283299
0.00273923
0.00264825
0.00255997
0.00247433
0.00239126
0.00231069
0.00223255
0.00215679
0.00208335
0.00201215
0.00194314
0.00187626
0.00181145
0.00174867
0.00168784
0.00162893
0.00157187
0.00151661
0.00146311
0.00141132
0.00136118
0.00131266
0.0012657
0.00122026
0.0011763
0.00113378
0.00109265
0.00105287
0.00101441
0.000977218
0.000941267
0.000906517
0.000872933
0.00084048
0.000809124
0.000778832
0.000749572
0.000721312
0.000694022
0.000667673
0.000642235
0.000617681
0.000593982
0.000571113
0.000549048
0.00052776
0.000507226
0.000487421
0.000468323
0.000449909
0.000432157
0.000415046
0.000398554
0.000382663
0.000367351
0.0003526
0.000338392
0.000324709
0.000311533
0.000298847
0.000286636
0.000274882
0.000263571
0.000252687
0.000242216
0.000232144
0.000222457
0.000213142
0.000204185
0.000195575
0.000187299
0.000179346
0.000171704
0.000164362
0.00015731
0.000150537
0.000144033
0.000137788
0.000131793
0.000126039
0.000120517
0.000115219
0.000110136
0.000105261
0.000100586
9.61023e-05
9.1804e-05
8.76838e-05
8.3735e-05
7.99511e-05
7.63258e-05
7.28529e-05
6.95268e-05
6.63416e-05
6.3292e-05
6.03726e-05
5.75784e-05
5.49044e-05
5.23459e-05
4.98984e-05
4.75574e-05
4.53187e-05
4.31781e-05
4.11318e-05
3.91758e-05
3.73066e-05
3.55206e-05
3.38143e-05
3.21846e-05
3.06283e-05
2.91422e-05
2.77235e-05
2.63694e-05
2.50771e-05
2.38441e-05
2.26678e-05
2.15459e-05
2.0476e-05
1.94558e-05
1.84833e-05
1.75563e-05
1.6673e-05
1.58314e-05
1.50297e-05
1.42661e-05
1.35389e-05
1.28467e-05
1.21877e-05
1.15605e-05
1.09638e-05
1.03961e-05
9.85618e-06
9.34275e-06
8.85463e-06
8.39068e-06
7.94982e-06
7.53101e-06
7.13325e-06
6.75561e-06
6.39719e-06
6.05713e-06
5.73464e-06
5.42895e-06
5.13935e-06
4.86516e-06
4.60577e-06
4.36059e-06
4.12911e-06
3.91083e-06
3.70533e-06
3.51225e-06
3.33127e-06
3.16217e-06
3.00477e-06
2.85899e-06
2.72486e-06
2.6025e-06
2.49216e-06
2.39427e-06
2.30942e-06
2.23845e-06
2.18247e-06
2.14296e-06
2.12192e-06
6.55891e-05
0.000210035
0.00036807
0.000540309
0.000727566
0.000930714
0.00115062
0.00138812
0.00164396
0.00191883
0.00221335
0.00252805
0.00286342
0.00321989
0.00359784
0.00399759
0.00441944
0.00486363
0.00533037
0.00581981
0.00633208
0.00686725
0.00742532
0.00800629
0.00861005
0.00923649
0.0098854
0.0105565
0.0112496
0.0119642
0.0126999
0.0134563
0.0142328
0.0150287
0.0158434
0.0166763
0.0175264
0.018393
0.0192752
0.020172
0.0210824
0.0220055
0.02294
0.0238848
0.0248389
0.0258009
0.0267696
0.0277437
0.028722
0.0297031
0.0306857
0.0316683
0.0326497
0.0336284
0.034603
0.0355721
0.0365344
0.0374884
0.0384329
0.0393663
0.0402874
0.0411949
0.0420874
0.0429638
0.0438227
0.0446629
0.0454834
0.0462829
0.0470605
0.047815
0.0485456
0.0492511
0.0499309
0.050584
0.0512097
0.0518073
0.052376
0.0529154
0.0534249
0.053904
0.0543523
0.0547695
0.0551552
0.0555092
0.0558314
0.0561216
0.0563798
0.0566059
0.0568001
0.0569624
0.0570931
0.0571923
0.0572602
0.0572973
0.0573037
0.0572816
0.0572286
0.0571461
0.0570349
0.0568956
0.0567288
0.0565352
0.0563154
0.05607
0.0557998
0.0555056
0.055188
0.0548478
0.0544858
0.0541029
0.0536997
0.0532771
0.0528361
0.0523772
0.0519015
0.0514097
0.0509027
0.0503813
0.0498463
0.0492985
0.0487388
0.0481679
0.0475867
0.0469959
0.0463963
0.0457886
0.0451737
0.0445522
0.0439248
0.0432923
0.0426554
0.0420146
0.0413707
0.0407242
0.0400758
0.0394261
0.0387756
0.0381249
0.0374746
0.036825
0.0361768
0.0355303
0.0348861
0.0342446
0.0336062
0.0329712
0.0323401
0.0317132
0.0310908
0.0304733
0.0298609
0.029254
0.0286528
0.0280576
0.0274685
0.0268858
0.0263097
0.0257405
0.0251781
0.0246229
0.0240749
0.0235343
0.0230012
0.0224757
0.0219579
0.0214478
0.0209455
0.0204512
0.0199648
0.0194863
0.0190158
0.0185534
0.0180989
0.0176525
0.0172141
0.0167837
0.0163613
0.0159468
0.0155403
0.0151416
0.0147507
0.0143676
0.0139922
0.0136245
0.0132644
0.0129118
0.0125666
0.0122288
0.0118983
0.0115751
0.0112589
0.0109498
0.0106476
0.0103522
0.0100637
0.00978173
0.00950637
0.00923748
0.00897495
0.00871868
0.00846858
0.00822453
0.00798645
0.00775421
0.00752773
0.0073069
0.00709162
0.00688177
0.00667727
0.00647801
0.00628388
0.00609479
0.00591064
0.00573132
0.00555673
0.00538679
0.00522138
0.00506042
0.00490381
0.00475145
0.00460325
0.00445912
0.00431896
0.0041827
0.00405023
0.00392147
0.00379634
0.00367475
0.00355661
0.00344185
0.00333038
0.00322213
0.00311701
0.00301495
0.00291587
0.0028197
0.00272637
0.0026358
0.00254792
0.00246267
0.00237997
0.00229977
0.002222
0.00214658
0.00207347
0.0020026
0.00193391
0.00186733
0.00180283
0.00174033
0.00167979
0.00162114
0.00156435
0.00150935
0.0014561
0.00140454
0.00135464
0.00130634
0.0012596
0.00121438
0.00117062
0.0011283
0.00108736
0.00104777
0.00100948
0.00097247
0.000936688
0.000902102
0.000868676
0.000836377
0.000805169
0.00077502
0.000745899
0.000717773
0.000690613
0.000664389
0.000639073
0.000614636
0.00059105
0.000568291
0.000546331
0.000525145
0.00050471
0.000485
0.000465994
0.000447669
0.000430003
0.000412974
0.000396562
0.000380747
0.00036551
0.000350831
0.000336692
0.000323076
0.000309964
0.00029734
0.000285188
0.000273492
0.000262236
0.000251406
0.000240987
0.000230964
0.000221325
0.000212056
0.000203143
0.000194576
0.000186341
0.000178428
0.000170824
0.000163518
0.000156501
0.000149762
0.00014329
0.000137076
0.000131112
0.000125387
0.000119893
0.000114621
0.000109564
0.000104714
0.000100062
9.56009e-05
9.13244e-05
8.72252e-05
8.32965e-05
7.95318e-05
7.59249e-05
7.24698e-05
6.91607e-05
6.59918e-05
6.29578e-05
6.00534e-05
5.72736e-05
5.46134e-05
5.20681e-05
4.96332e-05
4.73043e-05
4.50771e-05
4.29477e-05
4.09119e-05
3.89662e-05
3.71067e-05
3.533e-05
3.36327e-05
3.20115e-05
3.04632e-05
2.8985e-05
2.75737e-05
2.62268e-05
2.49413e-05
2.37148e-05
2.25447e-05
2.14287e-05
2.03644e-05
1.93497e-05
1.83823e-05
1.74603e-05
1.65817e-05
1.57446e-05
1.49471e-05
1.41876e-05
1.34644e-05
1.27758e-05
1.21204e-05
1.14966e-05
1.09031e-05
1.03385e-05
9.8015e-06
9.29085e-06
8.80538e-06
8.34396e-06
7.9055e-06
7.48897e-06
7.0934e-06
6.71783e-06
6.36138e-06
6.02321e-06
5.70251e-06
5.39852e-06
5.11054e-06
4.8379e-06
4.57997e-06
4.3362e-06
4.10604e-06
3.88903e-06
3.68475e-06
3.49282e-06
3.31295e-06
3.1449e-06
2.98851e-06
2.8437e-06
2.71049e-06
2.589e-06
2.4795e-06
2.38238e-06
2.29826e-06
2.22794e-06
2.17252e-06
2.13344e-06
2.11266e-06
6.60813e-05
0.000211642
0.000370977
0.000544741
0.000733753
0.000938845
0.00116082
0.00140043
0.00165837
0.00193527
0.00223169
0.00254816
0.00288514
0.00324306
0.00362229
0.00402317
0.00444598
0.00489099
0.00535839
0.00584835
0.00636099
0.00689637
0.00745453
0.00803542
0.00863896
0.00926501
0.00991337
0.0105838
0.011276
0.0119895
0.012724
0.0134789
0.0142537
0.0150479
0.0158606
0.0166912
0.0175388
0.0184028
0.0192821
0.0201758
0.0210829
0.0220024
0.0229331
0.023874
0.0248238
0.0257814
0.0267455
0.0277148
0.0286881
0.0296639
0.0306411
0.0316181
0.0325936
0.0335663
0.0345348
0.0354976
0.0364534
0.0374009
0.0383386
0.0392651
0.0401793
0.0410797
0.0419651
0.0428343
0.0436859
0.0445188
0.045332
0.0461241
0.0468943
0.0476414
0.0483646
0.0490628
0.0497352
0.0503811
0.0509996
0.05159
0.0521518
0.0526843
0.0531869
0.0536593
0.0541011
0.0545118
0.0548912
0.0552392
0.0555554
0.0558398
0.0560924
0.0563132
0.0565022
0.0566596
0.0567855
0.0568801
0.0569438
0.0569768
0.0569793
0.0569537
0.0568971
0.0568114
0.0566973
0.0565554
0.0563862
0.0561904
0.0559686
0.0557215
0.0554499
0.0551544
0.0548358
0.0544948
0.0541323
0.053749
0.0533458
0.0529233
0.0524826
0.0520243
0.0515493
0.0510584
0.0505525
0.0500324
0.0494989
0.0489528
0.0483949
0.047826
0.047247
0.0466585
0.0460613
0.0454563
0.0448441
0.0442254
0.043601
0.0429716
0.0423378
0.0417004
0.0410598
0.0404168
0.039772
0.0391259
0.0384791
0.0378322
0.0371857
0.03654
0.0358957
0.0352533
0.0346131
0.0339756
0.0333412
0.0327103
0.0320834
0.0314606
0.0308423
0.030229
0.0296208
0.029018
0.028421
0.0278299
0.0272449
0.0266664
0.0260944
0.0255292
0.0249709
0.0244198
0.0238758
0.0233392
0.02281
0.0222884
0.0217744
0.0212682
0.0207698
0.0202792
0.0197965
0.0193217
0.0188548
0.018396
0.0179451
0.0175022
0.0170672
0.0166402
0.0162211
0.0158099
0.0154066
0.0150111
0.0146233
0.0142433
0.013871
0.0135063
0.0131491
0.0127993
0.012457
0.012122
0.0117942
0.0114736
0.01116
0.0108535
0.0105538
0.0102609
0.00997475
0.00969519
0.00942214
0.00915551
0.00889519
0.00864109
0.00839311
0.00815114
0.00791508
0.00768483
0.00746028
0.00724134
0.0070279
0.00681986
0.00661712
0.00641958
0.00622713
0.00603968
0.00585712
0.00567936
0.0055063
0.00533783
0.00517387
0.00501432
0.00485907
0.00470805
0.00456116
0.00441829
0.00427937
0.00414431
0.00401302
0.0038854
0.00376138
0.00364086
0.00352378
0.00341004
0.00329957
0.00319228
0.0030881
0.00298695
0.00288877
0.00279346
0.00270096
0.00261121
0.00252413
0.00243964
0.0023577
0.00227822
0.00220115
0.00212642
0.00205397
0.00198375
0.00191568
0.00184972
0.0017858
0.00172387
0.00166388
0.00160578
0.0015495
0.00149501
0.00144225
0.00139117
0.00134173
0.00129387
0.00124757
0.00120276
0.00115941
0.00111748
0.00107692
0.0010377
0.000999769
0.0009631
0.000927653
0.00089339
0.000860277
0.00082828
0.000797365
0.0007675
0.000738652
0.000710792
0.000683888
0.000657912
0.000632834
0.000608628
0.000585267
0.000562723
0.000540972
0.000519988
0.000499747
0.000480225
0.000461401
0.000443251
0.000425754
0.000408888
0.000392634
0.000376971
0.00036188
0.000347343
0.000333341
0.000319855
0.000306871
0.000294369
0.000282335
0.000270752
0.000259606
0.000248881
0.000238563
0.000228639
0.000219093
0.000209915
0.00020109
0.000192607
0.000184453
0.000176617
0.000169088
0.000161855
0.000154907
0.000148234
0.000141827
0.000135675
0.000129769
0.000124101
0.000118662
0.000113443
0.000108437
0.000103634
9.90291e-05
9.46132e-05
9.03796e-05
8.63216e-05
8.24324e-05
7.87057e-05
7.51353e-05
7.17152e-05
6.84395e-05
6.53028e-05
6.22996e-05
5.94247e-05
5.66732e-05
5.40401e-05
5.15208e-05
4.91108e-05
4.68058e-05
4.46015e-05
4.24939e-05
4.04791e-05
3.85533e-05
3.6713e-05
3.49547e-05
3.32749e-05
3.16705e-05
3.01383e-05
2.86754e-05
2.72789e-05
2.59459e-05
2.46739e-05
2.34602e-05
2.23023e-05
2.1198e-05
2.01449e-05
1.91408e-05
1.81837e-05
1.72714e-05
1.6402e-05
1.55737e-05
1.47847e-05
1.40333e-05
1.33177e-05
1.26365e-05
1.1988e-05
1.13709e-05
1.07837e-05
1.02251e-05
9.69388e-06
9.18872e-06
8.70847e-06
8.25202e-06
7.81829e-06
7.40627e-06
7.01499e-06
6.6435e-06
6.29094e-06
5.95646e-06
5.63928e-06
5.33865e-06
5.05386e-06
4.78425e-06
4.52922e-06
4.2882e-06
4.06066e-06
3.84615e-06
3.64425e-06
3.4546e-06
3.2769e-06
3.11092e-06
2.95651e-06
2.81359e-06
2.68219e-06
2.56242e-06
2.45454e-06
2.35896e-06
2.27625e-06
2.2072e-06
2.15287e-06
2.11464e-06
2.09435e-06
6.68016e-05
0.000213995
0.000375242
0.000551247
0.000742815
0.000950705
0.00117562
0.0014182
0.00167904
0.00195871
0.00225773
0.00257658
0.00291571
0.00327554
0.00365645
0.00405877
0.0044828
0.0049288
0.00539698
0.00588751
0.0064005
0.00693603
0.00749411
0.0080747
0.00867771
0.009303
0.00995037
0.0106195
0.0113102
0.012022
0.0127544
0.013507
0.0142793
0.0150705
0.01588
0.0167071
0.017551
0.0184108
0.0192856
0.0201746
0.0210766
0.0219906
0.0229156
0.0238505
0.0247939
0.0257449
0.026702
0.027664
0.0286297
0.0295976
0.0305666
0.0315352
0.032502
0.0334658
0.034425
0.0353785
0.0363247
0.0372623
0.03819
0.0391064
0.0400103
0.0409002
0.0417751
0.0426335
0.0434744
0.0442965
0.0450988
0.0458801
0.0466393
0.0473756
0.0480879
0.0487753
0.049437
0.0500722
0.0506801
0.0512601
0.0518116
0.0523339
0.0528266
0.0532892
0.0537214
0.0541228
0.054493
0.0548321
0.0551397
0.0554157
0.0556603
0.0558733
0.0560548
0.056205
0.056324
0.0564121
0.0564695
0.0564966
0.0564939
0.0564628
0.0564013
0.0563111
0.0561929
0.0560472
0.0558746
0.0556757
0.0554513
0.0552018
0.0549282
0.054631
0.0543111
0.0539692
0.053606
0.0532224
0.0528191
0.052397
0.0519569
0.0514996
0.0510258
0.0505365
0.0500324
0.0495144
0.0489832
0.0484397
0.0478846
0.0473188
0.0467431
0.0461581
0.0455647
0.0449636
0.0443556
0.0437412
0.0431213
0.0424966
0.0418676
0.0412351
0.0405996
0.0399619
0.0393224
0.0386817
0.0380405
0.0373993
0.0367584
0.0361186
0.0354802
0.0348436
0.0342094
0.033578
0.0329497
0.0323249
0.0317041
0.0310875
0.0304754
0.0298682
0.0292662
0.0286696
0.0280788
0.0274938
0.026915
0.0263426
0.0257767
0.0252176
0.0246653
0.0241201
0.0235821
0.0230514
0.022528
0.0220122
0.021504
0.0210035
0.0205107
0.0200256
0.0195484
0.0190791
0.0186176
0.018164
0.0177184
0.0172806
0.0168507
0.0164287
0.0160146
0.0156083
0.0152097
0.0148189
0.0144358
0.0140604
0.0136925
0.0133322
0.0129793
0.0126338
0.0122956
0.0119647
0.011641
0.0113243
0.0110146
0.0107118
0.0104158
0.0101266
0.00984396
0.00956789
0.00929825
0.00903495
0.0087779
0.008527
0.00828213
0.00804322
0.00781014
0.00758281
0.00736111
0.00714496
0.00693424
0.00672886
0.00652871
0.0063337
0.00614373
0.00595868
0.00577848
0.00560301
0.00543218
0.0052659
0.00510406
0.00494658
0.00479336
0.00464431
0.00449933
0.00435833
0.00422123
0.00408794
0.00395836
0.00383243
0.00371004
0.00359111
0.00347557
0.00336334
0.00325433
0.00314846
0.00304566
0.00294586
0.00284898
0.00275494
0.00266368
0.00257513
0.00248921
0.00240586
0.00232501
0.0022466
0.00217056
0.00209684
0.00202537
0.00195609
0.00188894
0.00182387
0.00176082
0.00169973
0.00164055
0.00158324
0.00152773
0.00147398
0.00142194
0.00137156
0.00132279
0.00127559
0.00122992
0.00118573
0.00114297
0.00110162
0.00106162
0.00102293
0.00098553
0.000949368
0.000914411
0.000880623
0.000847969
0.000816416
0.000785931
0.000756481
0.000728035
0.000700563
0.000674035
0.000648422
0.000623696
0.000599829
0.000576796
0.000554568
0.000533123
0.000512434
0.000492479
0.000473233
0.000454675
0.000436782
0.000419533
0.000402906
0.000386883
0.000371443
0.000356567
0.000342237
0.000328434
0.000315142
0.000302343
0.000290021
0.000278159
0.000266743
0.000255757
0.000245187
0.000235018
0.000225236
0.000215829
0.000206784
0.000198087
0.000189727
0.000181691
0.00017397
0.00016655
0.000159423
0.000152576
0.000146001
0.000139687
0.000133626
0.000127807
0.000122222
0.000116863
0.000111721
0.000106788
0.000102057
9.75201e-05
9.31696e-05
8.89989e-05
8.50012e-05
8.117e-05
7.74988e-05
7.39817e-05
7.06126e-05
6.7386e-05
6.42963e-05
6.13381e-05
5.85065e-05
5.57963e-05
5.32029e-05
5.07216e-05
4.8348e-05
4.60778e-05
4.39069e-05
4.18313e-05
3.98471e-05
3.79506e-05
3.61384e-05
3.44068e-05
3.27527e-05
3.11728e-05
2.96641e-05
2.82237e-05
2.68486e-05
2.55361e-05
2.42836e-05
2.30886e-05
2.19487e-05
2.08614e-05
1.98246e-05
1.88361e-05
1.78938e-05
1.69957e-05
1.61399e-05
1.53245e-05
1.45478e-05
1.38081e-05
1.31038e-05
1.24332e-05
1.1795e-05
1.11876e-05
1.06096e-05
1.00599e-05
9.537e-06
9.03983e-06
8.5672e-06
8.118e-06
7.69118e-06
7.28574e-06
6.90071e-06
6.53518e-06
6.18828e-06
5.8592e-06
5.54715e-06
5.2514e-06
4.97126e-06
4.70608e-06
4.45526e-06
4.21825e-06
3.99453e-06
3.78366e-06
3.58523e-06
3.39889e-06
3.22434e-06
3.06138e-06
2.90985e-06
2.76967e-06
2.64088e-06
2.5236e-06
2.41808e-06
2.32471e-06
2.24404e-06
2.17683e-06
2.12408e-06
2.08706e-06
2.06748e-06
6.77291e-05
0.000217029
0.00038075
0.000559643
0.000754458
0.000965832
0.00119432
0.00144045
0.00170471
0.00198758
0.00228955
0.00261107
0.00295257
0.00331447
0.00369716
0.00410097
0.00452621
0.00497313
0.00544197
0.00593287
0.00644597
0.00698132
0.00753894
0.00811879
0.00872076
0.00934471
0.00999041
0.0106576
0.0113459
0.0120551
0.0127845
0.0135337
0.0143022
0.0150892
0.0158942
0.0167164
0.0175549
0.018409
0.0192777
0.0201601
0.0210551
0.0219618
0.022879
0.0238056
0.0247405
0.0256824
0.0266301
0.0275823
0.0285378
0.0294953
0.0304534
0.0314107
0.032366
0.0333179
0.034265
0.035206
0.0361395
0.0370642
0.0379787
0.0388817
0.039772
0.0406483
0.0415093
0.0423538
0.0431806
0.0439886
0.0447767
0.0455438
0.0462889
0.047011
0.0477092
0.0483826
0.0490304
0.0496518
0.0502461
0.0508127
0.0513509
0.0518601
0.05234
0.0527901
0.0532099
0.0535993
0.0539579
0.0542856
0.0545822
0.0548476
0.0550818
0.0552849
0.0554569
0.055598
0.0557084
0.0557882
0.0558379
0.0558576
0.0558483
0.0558103
0.0557428
0.0556472
0.0555239
0.0553736
0.0551969
0.0549943
0.0547666
0.0545145
0.0542385
0.0539395
0.0536182
0.0532753
0.0529116
0.0525279
0.0521249
0.0517036
0.0512646
0.0508087
0.0503369
0.0498498
0.0493483
0.0488333
0.0483054
0.0477656
0.0472145
0.046653
0.0460818
0.0455017
0.0449134
0.0443176
0.0437152
0.0431067
0.0424929
0.0418744
0.0412519
0.040626
0.0399974
0.0393666
0.0387342
0.0381008
0.037467
0.0368332
0.0362
0.0355679
0.0349373
0.0343086
0.0336823
0.0330589
0.0324386
0.0318219
0.0312092
0.0306007
0.0299968
0.0293977
0.0288039
0.0282154
0.0276327
0.0270558
0.0264851
0.0259207
0.0253628
0.0248116
0.0242673
0.0237299
0.0231997
0.0226767
0.0221611
0.0216528
0.0211522
0.0206591
0.0201736
0.0196959
0.0192258
0.0187636
0.0183092
0.0178625
0.0174237
0.0169927
0.0165694
0.016154
0.0157463
0.0153463
0.014954
0.0145693
0.0141923
0.0138228
0.0134607
0.0131061
0.0127589
0.0124189
0.0120862
0.0117606
0.0114421
0.0111305
0.0108258
0.010528
0.0102368
0.00995232
0.00967433
0.00940278
0.00913758
0.00887863
0.00862582
0.00837907
0.00813827
0.00790332
0.00767413
0.00745059
0.0072326
0.00702007
0.00681288
0.00661096
0.00641418
0.00622246
0.00603569
0.00585378
0.00567663
0.00550414
0.00533621
0.00517276
0.00501369
0.00485889
0.00470829
0.00456179
0.0044193
0.00428073
0.00414598
0.00401499
0.00388765
0.00376389
0.00364361
0.00352675
0.00341322
0.00330293
0.00319581
0.00309179
0.00299079
0.00289273
0.00279754
0.00270514
0.00261548
0.00252848
0.00244407
0.00236218
0.00228276
0.00220573
0.00213104
0.00205862
0.00198841
0.00192036
0.0018544
0.00179048
0.00172855
0.00166855
0.00161043
0.00155413
0.00149961
0.00144682
0.00139571
0.00134623
0.00129834
0.00125199
0.00120714
0.00116374
0.00112176
0.00108115
0.00104187
0.00100389
0.000967159
0.000931652
0.000897329
0.000864154
0.000832094
0.000801115
0.000771185
0.000742272
0.000714345
0.000687375
0.000661333
0.000636189
0.000611916
0.000588487
0.000565877
0.000544059
0.000523009
0.000502702
0.000483115
0.000464225
0.00044601
0.000428448
0.000411519
0.000395202
0.000379476
0.000364324
0.000349725
0.000335662
0.000322118
0.000309074
0.000296515
0.000284424
0.000272785
0.000261583
0.000250804
0.000240433
0.000230456
0.000220859
0.00021163
0.000202755
0.000194224
0.000186022
0.00017814
0.000170565
0.000163287
0.000156295
0.000149579
0.00014313
0.000136937
0.000130992
0.000125284
0.000119807
0.000114551
0.000109508
0.000104671
0.000100031
9.55814e-05
9.13152e-05
8.72254e-05
8.33053e-05
7.95485e-05
7.59488e-05
7.25002e-05
6.91969e-05
6.60333e-05
6.3004e-05
6.01039e-05
5.73277e-05
5.46708e-05
5.21284e-05
4.9696e-05
4.73692e-05
4.51438e-05
4.30158e-05
4.09812e-05
3.90364e-05
3.71776e-05
3.54013e-05
3.37042e-05
3.2083e-05
3.05347e-05
2.90561e-05
2.76445e-05
2.62969e-05
2.50107e-05
2.37834e-05
2.26125e-05
2.14955e-05
2.04301e-05
1.94143e-05
1.84457e-05
1.75225e-05
1.66426e-05
1.58041e-05
1.50053e-05
1.42444e-05
1.35198e-05
1.28298e-05
1.2173e-05
1.15478e-05
1.09528e-05
1.03867e-05
9.84828e-06
9.33618e-06
8.84926e-06
8.38639e-06
7.94649e-06
7.52852e-06
7.13149e-06
6.75448e-06
6.39658e-06
6.05695e-06
5.73477e-06
5.42929e-06
5.1398e-06
4.8656e-06
4.60609e-06
4.36065e-06
4.12877e-06
3.90994e-06
3.70372e-06
3.50971e-06
3.32759e-06
3.15707e-06
2.99795e-06
2.85007e-06
2.71338e-06
2.58791e-06
2.47379e-06
2.37125e-06
2.28068e-06
2.20259e-06
2.1377e-06
2.08692e-06
2.05142e-06
2.03273e-06
6.88381e-05
0.000220655
0.000387341
0.000569654
0.000768216
0.000983483
0.00121585
0.00146571
0.00173347
0.00201955
0.0023244
0.00264845
0.00299216
0.00335592
0.00374012
0.00414512
0.00457121
0.00501867
0.00548771
0.0059785
0.00649115
0.00702572
0.00758222
0.00816059
0.00876072
0.00938246
0.0100256
0.0106898
0.0113747
0.01208
0.0128051
0.0135497
0.014313
0.0150944
0.0158933
0.0167089
0.0175404
0.0183869
0.0192476
0.0201215
0.0210075
0.0219047
0.0228119
0.0237281
0.024652
0.0255825
0.0265183
0.0274582
0.0284009
0.0293452
0.0302897
0.031233
0.032174
0.0331111
0.0340432
0.0349688
0.0358866
0.0367953
0.0376937
0.0385803
0.039454
0.0403135
0.0411576
0.0419851
0.0427948
0.0435857
0.0443566
0.0451065
0.0458345
0.0465395
0.0472207
0.0478772
0.0485083
0.0491132
0.0496911
0.0502415
0.0507639
0.0512576
0.0517222
0.0521573
0.0525626
0.0529377
0.0532825
0.0535967
0.0538804
0.0541333
0.0543554
0.054547
0.0547079
0.0548384
0.0549388
0.0550091
0.0550497
0.055061
0.0550441
0.0549984
0.0549241
0.0548223
0.0546934
0.054538
0.0543568
0.0541503
0.0539192
0.0536642
0.053386
0.0530853
0.0527627
0.0524192
0.0520553
0.051672
0.0512699
0.0508499
0.0504127
0.0499591
0.04949
0.0490062
0.0485084
0.0479974
0.0474739
0.0469389
0.0463931
0.0458371
0.0452718
0.044698
0.0441162
0.0435274
0.0429321
0.042331
0.0417249
0.0411143
0.0404999
0.0398824
0.0392624
0.0386403
0.0380169
0.0373926
0.036768
0.0361436
0.0355198
0.0348973
0.0342763
0.0336574
0.033041
0.0324274
0.0318171
0.0312104
0.0306076
0.0300091
0.0294152
0.0288262
0.0282424
0.0276639
0.0270912
0.0265242
0.0259634
0.0254089
0.0248608
0.0243194
0.0237847
0.023257
0.0227363
0.0222227
0.0217165
0.0212175
0.020726
0.020242
0.0197656
0.0192967
0.0188355
0.0183819
0.017936
0.0174978
0.0170673
0.0166444
0.0162293
0.0158218
0.0154219
0.0150297
0.014645
0.0142678
0.0138981
0.0135358
0.0131809
0.0128332
0.0124928
0.0121596
0.0118334
0.0115143
0.0112021
0.0108967
0.0105981
0.0103063
0.010021
0.00974216
0.00946978
0.00920372
0.00894389
0.00869019
0.00844253
0.0082008
0.00796492
0.00773477
0.00751027
0.00729132
0.00707781
0.00686965
0.00666674
0.00646899
0.00627628
0.00608853
0.00590564
0.00572751
0.00555405
0.00538516
0.00522074
0.00506071
0.00490497
0.00475342
0.00460598
0.00446256
0.00432307
0.00418742
0.00405552
0.00392729
0.00380265
0.00368151
0.00356379
0.00344941
0.00333829
0.00323035
0.00312552
0.00302372
0.00292487
0.00282891
0.00273576
0.00264535
0.00255761
0.00247248
0.00238989
0.00230977
0.00223205
0.00215669
0.00208361
0.00201276
0.00194407
0.00187749
0.00181297
0.00175044
0.00168985
0.00163116
0.0015743
0.00151924
0.00146591
0.00141427
0.00136428
0.00131589
0.00126905
0.00122371
0.00117985
0.00113741
0.00109635
0.00105663
0.00101822
0.000981077
0.000945162
0.000910441
0.000876879
0.00084444
0.000813092
0.000782802
0.000753538
0.000725269
0.000697966
0.000671598
0.000646138
0.000621557
0.000597828
0.000574925
0.000552822
0.000531494
0.000510917
0.000491068
0.000471922
0.000453459
0.000435655
0.000418491
0.000401945
0.000385998
0.000370629
0.000355821
0.000341554
0.000327812
0.000314576
0.00030183
0.000289557
0.000277743
0.00026637
0.000255425
0.000244894
0.000234761
0.000225013
0.000215637
0.000206621
0.000197951
0.000189616
0.000181605
0.000173905
0.000166505
0.000159396
0.000152567
0.000146008
0.000139708
0.00013366
0.000127853
0.00012228
0.00011693
0.000111797
0.000106873
0.000102149
9.76182e-05
9.32735e-05
8.91078e-05
8.51145e-05
8.1287e-05
7.7619e-05
7.41045e-05
7.07377e-05
6.75128e-05
6.44244e-05
6.14671e-05
5.8636e-05
5.59261e-05
5.33326e-05
5.0851e-05
4.84768e-05
4.62057e-05
4.40337e-05
4.19568e-05
3.99712e-05
3.80732e-05
3.62592e-05
3.45258e-05
3.28697e-05
3.12877e-05
2.97769e-05
2.83342e-05
2.69568e-05
2.5642e-05
2.43872e-05
2.31898e-05
2.20474e-05
2.09577e-05
1.99184e-05
1.89274e-05
1.79826e-05
1.7082e-05
1.62238e-05
1.5406e-05
1.46268e-05
1.38847e-05
1.3178e-05
1.25051e-05
1.18645e-05
1.12548e-05
1.06746e-05
1.01227e-05
9.59761e-06
9.09829e-06
8.62354e-06
8.17225e-06
7.74338e-06
7.3359e-06
6.94887e-06
6.58136e-06
6.23251e-06
5.90148e-06
5.58749e-06
5.2898e-06
5.0077e-06
4.74056e-06
4.48774e-06
4.24868e-06
4.02286e-06
3.8098e-06
3.60907e-06
3.4203e-06
3.24315e-06
3.07737e-06
2.92276e-06
2.77918e-06
2.64659e-06
2.525e-06
2.41457e-06
2.3155e-06
2.22818e-06
2.15308e-06
2.09087e-06
2.04237e-06
2.00862e-06
1.99095e-06
7.00941e-05
0.000224746
0.000394778
0.000580847
0.000783327
0.00100246
0.0012385
0.00149175
0.00176255
0.00205132
0.00235849
0.00268449
0.00302977
0.00339474
0.00377978
0.00418526
0.00461148
0.00505871
0.00552715
0.00601696
0.00652826
0.00706109
0.00761544
0.00819126
0.00878842
0.00940674
0.010046
0.0107058
0.011386
0.012086
0.0128053
0.0135435
0.0143
0.0150741
0.0158651
0.0166722
0.0174947
0.0183317
0.0191823
0.0200455
0.0209203
0.0218057
0.0227006
0.0236039
0.0245144
0.025431
0.0263524
0.0272774
0.0282048
0.0291332
0.0300614
0.030988
0.0319118
0.0328315
0.0337457
0.0346531
0.0355524
0.0364424
0.0373217
0.0381892
0.0390434
0.0398834
0.0407078
0.0415155
0.0423054
0.0430764
0.0438274
0.0445575
0.0452658
0.0459512
0.0466129
0.0472501
0.0478621
0.0484481
0.0490074
0.0495396
0.0500439
0.05052
0.0509674
0.0513856
0.0517745
0.0521337
0.0524631
0.0527624
0.0530316
0.0532706
0.0534795
0.0536582
0.053807
0.053926
0.0540154
0.0540754
0.0541064
0.0541087
0.0540835
0.0540297
0.0539484
0.0538401
0.0537055
0.053545
0.0533593
0.053149
0.0529148
0.0526573
0.0523771
0.0520751
0.0517519
0.0514083
0.051045
0.0506628
0.0502624
0.0498446
0.0494103
0.0489601
0.0484948
0.0480153
0.0475223
0.0470166
0.046499
0.0459702
0.0454309
0.044882
0.0443241
0.043758
0.0431844
0.042604
0.0420175
0.0414255
0.0408288
0.0402278
0.0396234
0.039016
0.0384062
0.0377947
0.037182
0.0365686
0.035955
0.0353417
0.0347293
0.0341181
0.0335087
0.0329013
0.0322966
0.0316947
0.0310961
0.0305012
0.0299103
0.0293236
0.0287415
0.0281643
0.0275923
0.0270256
0.0264645
0.0259093
0.0253601
0.0248171
0.0242805
0.0237505
0.0232272
0.0227107
0.0222011
0.0216986
0.0212033
0.0207152
0.0202344
0.0197609
0.0192949
0.0188364
0.0183854
0.0179419
0.017506
0.0170776
0.0166567
0.0162434
0.0158377
0.0154394
0.0150486
0.0146653
0.0142894
0.0139209
0.0135597
0.0132058
0.012859
0.0125195
0.012187
0.0118615
0.011543
0.0112313
0.0109264
0.0106282
0.0103367
0.0100517
0.00977315
0.00950097
0.00923506
0.00897533
0.00872169
0.00847405
0.00823231
0.00799638
0.00776616
0.00754155
0.00732246
0.00710879
0.00690044
0.00669732
0.00649933
0.00630638
0.00611836
0.00593518
0.00575675
0.00558297
0.00541375
0.00524899
0.0050886
0.0049325
0.00478058
0.00463277
0.00448896
0.00434908
0.00421303
0.00408074
0.0039521
0.00382706
0.00370551
0.00358738
0.00347258
0.00336105
0.0032527
0.00314746
0.00304524
0.00294599
0.00284962
0.00275606
0.00266524
0.0025771
0.00249157
0.00240858
0.00232807
0.00224997
0.00217422
0.00210076
0.00202953
0.00196047
0.00189352
0.00182863
0.00176574
0.0017048
0.00164576
0.00158856
0.00153315
0.00147949
0.00142752
0.00137721
0.00132849
0.00128134
0.0012357
0.00119153
0.00114879
0.00110744
0.00106743
0.00102874
0.00099132
0.000955134
0.000920147
0.000886323
0.000853629
0.00082203
0.000791494
0.00076199
0.000733486
0.000705952
0.000679358
0.000653677
0.00062888
0.00060494
0.000581831
0.000559526
0.000538002
0.000517232
0.000497195
0.000477866
0.000459224
0.000441245
0.000423911
0.000407198
0.000391089
0.000375562
0.000360599
0.000346183
0.000332294
0.000318915
0.00030603
0.000293623
0.000281676
0.000270176
0.000259106
0.000248453
0.000238202
0.00022834
0.000218853
0.000209728
0.000200953
0.000192516
0.000184405
0.000176608
0.000169115
0.000161915
0.000154998
0.000148353
0.000141971
0.000135842
0.000129957
0.000124308
0.000118885
0.000113681
0.000108688
0.000103897
9.93018e-05
9.48946e-05
9.06684e-05
8.66166e-05
8.27324e-05
7.90097e-05
7.54423e-05
7.20243e-05
6.87499e-05
6.56136e-05
6.26102e-05
5.97345e-05
5.69815e-05
5.43464e-05
5.18246e-05
4.94117e-05
4.71032e-05
4.48952e-05
4.27835e-05
4.07643e-05
3.8834e-05
3.69888e-05
3.52254e-05
3.35404e-05
3.19306e-05
3.03929e-05
2.89244e-05
2.75221e-05
2.61834e-05
2.49056e-05
2.3686e-05
2.25223e-05
2.14122e-05
2.03532e-05
1.93433e-05
1.83804e-05
1.74623e-05
1.65873e-05
1.57534e-05
1.49588e-05
1.42019e-05
1.34809e-05
1.27944e-05
1.21407e-05
1.15184e-05
1.09261e-05
1.03626e-05
9.82644e-06
9.31647e-06
8.83151e-06
8.37044e-06
7.93217e-06
7.51569e-06
7.12e-06
6.74419e-06
6.38736e-06
6.04866e-06
5.72729e-06
5.42248e-06
5.13352e-06
4.85974e-06
4.60048e-06
4.35517e-06
4.12325e-06
3.90421e-06
3.6976e-06
3.503e-06
3.32006e-06
3.14846e-06
2.98795e-06
2.83835e-06
2.69953e-06
2.57146e-06
2.45416e-06
2.34777e-06
2.25252e-06
2.16874e-06
2.09689e-06
2.03758e-06
1.99154e-06
1.95967e-06
1.9431e-06
7.14273e-05
0.000229068
0.000402646
0.000592437
0.00079845
0.00102078
0.00125963
0.00151528
0.00178809
0.00207847
0.00238686
0.00271371
0.00305947
0.00342454
0.00380932
0.00421416
0.00463935
0.00508515
0.00555177
0.00603935
0.00654798
0.00707771
0.00762852
0.00820032
0.00879298
0.00940631
0.01004
0.0106939
0.0113675
0.0120603
0.012772
0.013502
0.0142496
0.0150143
0.0157953
0.0165918
0.0174031
0.0182283
0.0190664
0.0199166
0.0207778
0.021649
0.0225291
0.0234171
0.0243117
0.0252118
0.0261162
0.0270237
0.027933
0.028843
0.0297522
0.0306595
0.0315635
0.032463
0.0333567
0.0342433
0.0351215
0.0359901
0.0368478
0.0376935
0.0385258
0.0393437
0.040146
0.0409315
0.0416992
0.042448
0.043177
0.0438851
0.0445714
0.0452351
0.0458754
0.0464913
0.0470823
0.0476477
0.0481867
0.0486989
0.0491837
0.0496407
0.0500695
0.0504696
0.0508409
0.0511831
0.0514959
0.0517794
0.0520333
0.0522576
0.0524525
0.0526179
0.0527541
0.0528611
0.0529392
0.0529887
0.0530099
0.0530033
0.0529694
0.052908
0.0528198
0.0527054
0.0525654
0.0524002
0.0522106
0.0519971
0.0517603
0.051501
0.0512198
0.0509173
0.0505944
0.0502518
0.0498901
0.0495101
0.0491126
0.0486983
0.048268
0.0478224
0.0473624
0.0468887
0.0464019
0.045903
0.0453927
0.0448716
0.0443406
0.0438003
0.0432514
0.0426948
0.042131
0.0415608
0.0409847
0.0404036
0.0398179
0.0392283
0.0386355
0.03804
0.0374424
0.0368432
0.0362429
0.0356422
0.0350414
0.0344411
0.0338417
0.0332437
0.0326476
0.0320536
0.0314622
0.0308738
0.0302887
0.0297073
0.0291298
0.0285567
0.0279881
0.0274244
0.0268657
0.0263124
0.0257647
0.0252227
0.0246867
0.0241568
0.0236333
0.0231162
0.0226056
0.0221018
0.0216049
0.0211149
0.0206319
0.020156
0.0196872
0.0192257
0.0187715
0.0183246
0.0178851
0.017453
0.0170282
0.0166108
0.0162008
0.0157982
0.015403
0.0150151
0.0146345
0.0142612
0.0138951
0.0135363
0.0131846
0.01284
0.0125025
0.0121719
0.0118482
0.0115314
0.0112214
0.0109181
0.0106213
0.0103312
0.0100475
0.00977016
0.00949913
0.0092343
0.00897559
0.00872291
0.00847617
0.00823527
0.00800012
0.00777063
0.0075467
0.00732824
0.00711516
0.00690735
0.00670473
0.00650721
0.00631467
0.00612704
0.00594422
0.00576611
0.00559262
0.00542366
0.00525914
0.00509897
0.00494305
0.00479129
0.00464361
0.00449993
0.00436014
0.00422417
0.00409194
0.00396335
0.00383833
0.0037168
0.00359867
0.00348386
0.00337231
0.00326392
0.00315863
0.00305636
0.00295704
0.00286059
0.00276695
0.00267605
0.00258781
0.00250218
0.00241908
0.00233845
0.00226023
0.00218436
0.00211077
0.00203941
0.00197021
0.00190313
0.0018381
0.00177507
0.00171398
0.00165479
0.00159744
0.00154189
0.00148808
0.00143596
0.00138549
0.00133663
0.00128932
0.00124353
0.0011992
0.00115631
0.00111481
0.00107466
0.00103581
0.000998245
0.000961911
0.000926777
0.000892807
0.000859968
0.000828227
0.000797549
0.000767905
0.000739262
0.000711591
0.000684863
0.000659048
0.00063412
0.00061005
0.000586813
0.000564382
0.000542733
0.000521842
0.000501684
0.000482237
0.000463478
0.000445386
0.000427939
0.000411117
0.000394899
0.000379266
0.0003642
0.000349681
0.000335692
0.000322216
0.000309235
0.000296734
0.000284696
0.000273106
0.000261948
0.000251209
0.000240875
0.00023093
0.000221363
0.00021216
0.000203309
0.000194798
0.000186614
0.000178747
0.000171185
0.000163918
0.000156935
0.000150226
0.000143782
0.000137593
0.000131649
0.000125942
0.000120464
0.000115206
0.00011016
0.000105319
0.000100674
9.62185e-05
9.19455e-05
8.78483e-05
8.39201e-05
8.01547e-05
7.65458e-05
7.30876e-05
6.97743e-05
6.66003e-05
6.35603e-05
6.06492e-05
5.78619e-05
5.51936e-05
5.26397e-05
5.01957e-05
4.78572e-05
4.562e-05
4.34803e-05
4.14339e-05
3.94773e-05
3.76068e-05
3.58189e-05
3.41103e-05
3.24777e-05
3.0918e-05
2.94282e-05
2.80055e-05
2.6647e-05
2.53501e-05
2.41122e-05
2.29308e-05
2.18036e-05
2.07282e-05
1.97025e-05
1.87244e-05
1.77917e-05
1.69026e-05
1.60551e-05
1.52475e-05
1.4478e-05
1.3745e-05
1.30468e-05
1.2382e-05
1.1749e-05
1.11465e-05
1.0573e-05
1.00274e-05
9.50832e-06
9.01461e-06
8.54512e-06
8.09877e-06
7.67452e-06
7.27137e-06
6.88838e-06
6.52464e-06
6.17928e-06
5.8515e-06
5.5405e-06
5.24556e-06
4.96598e-06
4.7011e-06
4.45032e-06
4.21305e-06
3.98877e-06
3.77699e-06
3.57727e-06
3.38922e-06
3.21248e-06
3.04677e-06
2.89186e-06
2.74756e-06
2.61377e-06
2.49045e-06
2.37764e-06
2.27547e-06
2.18416e-06
2.10403e-06
2.03552e-06
1.97916e-06
1.93562e-06
1.90565e-06
1.89017e-06
7.27731e-05
0.000233205
0.000410012
0.000602699
0.000810971
0.001035
0.00127508
0.00153152
0.00180473
0.00209514
0.0024032
0.00272936
0.00307405
0.00343769
0.00382065
0.00422327
0.00464584
0.0050886
0.00555173
0.00603537
0.0065396
0.00706444
0.00760985
0.00817574
0.00876196
0.00936829
0.00999447
0.0106402
0.011305
0.0119886
0.0126904
0.0134098
0.0141463
0.0148991
0.0156677
0.0164512
0.0172488
0.0180596
0.0188828
0.0197174
0.0205624
0.0214168
0.0222796
0.0231495
0.0240256
0.0249066
0.0257914
0.0266787
0.0275675
0.0284563
0.029344
0.0302294
0.0311111
0.0319879
0.0328587
0.033722
0.0345767
0.0354216
0.0362555
0.0370771
0.0378854
0.0386791
0.0394572
0.0402185
0.0409621
0.0416869
0.042392
0.0430764
0.0437392
0.0443797
0.044997
0.0455903
0.0461591
0.0467026
0.0472202
0.0477114
0.0481758
0.0486129
0.0490223
0.0494036
0.0497568
0.0500814
0.0503774
0.0506446
0.050883
0.0510927
0.0512735
0.0514257
0.0515493
0.0516446
0.0517118
0.0517512
0.051763
0.051748
0.0517062
0.0516378
0.0515435
0.0514238
0.0512793
0.0511105
0.0509179
0.0507023
0.0504642
0.0502043
0.0499232
0.0496217
0.0493004
0.0489601
0.0486014
0.0482252
0.047832
0.0474228
0.0469981
0.0465589
0.0461057
0.0456394
0.0451606
0.0446702
0.0441689
0.0436573
0.0431362
0.0426063
0.0420683
0.0415229
0.0409707
0.0404124
0.0398487
0.0392801
0.0387073
0.038131
0.0375516
0.0369697
0.036386
0.0358008
0.0352149
0.0346285
0.0340423
0.0334567
0.0328721
0.032289
0.0317078
0.0311288
0.0305525
0.0299791
0.0294091
0.0288428
0.0282805
0.0277224
0.0271688
0.0266201
0.0260764
0.0255379
0.025005
0.0244777
0.0239563
0.0234409
0.0229317
0.0224288
0.0219325
0.0214427
0.0209596
0.0204832
0.0200138
0.0195513
0.0190958
0.0186474
0.0182061
0.017772
0.017345
0.0169253
0.0165127
0.0161074
0.0157092
0.0153183
0.0149345
0.0145579
0.0141884
0.0138261
0.0134707
0.0131224
0.0127811
0.0124466
0.0121191
0.0117983
0.0114842
0.0111768
0.010876
0.0105817
0.0102938
0.0100123
0.00973712
0.00946811
0.00920521
0.00894835
0.00869743
0.00845236
0.00821306
0.00797944
0.00775141
0.00752887
0.00731173
0.00709991
0.0068933
0.00669182
0.00649538
0.00630388
0.00611722
0.00593533
0.0057581
0.00558545
0.00541728
0.0052535
0.00509404
0.00493878
0.00478766
0.00464058
0.00449746
0.0043582
0.00422273
0.00409097
0.00396283
0.00383822
0.00371707
0.00359931
0.00348484
0.0033736
0.00326551
0.0031605
0.00305849
0.0029594
0.00286318
0.00276974
0.00267902
0.00259096
0.00250548
0.00242252
0.00234203
0.00226392
0.00218815
0.00211466
0.00204338
0.00197426
0.00190724
0.00184226
0.00177928
0.00171823
0.00165907
0.00160175
0.00154621
0.00149241
0.0014403
0.00138983
0.00134096
0.00129364
0.00124783
0.00120348
0.00116057
0.00111904
0.00107885
0.00103997
0.00100236
0.000965989
0.000930811
0.000896796
0.000863908
0.000832116
0.000801387
0.000771688
0.00074299
0.000715263
0.000688477
0.000662603
0.000637615
0.000613485
0.000590186
0.000567694
0.000545983
0.00052503
0.000504809
0.0004853
0.000466478
0.000448323
0.000430814
0.000413929
0.000397649
0.000381955
0.000366827
0.000352247
0.000338198
0.000324661
0.000311621
0.000299061
0.000286965
0.000275317
0.000264103
0.000253308
0.000242918
0.00023292
0.000223299
0.000214043
0.00020514
0.000196578
0.000188344
0.000180428
0.000172817
0.000165503
0.000158473
0.000151719
0.00014523
0.000138997
0.00013301
0.000127262
0.000121743
0.000116445
0.000111359
0.00010648
0.000101797
9.73055e-05
9.29971e-05
8.88652e-05
8.49032e-05
8.11049e-05
7.74639e-05
7.39745e-05
7.06308e-05
6.74273e-05
6.43585e-05
6.14194e-05
5.8605e-05
5.59103e-05
5.33308e-05
5.08618e-05
4.84992e-05
4.62386e-05
4.40761e-05
4.20077e-05
4.00298e-05
3.81385e-05
3.63306e-05
3.46025e-05
3.29511e-05
3.13732e-05
2.98658e-05
2.84261e-05
2.70511e-05
2.57383e-05
2.4485e-05
2.32888e-05
2.21472e-05
2.1058e-05
2.00189e-05
1.90278e-05
1.80827e-05
1.71816e-05
1.63225e-05
1.55038e-05
1.47235e-05
1.39801e-05
1.3272e-05
1.25975e-05
1.19553e-05
1.13439e-05
1.07618e-05
1.02079e-05
9.68091e-06
9.17954e-06
8.70269e-06
8.24925e-06
7.81817e-06
7.40845e-06
7.01913e-06
6.64928e-06
6.29804e-06
5.96457e-06
5.64808e-06
5.34782e-06
5.06308e-06
4.79318e-06
4.5375e-06
4.29545e-06
4.06647e-06
3.85005e-06
3.64573e-06
3.45309e-06
3.27173e-06
3.10135e-06
2.94165e-06
2.79241e-06
2.65348e-06
2.52475e-06
2.40619e-06
2.29784e-06
2.19984e-06
2.1124e-06
2.03583e-06
1.97052e-06
1.91698e-06
1.87579e-06
1.8476e-06
1.83315e-06
7.4278e-05
0.000236545
0.000414824
0.000608124
0.000816302
0.00103978
0.00127891
0.00153407
0.00180566
0.00209412
0.00239988
0.0027234
0.00306507
0.00342531
0.00380446
0.00420284
0.00462073
0.00505834
0.00551585
0.00599337
0.00649096
0.00700863
0.00754632
0.00810392
0.00868128
0.00927816
0.00989428
0.0105293
0.0111829
0.0118545
0.0125437
0.0132499
0.0139725
0.0147108
0.0154642
0.0162319
0.017013
0.0178067
0.0186122
0.0194284
0.0202544
0.0210892
0.0219318
0.022781
0.0236358
0.024495
0.0253575
0.0262221
0.0270876
0.0279528
0.0288165
0.0296775
0.0305346
0.0313864
0.0322319
0.0330699
0.033899
0.0347181
0.0355262
0.0363219
0.0371042
0.0378721
0.0386243
0.03936
0.040078
0.0407775
0.0414574
0.042117
0.0427553
0.0433716
0.0439651
0.0445351
0.045081
0.0456021
0.0460979
0.0465678
0.0470115
0.0474285
0.0478185
0.0481812
0.0485163
0.0488236
0.0491031
0.0493546
0.0495781
0.0497736
0.0499411
0.0500808
0.0501928
0.0502773
0.0503346
0.0503649
0.0503686
0.0503462
0.0502978
0.0502239
0.0501249
0.0500014
0.0498539
0.0496829
0.049489
0.0492729
0.0490352
0.0487764
0.0484973
0.0481984
0.0478806
0.0475445
0.0471907
0.0468201
0.0464332
0.0460309
0.0456139
0.0451828
0.0447384
0.0442815
0.0438127
0.0433327
0.0428424
0.0423422
0.0418331
0.0413155
0.0407903
0.040258
0.0397193
0.0391749
0.0386254
0.0380713
0.0375133
0.0369519
0.0363878
0.0358214
0.0352534
0.0346841
0.0341141
0.0335439
0.032974
0.0324047
0.0318366
0.0312699
0.0307052
0.0301429
0.0295831
0.0290264
0.028473
0.0279232
0.0273774
0.0268358
0.0262987
0.0257663
0.0252388
0.0247166
0.0241997
0.0236883
0.0231828
0.0226831
0.0221894
0.021702
0.0212209
0.0207462
0.020278
0.0198165
0.0193616
0.0189135
0.0184723
0.0180379
0.0176105
0.01719
0.0167765
0.01637
0.0159705
0.015578
0.0151925
0.014814
0.0144425
0.0140779
0.0137202
0.0133695
0.0130256
0.0126884
0.0123581
0.0120344
0.0117174
0.011407
0.0111031
0.0108056
0.0105146
0.0102299
0.00995136
0.00967903
0.00941279
0.00915256
0.00889825
0.00864978
0.00840708
0.00817004
0.00793859
0.00771264
0.0074921
0.00727688
0.00706689
0.00686204
0.00666225
0.00646742
0.00627746
0.00609228
0.0059118
0.00573593
0.00556457
0.00539764
0.00523504
0.0050767
0.00492253
0.00477244
0.00462634
0.00448415
0.00434579
0.00421117
0.00408022
0.00395285
0.00382898
0.00370853
0.00359143
0.0034776
0.00336696
0.00325945
0.00315497
0.00305347
0.00295488
0.00285911
0.00276611
0.00267581
0.00258814
0.00250303
0.00242042
0.00234026
0.00226246
0.00218699
0.00211377
0.00204275
0.00197387
0.00190708
0.00184231
0.00177953
0.00171867
0.00165968
0.00160252
0.00154713
0.00149347
0.00144149
0.00139113
0.00134237
0.00129515
0.00124943
0.00120518
0.00116234
0.00112087
0.00108075
0.00104193
0.00100437
0.000968034
0.000932893
0.00089891
0.00086605
0.00083428
0.000803568
0.000773883
0.000745195
0.000717474
0.00069069
0.000664816
0.000639824
0.000615687
0.000592379
0.000569875
0.00054815
0.00052718
0.000506942
0.000487412
0.000468569
0.000450391
0.000432856
0.000415946
0.000399639
0.000383916
0.000368759
0.000354149
0.000340069
0.000326501
0.000313429
0.000300836
0.000288707
0.000277026
0.000265778
0.000254949
0.000244525
0.000234492
0.000224837
0.000215548
0.000206611
0.000198014
0.000189747
0.000181796
0.000174153
0.000166805
0.000159743
0.000152956
0.000146434
0.000140169
0.000134152
0.000128372
0.000122823
0.000117494
0.00011238
0.00010747
0.00010276
9.82395e-05
9.39034e-05
8.97443e-05
8.57557e-05
8.19312e-05
7.82647e-05
7.47502e-05
7.1382e-05
6.81545e-05
6.50624e-05
6.21004e-05
5.92636e-05
5.65471e-05
5.39462e-05
5.14566e-05
4.90737e-05
4.67934e-05
4.46117e-05
4.25247e-05
4.05285e-05
3.86196e-05
3.67945e-05
3.50497e-05
3.33821e-05
3.17884e-05
3.02658e-05
2.88112e-05
2.74218e-05
2.60951e-05
2.48283e-05
2.3619e-05
2.24647e-05
2.13632e-05
2.03122e-05
1.93097e-05
1.83534e-05
1.74415e-05
1.65721e-05
1.57433e-05
1.49533e-05
1.42006e-05
1.34834e-05
1.28002e-05
1.21496e-05
1.153e-05
1.09401e-05
1.03787e-05
9.84435e-06
9.33595e-06
8.85232e-06
8.39234e-06
7.95496e-06
7.53915e-06
7.14396e-06
6.76844e-06
6.41173e-06
6.07296e-06
5.75134e-06
5.44611e-06
5.15654e-06
4.88195e-06
4.62169e-06
4.37515e-06
4.14176e-06
3.92099e-06
3.71235e-06
3.5154e-06
3.32972e-06
3.15495e-06
2.99078e-06
2.83694e-06
2.69322e-06
2.55946e-06
2.43558e-06
2.32154e-06
2.2174e-06
2.12328e-06
2.03939e-06
1.96602e-06
1.90356e-06
1.85246e-06
1.81327e-06
1.78655e-06
1.77294e-06
)
;

boundaryField
{
    frontAndBack
    {
        type            empty;
    }
    inlet
    {
        type            uniformFixedValue;
        uniformValue    
        {
            type            table;
            values          
4
(
(0 0)
(0.05 1)
(0.1 1)
(0.15 0)
)
;
        }
        value           uniform 0;
    }
    outlet
    {
        type            zeroGradient;
    }
    substrate
    {
        type            firstorder;
        value           nonuniform List<scalar> 
400
(
7.39129e-05
0.00023532
0.000412598
0.000604759
0.000811656
0.0010337
0.00127126
0.00152469
0.00179437
0.00208075
0.00238426
0.00270531
0.00304433
0.00340168
0.00377774
0.00417279
0.0045871
0.00502088
0.0054743
0.00594745
0.0064404
0.00695313
0.0074856
0.00803767
0.00860919
0.00919992
0.00980957
0.0104378
0.0110842
0.0117484
0.0124298
0.0131279
0.0138421
0.0145717
0.015316
0.0160743
0.0168456
0.0176293
0.0184245
0.0192301
0.0200452
0.0208688
0.0216999
0.0225374
0.0233802
0.0242272
0.0250773
0.0259293
0.0267819
0.0276342
0.0284847
0.0293325
0.0301761
0.0310145
0.0318464
0.0326707
0.0334862
0.0342917
0.0350861
0.0358682
0.0366369
0.0373912
0.03813
0.0388524
0.0395572
0.0402436
0.0409107
0.0415576
0.0421835
0.0427876
0.0433691
0.0439274
0.0444619
0.0449719
0.0454568
0.0459164
0.04635
0.0467572
0.0471379
0.0474916
0.0478182
0.0481174
0.0483891
0.0486334
0.04885
0.049039
0.0492006
0.0493348
0.0494418
0.0495217
0.0495749
0.0496015
0.049602
0.0495769
0.0495263
0.0494505
0.0493502
0.0492258
0.0490778
0.0489067
0.0487133
0.048498
0.0482615
0.0480043
0.0477273
0.0474309
0.0471159
0.0467829
0.0464327
0.0460659
0.0456833
0.0452856
0.0448734
0.0444476
0.0440087
0.0435575
0.0430947
0.0426211
0.0421372
0.0416439
0.0411417
0.0406313
0.0401134
0.0395887
0.0390578
0.0385213
0.0379798
0.0374339
0.0368842
0.0363312
0.0357756
0.0352179
0.0346585
0.034098
0.0335368
0.0329755
0.0324144
0.0318541
0.0312949
0.0307373
0.0301816
0.0296282
0.0290775
0.0285297
0.0279853
0.0274445
0.0269075
0.0263748
0.0258464
0.0253228
0.024804
0.0242904
0.0237821
0.0232792
0.022782
0.0222907
0.0218053
0.021326
0.020853
0.0203863
0.019926
0.0194722
0.0190251
0.0185846
0.0181508
0.0177239
0.0173037
0.0168904
0.0164839
0.0160843
0.0156917
0.0153059
0.014927
0.014555
0.0141899
0.0138316
0.0134801
0.0131354
0.0127974
0.0124661
0.0121414
0.0118234
0.0115119
0.0112068
0.0109082
0.0106159
0.0103299
0.0100501
0.00977648
0.00950889
0.00924729
0.00899159
0.00874172
0.00849759
0.00825911
0.00802622
0.00779881
0.00757681
0.00736013
0.00714867
0.00694236
0.0067411
0.0065448
0.00635339
0.00616676
0.00598483
0.00580752
0.00563473
0.00546638
0.00530238
0.00514264
0.00498709
0.00483562
0.00468817
0.00454464
0.00440495
0.00426903
0.00413678
0.00400813
0.003883
0.00376132
0.00364299
0.00352795
0.00341613
0.00330744
0.00320182
0.00309919
0.00299948
0.00290262
0.00280855
0.00271719
0.00262848
0.00254235
0.00245875
0.0023776
0.00229885
0.00222243
0.00214829
0.00207636
0.00200659
0.00193893
0.00187332
0.0018097
0.00174803
0.00168824
0.0016303
0.00157415
0.00151974
0.00146702
0.00141596
0.0013665
0.0013186
0.00127221
0.0012273
0.00118383
0.00114175
0.00110102
0.0010616
0.00102347
0.000986572
0.000950883
0.000916364
0.000882982
0.000850703
0.000819496
0.000789328
0.000760169
0.000731988
0.000704758
0.000678448
0.000653032
0.000628483
0.000604773
0.000581878
0.000559773
0.000538433
0.000517834
0.000497954
0.00047877
0.000460261
0.000442405
0.000425181
0.00040857
0.000392552
0.000377108
0.000362219
0.000347868
0.000334037
0.00032071
0.000307869
0.0002955
0.000283586
0.000272112
0.000261063
0.000250426
0.000240187
0.000230332
0.000220848
0.000211723
0.000202945
0.000194501
0.000186379
0.00017857
0.000171062
0.000163845
0.000156908
0.000150241
0.000143835
0.000137682
0.00013177
0.000126094
0.000120642
0.000115409
0.000110384
0.000105562
0.000100935
9.64953e-05
9.2236e-05
8.81507e-05
8.42329e-05
8.04763e-05
7.68748e-05
7.34227e-05
7.01142e-05
6.6944e-05
6.39067e-05
6.09973e-05
5.82108e-05
5.55426e-05
5.29879e-05
5.05424e-05
4.82018e-05
4.5962e-05
4.38191e-05
4.17691e-05
3.98084e-05
3.79333e-05
3.61406e-05
3.44268e-05
3.27888e-05
3.12235e-05
2.97278e-05
2.82991e-05
2.69344e-05
2.56312e-05
2.43869e-05
2.31991e-05
2.20653e-05
2.09834e-05
1.99511e-05
1.89663e-05
1.80271e-05
1.71314e-05
1.62774e-05
1.54633e-05
1.46874e-05
1.3948e-05
1.32436e-05
1.25725e-05
1.19334e-05
1.13249e-05
1.07455e-05
1.0194e-05
9.66919e-06
9.16983e-06
8.6948e-06
8.243e-06
7.81339e-06
7.40498e-06
7.01681e-06
6.64797e-06
6.2976e-06
5.96486e-06
5.64896e-06
5.34916e-06
5.06474e-06
4.79503e-06
4.5394e-06
4.29724e-06
4.06801e-06
3.85117e-06
3.64624e-06
3.45279e-06
3.27042e-06
3.09876e-06
2.93751e-06
2.7864e-06
2.64524e-06
2.51387e-06
2.39219e-06
2.28018e-06
2.1779e-06
2.08545e-06
2.00305e-06
1.93098e-06
1.86963e-06
1.81944e-06
1.78096e-06
1.75475e-06
1.74141e-06
)
;
    }
    Wall
    {
        type            firstorder;
        value           nonuniform List<scalar> 
400
(
7.391e-05
0.000235314
0.00041259
0.000604748
0.00081164
0.00103368
0.00127123
0.00152464
0.00179431
0.00208067
0.00238415
0.00270519
0.00304418
0.00340151
0.00377753
0.00417255
0.00458682
0.00502057
0.00547395
0.00594707
0.00643997
0.00695266
0.00748508
0.00803712
0.00860859
0.00919927
0.00980887
0.0104371
0.0110835
0.0117476
0.0124289
0.013127
0.0138411
0.0145707
0.0153149
0.0160731
0.0168444
0.0176281
0.0184231
0.0192287
0.0200437
0.0208673
0.0216983
0.0225358
0.0233785
0.0242255
0.0250755
0.0259274
0.0267801
0.0276322
0.0284827
0.0293304
0.030174
0.0310124
0.0318442
0.0326685
0.0334839
0.0342894
0.0350837
0.0358657
0.0366344
0.0373887
0.0381275
0.0388498
0.0395546
0.040241
0.0409081
0.041555
0.0421808
0.0427849
0.0433664
0.0439247
0.0444591
0.0449691
0.0454541
0.0459136
0.0463472
0.0467545
0.0471352
0.0474889
0.0478155
0.0481147
0.0483865
0.0486307
0.0488473
0.0490364
0.049198
0.0493323
0.0494392
0.0495192
0.0495724
0.0495991
0.0495996
0.0495745
0.0495239
0.0494482
0.0493479
0.0492235
0.0490755
0.0489045
0.0487111
0.0484959
0.0482594
0.0480023
0.0477253
0.0474289
0.047114
0.0467811
0.0464309
0.0460642
0.0456817
0.045284
0.0448719
0.044446
0.0440072
0.0435561
0.0430934
0.0426197
0.0421359
0.0416426
0.0411405
0.0406301
0.0401123
0.0395877
0.0390568
0.0385203
0.0379788
0.037433
0.0368833
0.0363304
0.0357748
0.0352171
0.0346578
0.0340973
0.0335362
0.0329749
0.0324139
0.0318536
0.0312944
0.0307368
0.0301812
0.0296278
0.0290771
0.0285294
0.027985
0.0274442
0.0269072
0.0263745
0.0258462
0.0253226
0.0248038
0.0242902
0.0237819
0.0232791
0.0227819
0.0222906
0.0218052
0.021326
0.0208529
0.0203862
0.019926
0.0194722
0.0190251
0.0185846
0.0181508
0.0177239
0.0173037
0.0168904
0.0164839
0.0160844
0.0156917
0.015306
0.0149271
0.0145551
0.01419
0.0138317
0.0134802
0.0131355
0.0127975
0.0124662
0.0121415
0.0118235
0.011512
0.0112069
0.0109083
0.010616
0.01033
0.0100502
0.0097766
0.00950901
0.00924741
0.00899171
0.00874184
0.00849771
0.00825924
0.00802634
0.00779894
0.00757693
0.00736025
0.00714879
0.00694248
0.00674122
0.00654492
0.00635351
0.00616688
0.00598495
0.00580764
0.00563485
0.00546649
0.00530249
0.00514276
0.0049872
0.00483573
0.00468828
0.00454475
0.00440506
0.00426913
0.00413688
0.00400823
0.0038831
0.00376141
0.00364309
0.00352805
0.00341622
0.00330753
0.00320191
0.00309928
0.00299957
0.00290271
0.00280863
0.00271727
0.00262856
0.00254243
0.00245883
0.00237768
0.00229892
0.0022225
0.00214836
0.00207643
0.00200666
0.001939
0.00187338
0.00180977
0.00174809
0.0016883
0.00163036
0.0015742
0.00151979
0.00146708
0.00141601
0.00136655
0.00131865
0.00127226
0.00122735
0.00118388
0.00114179
0.00110106
0.00106165
0.00102351
0.000986615
0.000950924
0.000916404
0.000883021
0.000850741
0.000819533
0.000789364
0.000760204
0.000732023
0.000704791
0.000678481
0.000653064
0.000628513
0.000604803
0.000581907
0.000559801
0.00053846
0.000517861
0.00049798
0.000478795
0.000460285
0.000442428
0.000425204
0.000408592
0.000392573
0.000377128
0.000362239
0.000347888
0.000334056
0.000320728
0.000307887
0.000295517
0.000283602
0.000272128
0.000261079
0.000250442
0.000240202
0.000230346
0.000220862
0.000211737
0.000202958
0.000194513
0.000186392
0.000178582
0.000171074
0.000163856
0.000156918
0.000150251
0.000143845
0.000137691
0.00013178
0.000126102
0.000120651
0.000115417
0.000110393
0.00010557
0.000100943
9.65025e-05
9.22431e-05
8.81575e-05
8.42394e-05
8.04826e-05
7.68809e-05
7.34286e-05
7.01199e-05
6.69495e-05
6.3912e-05
6.10024e-05
5.82157e-05
5.55472e-05
5.29924e-05
5.05467e-05
4.8206e-05
4.59661e-05
4.38229e-05
4.17728e-05
3.98119e-05
3.79368e-05
3.61439e-05
3.443e-05
3.27918e-05
3.12264e-05
2.97306e-05
2.83018e-05
2.6937e-05
2.56337e-05
2.43893e-05
2.32013e-05
2.20675e-05
2.09855e-05
1.99531e-05
1.89682e-05
1.80289e-05
1.71331e-05
1.62791e-05
1.54649e-05
1.46889e-05
1.39495e-05
1.3245e-05
1.25739e-05
1.19347e-05
1.13261e-05
1.07467e-05
1.01952e-05
9.67028e-06
9.17087e-06
8.69579e-06
8.24395e-06
7.8143e-06
7.40585e-06
7.01764e-06
6.64877e-06
6.29835e-06
5.96558e-06
5.64965e-06
5.34981e-06
5.06536e-06
4.79563e-06
4.53997e-06
4.29779e-06
4.06852e-06
3.85166e-06
3.64671e-06
3.45324e-06
3.27084e-06
3.09916e-06
2.93789e-06
2.78677e-06
2.6456e-06
2.51421e-06
2.39251e-06
2.2805e-06
2.1782e-06
2.08574e-06
2.00333e-06
1.93126e-06
1.8699e-06
1.81971e-06
1.78121e-06
1.75496e-06
1.74159e-06
)
;
    }
}


// ************************************************************************* //
