/*--------------------------------*- C++ -*----------------------------------*\
  =========                 |
  \\      /  F ield         | OpenFOAM: The Open Source CFD Toolbox
   \\    /   O peration     | Website:  https://openfoam.org
    \\  /    A nd           | Version:  dev
     \\/     M anipulation  |
\*---------------------------------------------------------------------------*/
FoamFile
{
    format      ascii;
    class       volScalarField;
    location    "0.08";
    object      N1;
}
// * * * * * * * * * * * * * * * * * * * * * * * * * * * * * * * * * * * * * //

dimensions      [0 0 0 0 0 0 0];

internalField   nonuniform List<scalar> 
8000
(
0.982026
0.944594
0.917466
0.892842
0.869659
0.847806
0.827018
0.807065
0.78779
0.769078
0.750845
0.733029
0.71558
0.698461
0.681646
0.665112
0.648845
0.632833
0.617069
0.601547
0.586263
0.571216
0.556403
0.541826
0.527483
0.513374
0.499501
0.485864
0.472463
0.459299
0.446372
0.433682
0.421229
0.409014
0.397037
0.385296
0.373791
0.362522
0.351488
0.340688
0.330121
0.319785
0.30968
0.299803
0.290153
0.280729
0.271528
0.262549
0.253789
0.245247
0.23692
0.228805
0.220901
0.213205
0.205714
0.198425
0.191336
0.184444
0.177746
0.171239
0.16492
0.158786
0.152834
0.147061
0.141463
0.136036
0.130779
0.125687
0.120758
0.115987
0.111371
0.106908
0.102593
0.0984228
0.0943946
0.0905047
0.0867496
0.0831261
0.0796307
0.0762601
0.0730109
0.0698799
0.0668637
0.0639593
0.0611633
0.0584726
0.0558842
0.0533949
0.0510017
0.0487018
0.046492
0.0443697
0.042332
0.0403761
0.0384993
0.036699
0.0349727
0.0333178
0.0317318
0.0302124
0.0287572
0.0273639
0.0260302
0.0247542
0.0235335
0.0223662
0.0212504
0.0201839
0.0191651
0.018192
0.0172629
0.0163761
0.01553
0.0147228
0.0139531
0.0132194
0.0125202
0.011854
0.0112196
0.0106157
0.0100408
0.00949395
0.00897379
0.00847924
0.00800919
0.00756257
0.00713837
0.0067356
0.0063533
0.00599058
0.00564654
0.00532034
0.00501116
0.00471823
0.00444079
0.00417812
0.00392952
0.00369433
0.00347191
0.00326164
0.00306294
0.00287524
0.002698
0.00253071
0.00237286
0.00222398
0.00208363
0.00195136
0.00182675
0.00170942
0.00159898
0.00149507
0.00139735
0.00130548
0.00121915
0.00113805
0.00106191
0.000990458
0.000923423
0.000860563
0.000801645
0.000746444
0.000694748
0.000646357
0.000601079
0.000558732
0.000519144
0.000482152
0.0004476
0.000415344
0.000385243
0.000357166
0.00033099
0.000306596
0.000283873
0.000262718
0.000243031
0.000224717
0.000207691
0.000191868
0.00017717
0.000163524
0.00015086
0.000139113
0.000128223
0.000118131
0.000108783
0.000100128
9.21196e-05
8.47123e-05
7.78644e-05
7.15368e-05
6.56927e-05
6.02978e-05
5.532e-05
5.07292e-05
4.64976e-05
4.25988e-05
3.90085e-05
3.57038e-05
3.26636e-05
2.9868e-05
2.72987e-05
2.49385e-05
2.27715e-05
2.07828e-05
1.89587e-05
1.72863e-05
1.57539e-05
1.43504e-05
1.30657e-05
1.18902e-05
1.08152e-05
9.8326e-06
8.93495e-06
8.1153e-06
7.36724e-06
6.68488e-06
6.06275e-06
5.49583e-06
4.97948e-06
4.50942e-06
4.08174e-06
3.6928e-06
3.33927e-06
3.0181e-06
2.72648e-06
2.46181e-06
2.22174e-06
2.00409e-06
1.80686e-06
1.62824e-06
1.46654e-06
1.32025e-06
1.18796e-06
1.06839e-06
9.60374e-07
8.62851e-07
7.74844e-07
6.95465e-07
6.23906e-07
5.5943e-07
5.01366e-07
4.49104e-07
4.02087e-07
3.59812e-07
3.2182e-07
2.87695e-07
2.57059e-07
2.2957e-07
2.04917e-07
1.8282e-07
1.63023e-07
1.45297e-07
1.29432e-07
1.15242e-07
1.02556e-07
9.12197e-08
8.10958e-08
7.2059e-08
6.39968e-08
5.68079e-08
5.04009e-08
4.4694e-08
3.96131e-08
3.5092e-08
3.10712e-08
2.74971e-08
2.43218e-08
2.15023e-08
1.89999e-08
1.67803e-08
1.48124e-08
1.30687e-08
1.15243e-08
1.01573e-08
8.94795e-09
7.87854e-09
6.93341e-09
6.09856e-09
5.36151e-09
4.71113e-09
4.13754e-09
3.63194e-09
3.18649e-09
2.79426e-09
2.44906e-09
2.14541e-09
1.87846e-09
1.64388e-09
1.43786e-09
1.25702e-09
1.09837e-09
9.59252e-10
8.37327e-10
7.30527e-10
6.37025e-10
5.55207e-10
4.83652e-10
4.21104e-10
3.66458e-10
3.18741e-10
2.77096e-10
2.4077e-10
2.09099e-10
1.81502e-10
1.57467e-10
1.36545e-10
1.18343e-10
1.02515e-10
8.87584e-11
7.6809e-11
6.64345e-11
5.74321e-11
4.96243e-11
4.28562e-11
3.69923e-11
3.19145e-11
2.75198e-11
2.37182e-11
2.04313e-11
1.7591e-11
1.51379e-11
1.30202e-11
1.11931e-11
9.61755e-12
8.25956e-12
7.08971e-12
6.08248e-12
5.21569e-12
4.47017e-12
3.82926e-12
3.27858e-12
2.80568e-12
2.39977e-12
2.05155e-12
1.75297e-12
1.49708e-12
1.27791e-12
1.09026e-12
9.29706e-13
7.92392e-13
6.75018e-13
5.7474e-13
4.89112e-13
4.16031e-13
3.53691e-13
3.00541e-13
2.5525e-13
2.16674e-13
1.83836e-13
1.55896e-13
1.32136e-13
1.11941e-13
9.47851e-14
8.02179e-14
6.78555e-14
5.73694e-14
4.84794e-14
4.09465e-14
3.45668e-14
2.91664e-14
2.45974e-14
2.07338e-14
1.74683e-14
1.47097e-14
1.23806e-14
1.0415e-14
8.75717e-15
7.35953e-15
6.18187e-15
5.19006e-15
4.35521e-15
3.65283e-15
3.0622e-15
2.56579e-15
2.14879e-15
1.79867e-15
1.50486e-15
1.25842e-15
1.05183e-15
8.78733e-16
7.33779e-16
6.1246e-16
5.10983e-16
4.26158e-16
3.55305e-16
2.96174e-16
2.46881e-16
2.05849e-16
1.71763e-16
1.43531e-16
1.2025e-16
1.01183e-16
8.57353e-17
7.34373e-17
6.39321e-17
5.69652e-17
5.23751e-17
5.00844e-17
0.984962
0.955728
0.931016
0.907755
0.885407
0.864007
0.84346
0.823632
0.80441
0.785703
0.76744
0.749564
0.73203
0.714807
0.697867
0.681194
0.664772
0.648593
0.63265
0.616938
0.601455
0.5862
0.571172
0.556371
0.541798
0.527455
0.513342
0.49946
0.48581
0.472394
0.459212
0.446265
0.433553
0.421077
0.408838
0.396834
0.385066
0.373535
0.362238
0.351176
0.340348
0.329753
0.31939
0.309257
0.299354
0.289678
0.280229
0.271004
0.262001
0.25322
0.244656
0.23631
0.228177
0.220255
0.212543
0.205038
0.197736
0.190635
0.183733
0.177026
0.170511
0.164186
0.158047
0.15209
0.146314
0.140715
0.135288
0.130032
0.124942
0.120015
0.115248
0.110637
0.106179
0.101871
0.0977082
0.0936878
0.0898065
0.0860606
0.0824468
0.0789616
0.0756016
0.0723635
0.0692439
0.0662396
0.0633472
0.0605635
0.0578853
0.0553095
0.052833
0.0504528
0.0481657
0.045969
0.0438597
0.041835
0.039892
0.0380282
0.0362408
0.0345272
0.0328849
0.0313115
0.0298044
0.0283614
0.0269802
0.0256585
0.0243941
0.023185
0.022029
0.0209243
0.0198687
0.0188606
0.017898
0.0169791
0.0161023
0.0152659
0.0144683
0.013708
0.0129833
0.012293
0.0116355
0.0110095
0.0104137
0.0098468
0.00930762
0.00879496
0.00830768
0.00784468
0.0074049
0.00698732
0.00659096
0.00621487
0.00585815
0.00551991
0.00519931
0.00489554
0.00460783
0.00433543
0.00407761
0.00383369
0.003603
0.00338491
0.00317881
0.00298411
0.00280026
0.00262672
0.00246297
0.00230852
0.00216291
0.00202568
0.00189639
0.00177465
0.00166006
0.00155224
0.00145083
0.00135549
0.0012659
0.00118174
0.00110272
0.00102855
0.000958976
0.00089373
0.000832572
0.000775271
0.000721606
0.00067137
0.000624363
0.000580397
0.000539295
0.000500886
0.000465011
0.000431516
0.000400259
0.000371102
0.000343918
0.000318583
0.000294984
0.000273012
0.000252563
0.000233541
0.000215854
0.000199417
0.000184148
0.000169972
0.000156815
0.00014461
0.000133295
0.000122808
0.000113095
0.000104102
9.57791e-05
8.80812e-05
8.09643e-05
7.43879e-05
6.83137e-05
6.27061e-05
5.75319e-05
5.27598e-05
4.83608e-05
4.43076e-05
4.0575e-05
3.71392e-05
3.39782e-05
3.10714e-05
2.83998e-05
2.59455e-05
2.3692e-05
2.16238e-05
1.97267e-05
1.79874e-05
1.63936e-05
1.49337e-05
1.35973e-05
1.23745e-05
1.12562e-05
1.0234e-05
9.30012e-06
8.44733e-06
7.669e-06
6.95899e-06
6.31163e-06
5.72168e-06
5.18434e-06
4.69515e-06
4.25004e-06
3.84523e-06
3.47726e-06
3.14296e-06
2.8394e-06
2.56388e-06
2.31396e-06
2.08737e-06
1.88203e-06
1.69605e-06
1.52768e-06
1.37535e-06
1.23759e-06
1.11308e-06
1.00059e-06
8.99024e-07
8.07363e-07
7.24686e-07
6.50149e-07
5.82988e-07
5.22502e-07
4.68057e-07
4.19075e-07
3.75031e-07
3.35447e-07
2.9989e-07
2.67968e-07
2.39323e-07
2.13633e-07
1.90604e-07
1.69972e-07
1.51497e-07
1.34962e-07
1.2017e-07
1.06946e-07
9.51294e-08
8.45754e-08
7.51543e-08
6.67488e-08
5.92534e-08
5.25731e-08
4.66223e-08
4.13241e-08
3.66094e-08
3.24162e-08
2.86887e-08
2.5377e-08
2.24361e-08
1.9826e-08
1.75106e-08
1.54578e-08
1.36387e-08
1.20276e-08
1.06014e-08
9.33954e-09
8.22371e-09
7.23751e-09
6.36633e-09
5.59717e-09
4.91843e-09
4.3198e-09
3.7921e-09
3.32716e-09
2.91775e-09
2.55741e-09
2.24043e-09
1.96174e-09
1.71684e-09
1.50175e-09
1.31294e-09
1.14728e-09
1.00201e-09
8.74693e-10
7.63162e-10
6.65514e-10
5.80064e-10
5.05328e-10
4.39997e-10
3.82917e-10
3.33072e-10
2.89568e-10
2.51618e-10
2.18531e-10
1.89697e-10
1.64585e-10
1.42724e-10
1.23703e-10
1.07163e-10
9.27876e-11
8.02994e-11
6.94567e-11
6.00475e-11
5.18865e-11
4.48119e-11
3.86822e-11
3.33741e-11
2.87797e-11
2.48051e-11
2.13686e-11
1.83989e-11
1.58338e-11
1.36194e-11
1.17088e-11
1.00611e-11
8.64086e-12
7.41736e-12
6.36386e-12
5.45723e-12
4.67739e-12
4.00696e-12
3.43089e-12
2.93615e-12
2.51148e-12
2.14715e-12
1.83474e-12
1.56699e-12
1.33764e-12
1.14128e-12
9.73254e-13
8.29546e-13
7.06701e-13
6.01743e-13
5.12116e-13
4.35618e-13
3.7036e-13
3.1472e-13
2.67304e-13
2.26917e-13
1.92535e-13
1.63281e-13
1.38402e-13
1.17255e-13
9.92886e-14
8.40332e-14
7.1086e-14
6.01035e-14
5.07922e-14
4.29019e-14
3.62191e-14
3.0562e-14
2.57756e-14
2.17279e-14
1.83066e-14
1.54164e-14
1.2976e-14
1.09164e-14
9.17914e-15
7.71451e-15
6.48034e-15
5.44089e-15
4.5659e-15
3.82971e-15
3.21063e-15
2.69028e-15
2.25315e-15
1.88611e-15
1.57809e-15
1.31972e-15
1.10311e-15
9.21618e-16
7.69622e-16
6.42403e-16
5.35986e-16
4.47025e-16
3.72713e-16
3.1069e-16
2.58981e-16
2.15932e-16
1.80164e-16
1.5053e-16
1.26086e-16
1.06055e-16
8.98141e-17
7.68696e-17
6.68476e-17
5.94828e-17
5.46115e-17
5.21685e-17
0.98865
0.964604
0.941896
0.920025
0.898793
0.878191
0.858192
0.838735
0.819759
0.801205
0.783024
0.765175
0.747626
0.730352
0.713333
0.696556
0.68001
0.663689
0.647589
0.631707
0.616043
0.600597
0.585369
0.57036
0.555573
0.541009
0.52667
0.512558
0.498674
0.485019
0.471596
0.458405
0.445448
0.432725
0.420237
0.407984
0.395967
0.384185
0.372639
0.361328
0.350252
0.33941
0.328801
0.318425
0.30828
0.298364
0.288678
0.279218
0.269984
0.260973
0.252184
0.243614
0.235262
0.227125
0.219201
0.211487
0.203981
0.196679
0.18958
0.182681
0.175978
0.169468
0.163149
0.157016
0.151068
0.145301
0.139711
0.134295
0.12905
0.123973
0.119059
0.114305
0.109709
0.105265
0.100972
0.0968247
0.0928204
0.0889554
0.0852262
0.0816293
0.0781612
0.0748186
0.071598
0.068496
0.0655093
0.0626345
0.0598685
0.057208
0.0546498
0.0521908
0.0498279
0.0475581
0.0453785
0.0432861
0.041278
0.0393516
0.0375041
0.0357327
0.0340349
0.0324082
0.03085
0.0293579
0.0279296
0.0265627
0.0252551
0.0240045
0.0228089
0.0216661
0.0205742
0.0195313
0.0185354
0.0175847
0.0166775
0.015812
0.0149867
0.0141998
0.0134498
0.0127353
0.0120548
0.0114068
0.0107901
0.0102032
0.00964503
0.00911426
0.00860974
0.00813033
0.00767494
0.00724251
0.00683204
0.00644254
0.00607307
0.00572273
0.00539064
0.00507598
0.00477792
0.00449571
0.00422859
0.00397585
0.00373682
0.00351082
0.00329724
0.00309547
0.00290492
0.00272504
0.00255531
0.00239521
0.00224426
0.00210199
0.00196795
0.00184172
0.0017229
0.00161109
0.00150593
0.00140705
0.00131413
0.00122684
0.00114487
0.00106794
0.000995756
0.000928064
0.000864609
0.000805152
0.000749466
0.000697333
0.000648549
0.000602918
0.000560256
0.000520387
0.000483145
0.000448373
0.000415921
0.000385648
0.000357421
0.000331114
0.000306606
0.000283786
0.000262547
0.000242789
0.000224417
0.000207341
0.000191479
0.000176749
0.000163078
0.000150397
0.000138637
0.000127739
0.000117643
0.000108296
9.96447e-05
9.16423e-05
8.42434e-05
7.74058e-05
7.109e-05
6.5259e-05
5.98782e-05
5.49153e-05
5.034e-05
4.61241e-05
4.22413e-05
3.86671e-05
3.53785e-05
3.23542e-05
2.95743e-05
2.70204e-05
2.46752e-05
2.25228e-05
2.05483e-05
1.87378e-05
1.70787e-05
1.55589e-05
1.41676e-05
1.28944e-05
1.173e-05
1.06655e-05
9.6929e-06
8.80473e-06
7.99403e-06
7.25445e-06
6.58007e-06
5.96546e-06
5.4056e-06
4.89589e-06
4.43206e-06
4.01021e-06
3.62671e-06
3.27828e-06
2.96186e-06
2.67466e-06
2.41411e-06
2.17786e-06
1.96377e-06
1.76984e-06
1.59426e-06
1.4354e-06
1.29172e-06
1.16184e-06
1.0445e-06
9.38547e-07
8.42919e-07
7.56655e-07
6.7888e-07
6.08795e-07
5.45672e-07
4.88849e-07
4.37723e-07
3.91748e-07
3.50425e-07
3.13304e-07
2.79974e-07
2.50064e-07
2.23237e-07
1.99188e-07
1.7764e-07
1.58343e-07
1.41071e-07
1.2562e-07
1.11804e-07
9.94578e-08
8.84302e-08
7.85855e-08
6.98014e-08
6.19678e-08
5.49856e-08
4.87653e-08
4.32268e-08
3.82979e-08
3.39138e-08
3.00163e-08
2.65533e-08
2.34779e-08
2.07481e-08
1.83265e-08
1.61792e-08
1.42763e-08
1.25908e-08
1.10986e-08
9.77832e-09
8.61071e-09
7.57866e-09
6.66692e-09
5.86188e-09
5.15143e-09
4.52478e-09
3.97233e-09
3.48556e-09
3.05689e-09
2.67956e-09
2.34762e-09
2.05575e-09
1.79925e-09
1.57395e-09
1.37617e-09
1.20262e-09
1.05043e-09
9.17023e-10
8.00155e-10
6.97825e-10
6.08272e-10
5.29942e-10
4.61463e-10
4.01629e-10
3.49374e-10
3.03764e-10
2.63973e-10
2.29278e-10
1.99042e-10
1.72705e-10
1.49777e-10
1.29826e-10
1.12476e-10
9.7395e-11
8.42931e-11
7.29166e-11
6.30434e-11
5.44794e-11
4.70548e-11
4.06213e-11
3.50497e-11
3.02269e-11
2.60545e-11
2.24466e-11
1.93285e-11
1.6635e-11
1.43097e-11
1.23031e-11
1.05726e-11
9.08084e-12
7.79562e-12
6.68891e-12
5.7364e-12
4.91704e-12
4.21257e-12
3.60721e-12
3.08728e-12
2.64095e-12
2.258e-12
1.92961e-12
1.64814e-12
1.40702e-12
1.20056e-12
1.02389e-12
8.72767e-13
7.43577e-13
6.33191e-13
5.38919e-13
4.58452e-13
3.89803e-13
3.31266e-13
2.81378e-13
2.38883e-13
2.02704e-13
1.71917e-13
1.45733e-13
1.23475e-13
1.04564e-13
8.85043e-14
7.48738e-14
6.33108e-14
5.35066e-14
4.5198e-14
3.81604e-14
3.22025e-14
2.71612e-14
2.28976e-14
1.92936e-14
1.62487e-14
1.36776e-14
1.15075e-14
9.67691e-15
8.13346e-15
6.83277e-15
5.73722e-15
4.81493e-15
4.03889e-15
3.38625e-15
2.83765e-15
2.37675e-15
1.98972e-15
1.6649e-15
1.39242e-15
1.16397e-15
9.72528e-16
8.12193e-16
6.77982e-16
5.65706e-16
4.71839e-16
3.9342e-16
3.2796e-16
2.73377e-16
2.27926e-16
1.90152e-16
1.58844e-16
1.33004e-16
1.11813e-16
9.46111e-17
8.08778e-17
7.02192e-17
6.23581e-17
5.71299e-17
5.44894e-17
0.990739
0.970476
0.950027
0.929782
0.909846
0.890245
0.870994
0.852085
0.833502
0.815221
0.79722
0.779478
0.761977
0.744705
0.72765
0.710806
0.694168
0.677734
0.661503
0.645475
0.629651
0.614035
0.598627
0.583431
0.568449
0.553684
0.539139
0.524815
0.510716
0.496842
0.483197
0.469782
0.456599
0.443648
0.43093
0.418447
0.406199
0.394186
0.38241
0.370868
0.359562
0.348492
0.337655
0.327053
0.316683
0.306545
0.296638
0.286961
0.277511
0.268287
0.259288
0.250511
0.241954
0.233616
0.225494
0.217586
0.209889
0.2024
0.195117
0.188037
0.181158
0.174475
0.167987
0.16169
0.155581
0.149656
0.143912
0.138347
0.132956
0.127736
0.122684
0.117796
0.113069
0.108499
0.104082
0.0998153
0.095695
0.0917174
0.0878792
0.0841767
0.0806064
0.0771649
0.0738486
0.0706541
0.067578
0.0646169
0.0617675
0.0590266
0.0563908
0.053857
0.051422
0.0490828
0.0468362
0.0446794
0.0426094
0.0406234
0.0387185
0.036892
0.0351413
0.0334637
0.0318567
0.0303177
0.0288444
0.0274345
0.0260855
0.0247953
0.0235616
0.0223825
0.0212557
0.0201794
0.0191516
0.0181704
0.017234
0.0163407
0.0154886
0.0146763
0.013902
0.0131642
0.0124615
0.0117924
0.0111555
0.0105494
0.00997292
0.00942469
0.00890353
0.00840829
0.00793783
0.00749106
0.00706695
0.00666448
0.00628268
0.00592063
0.00557742
0.00525219
0.00494411
0.00465238
0.00437624
0.00411495
0.00386781
0.00363414
0.00341328
0.00320462
0.00300756
0.00282152
0.00264596
0.00248035
0.00232419
0.00217701
0.00203833
0.00190772
0.00178476
0.00166906
0.00156022
0.00145789
0.0013617
0.00127134
0.00118649
0.00110684
0.0010321
0.000962011
0.000896301
0.000834726
0.000777052
0.000723054
0.000672521
0.00062525
0.000581052
0.000539744
0.000501155
0.000465122
0.00043149
0.000400115
0.000370858
0.000343587
0.000318181
0.000294523
0.000272502
0.000252014
0.000232962
0.000215253
0.000198801
0.000183523
0.000169341
0.000156185
0.000143985
0.000132677
0.000122201
0.0001125
0.000103521
9.52152e-05
8.75349e-05
8.04367e-05
7.38796e-05
6.78253e-05
6.2238e-05
5.70841e-05
5.23324e-05
4.79537e-05
4.39205e-05
4.02075e-05
3.67909e-05
3.36487e-05
3.07601e-05
2.81062e-05
2.56689e-05
2.34317e-05
2.13793e-05
1.94973e-05
1.77724e-05
1.61923e-05
1.47455e-05
1.34215e-05
1.22105e-05
1.11034e-05
1.00917e-05
9.16778e-06
8.32437e-06
7.55486e-06
6.85314e-06
6.21355e-06
5.6309e-06
5.10038e-06
4.61757e-06
4.17842e-06
3.77916e-06
3.41638e-06
3.08689e-06
2.78781e-06
2.51646e-06
2.27039e-06
2.04737e-06
1.84535e-06
1.66243e-06
1.4969e-06
1.34718e-06
1.21183e-06
1.08954e-06
9.79101e-07
8.79417e-07
7.89488e-07
7.084e-07
6.35323e-07
5.69499e-07
5.10239e-07
4.56916e-07
4.08961e-07
3.65855e-07
3.27128e-07
2.92353e-07
2.61144e-07
2.33149e-07
2.0805e-07
1.85559e-07
1.65417e-07
1.47386e-07
1.31255e-07
1.1683e-07
1.03938e-07
9.24216e-08
8.21398e-08
7.29649e-08
6.4782e-08
5.74878e-08
5.09889e-08
4.52019e-08
4.00513e-08
3.54697e-08
3.13962e-08
2.77764e-08
2.45615e-08
2.17077e-08
1.91757e-08
1.69305e-08
1.49405e-08
1.31778e-08
1.16171e-08
1.0236e-08
9.01456e-09
7.93482e-09
6.98085e-09
6.13845e-09
5.39496e-09
4.73911e-09
4.16087e-09
3.65132e-09
3.20254e-09
2.80749e-09
2.45992e-09
2.15428e-09
1.88566e-09
1.64969e-09
1.44251e-09
1.26071e-09
1.10126e-09
9.6149e-10
8.3903e-10
7.31794e-10
6.37939e-10
5.55838e-10
4.84056e-10
4.2133e-10
3.66545e-10
3.18722e-10
2.76996e-10
2.40611e-10
2.08899e-10
1.81274e-10
1.57222e-10
1.36292e-10
1.18088e-10
1.02264e-10
8.85149e-11
7.65754e-11
6.62128e-11
5.72233e-11
4.94292e-11
4.26749e-11
3.68249e-11
3.17607e-11
2.7379e-11
2.35898e-11
2.03147e-11
1.74854e-11
1.50425e-11
1.29344e-11
1.1116e-11
9.54844e-12
8.19777e-12
7.03459e-12
6.0334e-12
5.17207e-12
4.43147e-12
3.79499e-12
3.24828e-12
2.77892e-12
2.37618e-12
2.03078e-12
1.73471e-12
1.48105e-12
1.26385e-12
1.07795e-12
9.18936e-13
7.82982e-13
6.66805e-13
5.67579e-13
4.82876e-13
4.10606e-13
3.48976e-13
2.96448e-13
2.51699e-13
2.13597e-13
1.81172e-13
1.53592e-13
1.30145e-13
1.10222e-13
9.3302e-14
7.89396e-14
6.67546e-14
5.64221e-14
4.7665e-14
4.02469e-14
3.39662e-14
2.86513e-14
2.41559e-14
2.03557e-14
1.71447e-14
1.44331e-14
1.21442e-14
1.02132e-14
8.58498e-15
7.21272e-15
6.05679e-15
5.08358e-15
4.26461e-15
3.57581e-15
2.99676e-15
2.51024e-15
2.10166e-15
1.75871e-15
1.47101e-15
1.22977e-15
1.02759e-15
8.58251e-16
7.16487e-16
5.97879e-16
4.98707e-16
4.15845e-16
3.46667e-16
2.88972e-16
2.40919e-16
2.00968e-16
1.67843e-16
1.40486e-16
1.1803e-16
9.97787e-17
8.5181e-17
7.38223e-17
6.54144e-17
5.97932e-17
5.69341e-17
0.991932
0.974405
0.95609
0.937484
0.918852
0.900289
0.881848
0.863562
0.845447
0.82751
0.809752
0.792173
0.77477
0.757541
0.740488
0.72361
0.70691
0.69039
0.674054
0.657905
0.641947
0.626184
0.610621
0.59526
0.580107
0.565164
0.550435
0.535924
0.521633
0.507565
0.493722
0.480106
0.46672
0.453565
0.440642
0.427953
0.415498
0.403279
0.391295
0.379546
0.368034
0.356758
0.345717
0.334911
0.32434
0.314002
0.303896
0.294022
0.284378
0.274962
0.265773
0.256809
0.248068
0.239548
0.231247
0.223163
0.215293
0.207634
0.200185
0.192942
0.185902
0.179063
0.172422
0.165975
0.159719
0.153651
0.147768
0.142067
0.136543
0.131194
0.126016
0.121006
0.116159
0.111473
0.106944
0.102568
0.0983418
0.0942615
0.0903236
0.0865245
0.0828607
0.0793287
0.0759248
0.0726456
0.0694876
0.0664474
0.0635216
0.0607069
0.0579999
0.0553974
0.0528963
0.0504932
0.0481852
0.0459692
0.0438422
0.0418014
0.0398437
0.0379665
0.0361671
0.0344426
0.0327906
0.0312084
0.0296937
0.0282439
0.0268568
0.02553
0.0242613
0.0230485
0.0218896
0.0207825
0.0197251
0.0187157
0.0177523
0.0168331
0.0159564
0.0151204
0.0143236
0.0135643
0.0128411
0.0121524
0.0114967
0.0108728
0.0102793
0.00971482
0.00917821
0.00866825
0.00818378
0.00772368
0.00728687
0.00687233
0.00647906
0.00610609
0.00575252
0.00541744
0.00510002
0.00479942
0.00451486
0.00424559
0.00399088
0.00375003
0.00352238
0.00330728
0.00310412
0.00291232
0.0027313
0.00256054
0.00239951
0.00224771
0.00210468
0.00196997
0.00184314
0.00172377
0.00161149
0.0015059
0.00140666
0.00131341
0.00122584
0.00114364
0.0010665
0.000994146
0.000926312
0.000862742
0.000803195
0.000747438
0.000695255
0.000646437
0.000600788
0.000558121
0.000518259
0.000481034
0.000446288
0.00041387
0.000383637
0.000355456
0.000329199
0.000304746
0.000281983
0.000260804
0.000241107
0.000222798
0.000205785
0.000189986
0.00017532
0.000161712
0.000149093
0.000137395
0.000126557
0.00011652
0.00010723
9.86344e-05
9.0686e-05
8.33393e-05
7.65521e-05
7.02848e-05
6.45004e-05
5.91642e-05
5.4244e-05
4.97095e-05
4.55326e-05
4.16869e-05
3.81479e-05
3.48928e-05
3.19002e-05
2.91504e-05
2.66249e-05
2.43065e-05
2.21794e-05
2.02287e-05
1.84407e-05
1.68027e-05
1.53027e-05
1.39299e-05
1.26741e-05
1.1526e-05
1.04767e-05
9.51839e-06
8.64349e-06
7.84518e-06
7.11712e-06
6.45347e-06
5.84884e-06
5.29826e-06
4.79715e-06
4.3413e-06
3.92684e-06
3.55019e-06
3.20809e-06
2.89752e-06
2.61573e-06
2.36017e-06
2.12852e-06
1.91866e-06
1.72863e-06
1.55665e-06
1.40108e-06
1.26043e-06
1.13334e-06
1.01855e-06
9.14934e-07
8.21447e-07
7.37144e-07
6.61162e-07
5.92715e-07
5.31087e-07
4.75629e-07
4.25748e-07
3.80908e-07
3.40618e-07
3.04437e-07
2.71963e-07
2.4283e-07
2.16709e-07
1.933e-07
1.72333e-07
1.53563e-07
1.36768e-07
1.21748e-07
1.08323e-07
9.63299e-08
8.56212e-08
7.60644e-08
6.75401e-08
5.99408e-08
5.31696e-08
4.71394e-08
4.17719e-08
3.69968e-08
3.2751e-08
2.89777e-08
2.56261e-08
2.26507e-08
2.00106e-08
1.76692e-08
1.55938e-08
1.37553e-08
1.21273e-08
1.06866e-08
9.41222e-09
8.28561e-09
7.29014e-09
6.41101e-09
5.63503e-09
4.95045e-09
4.34682e-09
3.81486e-09
3.34629e-09
2.93378e-09
2.57081e-09
2.2516e-09
1.97102e-09
1.72453e-09
1.50809e-09
1.31815e-09
1.15154e-09
1.00548e-09
8.775e-10
7.65418e-10
6.67312e-10
5.81484e-10
5.06438e-10
4.40852e-10
3.83564e-10
3.33551e-10
2.89911e-10
2.51853e-10
2.18679e-10
1.89779e-10
1.64613e-10
1.42713e-10
1.23663e-10
1.07101e-10
9.27104e-11
8.02124e-11
6.93639e-11
5.99522e-11
5.17911e-11
4.47183e-11
3.85917e-11
3.32876e-11
2.86979e-11
2.47284e-11
2.12972e-11
1.83328e-11
1.57729e-11
1.35637e-11
1.16579e-11
1.00149e-11
8.59901e-12
7.37958e-12
6.32987e-12
5.42672e-12
4.65008e-12
3.98256e-12
3.40914e-12
2.91681e-12
2.49431e-12
2.13194e-12
1.82129e-12
1.55511e-12
1.32717e-12
1.13206e-12
9.65154e-13
8.22437e-13
7.0047e-13
5.96289e-13
5.07348e-13
4.31455e-13
3.66729e-13
3.11557e-13
2.64552e-13
2.24525e-13
1.90459e-13
1.6148e-13
1.36841e-13
1.15903e-13
9.81202e-14
8.30237e-14
7.02147e-14
5.93521e-14
5.01448e-14
4.23446e-14
3.57398e-14
3.01501e-14
2.54219e-14
2.14244e-14
1.80465e-14
1.51936e-14
1.27853e-14
1.07533e-14
9.03982e-15
7.59555e-15
6.37884e-15
5.35437e-15
4.49219e-15
3.76696e-15
3.15725e-15
2.64491e-15
2.21461e-15
1.8534e-15
1.55034e-15
1.2962e-15
1.0832e-15
9.04773e-16
7.55387e-16
6.30388e-16
5.25861e-16
4.38512e-16
3.65578e-16
3.04739e-16
2.54055e-16
2.11905e-16
1.7694e-16
1.48045e-16
1.24308e-16
1.04991e-16
8.95147e-17
7.74429e-17
6.8477e-17
6.24551e-17
5.9373e-17
0.992784
0.977183
0.960596
0.943439
0.926001
0.908414
0.890762
0.873101
0.855472
0.837904
0.820418
0.80303
0.785753
0.768597
0.751572
0.734687
0.71795
0.70137
0.684954
0.668709
0.652641
0.636757
0.621062
0.605563
0.590264
0.57517
0.560285
0.545613
0.531158
0.516922
0.502909
0.489121
0.47556
0.462229
0.449129
0.436262
0.423628
0.41123
0.399067
0.38714
0.375449
0.363994
0.352776
0.341794
0.331048
0.320536
0.310258
0.300213
0.2904
0.280817
0.271463
0.262337
0.253435
0.244757
0.236301
0.228063
0.220043
0.212236
0.204642
0.197256
0.190077
0.183102
0.176326
0.169748
0.163364
0.157172
0.151167
0.145346
0.139706
0.134244
0.128956
0.123838
0.118887
0.1141
0.109472
0.105
0.100681
0.09651
0.0924846
0.0886007
0.0848547
0.081243
0.0777621
0.0744084
0.0711783
0.0680685
0.0650754
0.0621957
0.059426
0.056763
0.0542035
0.0517442
0.0493819
0.0471137
0.0449364
0.0428471
0.0408429
0.0389209
0.0370783
0.0353125
0.0336207
0.0320003
0.0304489
0.0289639
0.027543
0.0261838
0.0248841
0.0236415
0.0224541
0.0213196
0.0202361
0.0192017
0.0182143
0.0172722
0.0163736
0.0155167
0.0146999
0.0139215
0.0131799
0.0124738
0.0118015
0.0111617
0.0105531
0.0099742
0.00942384
0.00890078
0.00840383
0.00793185
0.00748374
0.00705844
0.00665494
0.00627225
0.00590943
0.00556557
0.0052398
0.00493128
0.00463921
0.00436281
0.00410133
0.00385408
0.00362035
0.0033995
0.00319089
0.00299393
0.00280803
0.00263265
0.00246725
0.00231133
0.0021644
0.00202601
0.0018957
0.00177306
0.00165768
0.00154917
0.00144718
0.00135135
0.00126134
0.00117684
0.00109754
0.00102316
0.000953412
0.000888048
0.000826814
0.000769475
0.000715806
0.000665595
0.000618639
0.000574748
0.000533738
0.000495439
0.000459687
0.000426328
0.000395216
0.000366212
0.000339187
0.000314016
0.000290583
0.000268779
0.000248499
0.000229646
0.000212127
0.000195856
0.000180751
0.000166735
0.000153736
0.000141685
0.000130519
0.000120178
0.000110604
0.000101747
9.3555e-05
8.59828e-05
7.89866e-05
7.25258e-05
6.65624e-05
6.10606e-05
5.59872e-05
5.13112e-05
4.70035e-05
4.30371e-05
3.93867e-05
3.60288e-05
3.29415e-05
3.01044e-05
2.74985e-05
2.51062e-05
2.2911e-05
2.08977e-05
1.90521e-05
1.73612e-05
1.58127e-05
1.43954e-05
1.30987e-05
1.19131e-05
1.08295e-05
9.83972e-06
8.93603e-06
8.11138e-06
7.35924e-06
6.67358e-06
6.04883e-06
5.47989e-06
4.96202e-06
4.49088e-06
4.06248e-06
3.67314e-06
3.31947e-06
2.99837e-06
2.707e-06
2.44273e-06
2.20317e-06
1.98612e-06
1.78956e-06
1.61166e-06
1.45071e-06
1.30519e-06
1.17369e-06
1.0549e-06
9.4767e-07
8.50911e-07
7.63649e-07
6.84994e-07
6.14132e-07
5.50325e-07
4.92901e-07
4.41247e-07
3.94808e-07
3.53079e-07
3.15601e-07
2.8196e-07
2.51778e-07
2.24714e-07
2.00458e-07
1.7873e-07
1.59276e-07
1.41869e-07
1.263e-07
1.12383e-07
9.99488e-08
8.88455e-08
7.89357e-08
7.00958e-08
6.22143e-08
5.5191e-08
4.89358e-08
4.33675e-08
3.84134e-08
3.40079e-08
3.00925e-08
2.66143e-08
2.35261e-08
2.07858e-08
1.83553e-08
1.62008e-08
1.42919e-08
1.26015e-08
1.11054e-08
9.78196e-09
8.61185e-09
7.57785e-09
6.6646e-09
5.85843e-09
5.14716e-09
4.51994e-09
3.96714e-09
3.48017e-09
3.05142e-09
2.67413e-09
2.34229e-09
2.05059e-09
1.79431e-09
1.56925e-09
1.37172e-09
1.19845e-09
1.04653e-09
9.13403e-10
7.96805e-10
6.94736e-10
6.05434e-10
5.27342e-10
4.59089e-10
3.99466e-10
3.4741e-10
3.01983e-10
2.62363e-10
2.27825e-10
1.97733e-10
1.71528e-10
1.4872e-10
1.28879e-10
1.11629e-10
9.6638e-11
8.36179e-11
7.23151e-11
6.25084e-11
5.4004e-11
4.6633e-11
4.02476e-11
3.47189e-11
2.99344e-11
2.57962e-11
2.22187e-11
1.91277e-11
1.64583e-11
1.41543e-11
1.21666e-11
1.04527e-11
8.97576e-12
7.70357e-12
6.60834e-12
5.66595e-12
4.85549e-12
4.15885e-12
3.56035e-12
3.04645e-12
2.6054e-12
2.22708e-12
1.90272e-12
1.62479e-12
1.38675e-12
1.18299e-12
1.00866e-12
8.59583e-13
7.3217e-13
6.23328e-13
5.30399e-13
4.51097e-13
3.83458e-13
3.25797e-13
2.76667e-13
2.34827e-13
1.99215e-13
1.68918e-13
1.43157e-13
1.21263e-13
1.02666e-13
8.68779e-14
7.34805e-14
6.21179e-14
5.2486e-14
4.43254e-14
3.74149e-14
3.15659e-14
2.66179e-14
2.24343e-14
1.88988e-14
1.59125e-14
1.33914e-14
1.12641e-14
9.46996e-15
7.95764e-15
6.6835e-15
5.61057e-15
4.70754e-15
3.94788e-15
3.30916e-15
2.7724e-15
2.32156e-15
1.94307e-15
1.62548e-15
1.35914e-15
1.13589e-15
9.48858e-16
7.92254e-16
6.61203e-16
5.51603e-16
4.60004e-16
3.83511e-16
3.19692e-16
2.66514e-16
2.22277e-16
1.85567e-16
1.55214e-16
1.3026e-16
1.09931e-16
9.36182e-17
8.08675e-17
7.137e-17
6.4966e-17
6.16712e-17
0.99341
0.979172
0.963897
0.947911
0.931478
0.914736
0.897783
0.880689
0.863512
0.846295
0.829075
0.81188
0.794737
0.777665
0.760683
0.743809
0.727055
0.710435
0.693961
0.677642
0.661489
0.64551
0.629711
0.6141
0.598684
0.583467
0.568454
0.553651
0.539061
0.524688
0.510535
0.496606
0.482902
0.469426
0.45618
0.443167
0.430386
0.41784
0.405529
0.393455
0.381617
0.370016
0.358652
0.347524
0.336633
0.325978
0.315558
0.305372
0.295419
0.285698
0.276208
0.266946
0.257912
0.249103
0.240518
0.232153
0.224008
0.216079
0.208364
0.20086
0.193565
0.186476
0.17959
0.172903
0.166413
0.160116
0.15401
0.14809
0.142353
0.136797
0.131417
0.12621
0.121172
0.1163
0.11159
0.107038
0.102641
0.0983952
0.0942968
0.0903421
0.0865275
0.0828493
0.0793041
0.0758881
0.0725978
0.0694298
0.0663805
0.0634464
0.0606243
0.0579106
0.0553022
0.0527958
0.0503882
0.0480762
0.0458568
0.0437269
0.0416837
0.0397241
0.0378455
0.0360449
0.0343197
0.0326673
0.0310851
0.0295706
0.0281213
0.0267349
0.0254091
0.0241416
0.0229302
0.0217727
0.0206673
0.0196118
0.0186043
0.0176429
0.0167258
0.0158513
0.0150177
0.0142232
0.0134663
0.0127455
0.0120592
0.011406
0.0107846
0.0101936
0.00963164
0.00909753
0.00859006
0.00810806
0.00765042
0.00721604
0.00680391
0.00641301
0.00604238
0.00569111
0.0053583
0.00504309
0.00474466
0.00446224
0.00419505
0.00394237
0.0037035
0.00347778
0.00326456
0.00306323
0.00287321
0.00269391
0.00252482
0.0023654
0.00221517
0.00207366
0.0019404
0.00181498
0.00169698
0.001586
0.00148168
0.00138365
0.00129157
0.00120512
0.00112398
0.00104787
0.000976509
0.00090962
0.000846953
0.000788269
0.000733337
0.00068194
0.000633873
0.000588939
0.000546954
0.00050774
0.000471131
0.000436971
0.000405109
0.000375404
0.000347724
0.000321941
0.000297937
0.0002756
0.000254823
0.000235506
0.000217555
0.000200882
0.000185402
0.000171037
0.000157713
0.000145361
0.000133914
0.000123312
0.000113497
0.000104415
9.60154e-05
8.82503e-05
8.10754e-05
7.4449e-05
6.83322e-05
6.26886e-05
5.7484e-05
5.26867e-05
4.8267e-05
4.41971e-05
4.04512e-05
3.70053e-05
3.38367e-05
3.09247e-05
2.82499e-05
2.5794e-05
2.35404e-05
2.14733e-05
1.95783e-05
1.7842e-05
1.62518e-05
1.47962e-05
1.34644e-05
1.22466e-05
1.11335e-05
1.01167e-05
9.18821e-06
8.3409e-06
7.56803e-06
6.86342e-06
6.22136e-06
5.63661e-06
5.1043e-06
4.62e-06
4.17959e-06
3.7793e-06
3.41567e-06
3.08549e-06
2.78586e-06
2.51408e-06
2.26769e-06
2.04443e-06
1.84224e-06
1.65922e-06
1.49364e-06
1.34392e-06
1.2086e-06
1.08636e-06
9.76005e-07
8.76418e-07
7.866e-07
7.05633e-07
6.32684e-07
5.66992e-07
5.07867e-07
4.54678e-07
4.06856e-07
3.63881e-07
3.25282e-07
2.90631e-07
2.5954e-07
2.31659e-07
2.06669e-07
1.84281e-07
1.64236e-07
1.46298e-07
1.30253e-07
1.15909e-07
1.03092e-07
9.16467e-08
8.14306e-08
7.23167e-08
6.41903e-08
5.69483e-08
5.04977e-08
4.47551e-08
3.96455e-08
3.51014e-08
3.10624e-08
2.74741e-08
2.42881e-08
2.14606e-08
1.89527e-08
1.67293e-08
1.47592e-08
1.30146e-08
1.14703e-08
1.01041e-08
8.89615e-09
7.82861e-09
6.88566e-09
6.05321e-09
5.3187e-09
4.67093e-09
4.09997e-09
3.59696e-09
3.15407e-09
2.76429e-09
2.42145e-09
2.12006e-09
1.85523e-09
1.62265e-09
1.41851e-09
1.23942e-09
1.08239e-09
9.44773e-10
8.24233e-10
7.18705e-10
6.26369e-10
5.45618e-10
4.75036e-10
4.13373e-10
3.59532e-10
3.12544e-10
2.71558e-10
2.35828e-10
2.04694e-10
1.7758e-10
1.53979e-10
1.33447e-10
1.15594e-10
1.00078e-10
8.66009e-11
7.49006e-11
6.47481e-11
5.59433e-11
4.83112e-11
4.16991e-11
3.59737e-11
3.10187e-11
2.67326e-11
2.3027e-11
1.9825e-11
1.70596e-11
1.46725e-11
1.2613e-11
1.0837e-11
9.30646e-12
7.988e-12
6.85285e-12
5.87603e-12
5.0359e-12
4.31369e-12
3.69319e-12
3.16035e-12
2.70301e-12
2.31069e-12
1.97431e-12
1.68604e-12
1.43914e-12
1.22777e-12
1.04692e-12
8.92254e-13
7.60055e-13
6.47117e-13
5.50682e-13
4.68382e-13
3.98181e-13
3.38331e-13
2.87332e-13
2.43898e-13
2.06925e-13
1.75469e-13
1.48719e-13
1.25985e-13
1.06672e-13
9.02739e-14
7.63585e-14
6.45557e-14
5.45498e-14
4.60717e-14
3.88918e-14
3.28144e-14
2.76727e-14
2.33251e-14
1.96506e-14
1.65467e-14
1.39262e-14
1.17148e-14
9.84959e-15
8.27725e-15
6.95245e-15
5.83677e-15
4.89769e-15
4.10765e-15
3.44333e-15
2.88502e-15
2.41604e-15
2.02229e-15
1.69188e-15
1.41476e-15
1.18246e-15
9.87827e-16
8.24847e-16
6.88448e-16
5.74365e-16
4.7901e-16
3.99371e-16
3.32918e-16
2.77534e-16
2.31452e-16
1.93199e-16
1.61556e-16
1.35524e-16
1.14299e-16
9.72463e-17
8.38939e-17
7.39248e-17
6.71818e-17
6.36979e-17
0.993848
0.980552
0.966217
0.951105
0.935444
0.919368
0.902975
0.886346
0.869543
0.852623
0.835631
0.818606
0.801583
0.784591
0.767656
0.750798
0.73404
0.717396
0.700883
0.684513
0.668298
0.652247
0.636371
0.620676
0.60517
0.58986
0.574751
0.559848
0.545155
0.530678
0.516418
0.50238
0.488567
0.474981
0.461624
0.448498
0.435605
0.422946
0.410522
0.398334
0.386383
0.374669
0.363193
0.351954
0.340952
0.330186
0.319657
0.309362
0.299302
0.289475
0.27988
0.270515
0.261378
0.252469
0.243784
0.235322
0.22708
0.219057
0.211249
0.203654
0.19627
0.189093
0.182121
0.17535
0.168778
0.162401
0.156216
0.150219
0.144408
0.138779
0.133328
0.128052
0.122947
0.118009
0.113235
0.108622
0.104165
0.0998607
0.0957057
0.0916962
0.0878284
0.0840988
0.0805036
0.0770394
0.0737024
0.0704892
0.0673962
0.06442
0.0615572
0.0588043
0.0561579
0.053615
0.0511721
0.0488261
0.046574
0.0444126
0.042339
0.0403503
0.0384436
0.036616
0.0348649
0.0331876
0.0315814
0.0300439
0.0285726
0.0271651
0.0258189
0.0245319
0.0233019
0.0221266
0.021004
0.0199321
0.0189089
0.0179325
0.0170011
0.0161129
0.0152661
0.014459
0.0136902
0.0129579
0.0122607
0.0115971
0.0109658
0.0103652
0.00979426
0.00925153
0.00873585
0.00824603
0.00778093
0.00733947
0.00692059
0.00652328
0.00614656
0.00578949
0.00545117
0.00513073
0.00482734
0.0045402
0.00426854
0.00401162
0.00376873
0.0035392
0.00332238
0.00311763
0.00292437
0.00274201
0.00257002
0.00240787
0.00225505
0.00211109
0.00197553
0.00184793
0.00172787
0.00161495
0.0015088
0.00140904
0.00131534
0.00122736
0.00114479
0.00106732
0.000994684
0.000926598
0.000862806
0.000803064
0.00074714
0.000694813
0.000645872
0.000600119
0.000557365
0.000517432
0.000480151
0.00044536
0.000412908
0.000382652
0.000354456
0.000328192
0.000303739
0.000280981
0.000259813
0.000240131
0.00022184
0.000204849
0.000189074
0.000174434
0.000160855
0.000148264
0.000136597
0.000125789
0.000115784
0.000106525
9.79605e-05
9.00431e-05
8.27271e-05
7.597e-05
6.97322e-05
6.39765e-05
5.86684e-05
5.37753e-05
4.9267e-05
4.51154e-05
4.12941e-05
3.77784e-05
3.45457e-05
3.15745e-05
2.88451e-05
2.6339e-05
2.40391e-05
2.19295e-05
1.99955e-05
1.82232e-05
1.66e-05
1.5114e-05
1.37545e-05
1.25111e-05
1.13747e-05
1.03364e-05
9.38832e-06
8.52306e-06
7.73376e-06
7.01413e-06
6.35835e-06
5.76106e-06
5.21731e-06
4.72256e-06
4.27263e-06
3.86365e-06
3.49211e-06
3.15473e-06
2.84854e-06
2.5708e-06
2.31899e-06
2.09081e-06
1.88414e-06
1.69706e-06
1.52779e-06
1.37473e-06
1.23638e-06
1.1114e-06
9.98558e-07
8.96724e-07
8.04872e-07
7.22068e-07
6.47458e-07
5.80267e-07
5.19788e-07
4.65379e-07
4.16457e-07
3.7249e-07
3.32997e-07
2.97542e-07
2.65728e-07
2.37196e-07
2.11621e-07
1.88709e-07
1.68192e-07
1.4983e-07
1.33406e-07
1.18722e-07
1.05601e-07
9.38823e-08
8.3422e-08
7.40897e-08
6.57681e-08
5.83515e-08
5.17451e-08
4.58634e-08
4.06297e-08
3.5975e-08
3.18373e-08
2.81613e-08
2.4897e-08
2.2e-08
1.94302e-08
1.71518e-08
1.51329e-08
1.33449e-08
1.17621e-08
1.03618e-08
9.12359e-09
8.02923e-09
7.06255e-09
6.20909e-09
5.45599e-09
4.79179e-09
4.2063e-09
3.69048e-09
3.23626e-09
2.8365e-09
2.48486e-09
2.1757e-09
1.90403e-09
1.66544e-09
1.456e-09
1.27226e-09
1.11113e-09
9.69918e-10
8.4622e-10
7.37922e-10
6.43156e-10
5.60275e-10
4.87825e-10
4.24528e-10
3.69256e-10
3.21016e-10
2.78937e-10
2.42249e-10
2.1028e-10
1.82437e-10
1.582e-10
1.37114e-10
1.18777e-10
1.0284e-10
8.89964e-11
7.69771e-11
6.65471e-11
5.75011e-11
4.96595e-11
4.28654e-11
3.69821e-11
3.18901e-11
2.74852e-11
2.36767e-11
2.03855e-11
1.7543e-11
1.50891e-11
1.29719e-11
1.11461e-11
9.57246e-12
8.2168e-12
7.04955e-12
6.04506e-12
5.18106e-12
4.43831e-12
3.80011e-12
3.25203e-12
2.78159e-12
2.378e-12
2.03194e-12
1.73537e-12
1.48133e-12
1.26384e-12
1.07774e-12
9.18574e-13
7.82521e-13
6.66284e-13
5.67026e-13
4.82312e-13
4.10047e-13
3.48434e-13
2.9593e-13
2.51211e-13
2.13142e-13
1.80751e-13
1.53206e-13
1.29793e-13
1.09902e-13
9.30134e-14
7.86803e-14
6.65225e-14
5.62151e-14
4.7481e-14
4.00838e-14
3.3822e-14
2.85242e-14
2.40442e-14
2.02576e-14
1.70588e-14
1.4358e-14
1.20787e-14
1.01562e-14
8.53542e-15
7.16971e-15
6.01952e-15
5.05132e-15
4.23675e-15
3.55176e-15
2.97604e-15
2.49241e-15
2.08633e-15
1.74556e-15
1.45973e-15
1.22011e-15
1.01934e-15
8.51204e-16
7.10483e-16
5.92777e-16
4.94385e-16
4.12201e-16
3.43618e-16
2.86451e-16
2.38877e-16
1.99375e-16
1.66688e-16
1.39785e-16
1.17834e-16
1.00182e-16
8.63423e-17
7.59911e-17
6.89731e-17
6.53358e-17
0.994126
0.981425
0.967697
0.953162
0.938023
0.922402
0.9064
0.890097
0.873561
0.856854
0.840028
0.823129
0.806197
0.789266
0.772368
0.755528
0.73877
0.722114
0.705577
0.689174
0.672918
0.656821
0.640893
0.625143
0.609578
0.594205
0.579031
0.56406
0.549299
0.53475
0.520419
0.506308
0.492421
0.47876
0.465327
0.452125
0.439156
0.42642
0.41392
0.401656
0.389628
0.377838
0.366286
0.354971
0.343893
0.333053
0.32245
0.312082
0.301949
0.29205
0.282383
0.272948
0.263742
0.254764
0.246011
0.237483
0.229176
0.221088
0.213217
0.205561
0.198115
0.190879
0.183848
0.17702
0.170392
0.163961
0.157722
0.151674
0.145812
0.140133
0.134634
0.129311
0.12416
0.119177
0.11436
0.109705
0.105207
0.100863
0.0966692
0.0926222
0.0887182
0.0849534
0.0813242
0.0778271
0.0744582
0.0712142
0.0680915
0.0650865
0.0621958
0.059416
0.0567438
0.0541759
0.0517089
0.0493397
0.0470652
0.0448823
0.042788
0.0407793
0.0388534
0.0370074
0.0352385
0.0335442
0.0319217
0.0303684
0.028882
0.02746
0.0261
0.0247996
0.0235568
0.0223693
0.021235
0.0201519
0.019118
0.0181313
0.01719
0.0162924
0.0154366
0.014621
0.0138439
0.0131038
0.0123991
0.0117284
0.0110902
0.0104832
0.00990598
0.00935734
0.00883602
0.00834084
0.00787064
0.00742431
0.00700081
0.00659909
0.00621818
0.00585714
0.00551504
0.00519101
0.00488421
0.00459383
0.0043191
0.00405927
0.00381362
0.00358147
0.00336217
0.00315507
0.00295959
0.00277513
0.00260115
0.00243711
0.00228252
0.00213687
0.00199972
0.00187062
0.00174915
0.0016349
0.00152749
0.00142655
0.00133173
0.00124269
0.00115913
0.00108074
0.00100722
0.000938308
0.000873741
0.000813272
0.000756664
0.000703695
0.000654152
0.000607835
0.000564552
0.000524124
0.000486378
0.000451152
0.000418294
0.000387658
0.000359107
0.00033251
0.000307746
0.0002847
0.000263261
0.000243327
0.000224801
0.000207591
0.000191612
0.000176783
0.000163027
0.000150272
0.000138452
0.000127503
0.000117365
0.000107984
9.93063e-05
9.12837e-05
8.38701e-05
7.70227e-05
7.07012e-05
6.48681e-05
5.94883e-05
5.4529e-05
4.99596e-05
4.57514e-05
4.18778e-05
3.8314e-05
3.50368e-05
3.20247e-05
2.92575e-05
2.67166e-05
2.43848e-05
2.22457e-05
2.02846e-05
1.84874e-05
1.68414e-05
1.53344e-05
1.39556e-05
1.26946e-05
1.15419e-05
1.04888e-05
9.52716e-06
8.64945e-06
7.84877e-06
7.11873e-06
6.45343e-06
5.84744e-06
5.29575e-06
4.79376e-06
4.33722e-06
3.92223e-06
3.54519e-06
3.20282e-06
2.89208e-06
2.6102e-06
2.35463e-06
2.12303e-06
1.91325e-06
1.72335e-06
1.55153e-06
1.39614e-06
1.25569e-06
1.12881e-06
1.01424e-06
9.10843e-07
8.17579e-07
7.33498e-07
6.57735e-07
5.89501e-07
5.28082e-07
4.72824e-07
4.23136e-07
3.7848e-07
3.38366e-07
3.02352e-07
2.70035e-07
2.41051e-07
2.15069e-07
1.91791e-07
1.70947e-07
1.52291e-07
1.35602e-07
1.20681e-07
1.07348e-07
9.54397e-08
8.48095e-08
7.53251e-08
6.68675e-08
5.93295e-08
5.26145e-08
4.6636e-08
4.13158e-08
3.6584e-08
3.23776e-08
2.86404e-08
2.53217e-08
2.23762e-08
1.97632e-08
1.74465e-08
1.53936e-08
1.35753e-08
1.19657e-08
1.05416e-08
9.2823e-09
8.16925e-09
7.18601e-09
6.31789e-09
5.55182e-09
4.87616e-09
4.28055e-09
3.75577e-09
3.29365e-09
2.88693e-09
2.52914e-09
2.21456e-09
1.93812e-09
1.69533e-09
1.4822e-09
1.2952e-09
1.13122e-09
9.87491e-10
8.61588e-10
7.51354e-10
6.5489e-10
5.7052e-10
4.96767e-10
4.32327e-10
3.76055e-10
3.26941e-10
2.84097e-10
2.46741e-10
2.14188e-10
1.85835e-10
1.61154e-10
1.39679e-10
1.21004e-10
1.04773e-10
9.06729e-11
7.84304e-11
6.78063e-11
5.85915e-11
5.06033e-11
4.3682e-11
3.76881e-11
3.25002e-11
2.80122e-11
2.41317e-11
2.07782e-11
1.78816e-11
1.5381e-11
1.32234e-11
1.13627e-11
9.75884e-12
8.37713e-12
7.1874e-12
6.16352e-12
5.28281e-12
4.52565e-12
3.87505e-12
3.3163e-12
2.83668e-12
2.4252e-12
2.07236e-12
1.76995e-12
1.51091e-12
1.28913e-12
1.09935e-12
9.37036e-13
7.98282e-13
6.79731e-13
5.78494e-13
4.92086e-13
4.18374e-13
3.55524e-13
3.01964e-13
2.56343e-13
2.17506e-13
1.84459e-13
1.56355e-13
1.32466e-13
1.12171e-13
9.4937e-14
8.03108e-14
6.79038e-14
5.73847e-14
4.84708e-14
4.09211e-14
3.45299e-14
2.91224e-14
2.45494e-14
2.06841e-14
1.74187e-14
1.46615e-14
1.23345e-14
1.03717e-14
8.71688e-15
7.32243e-15
6.14799e-15
5.15934e-15
4.32752e-15
3.628e-15
3.04005e-15
2.54611e-15
2.13137e-15
1.78331e-15
1.49136e-15
1.2466e-15
1.04151e-15
8.69749e-16
7.25988e-16
6.05732e-16
5.05204e-16
4.21231e-16
3.51149e-16
2.92728e-16
2.44103e-16
2.03722e-16
1.70301e-16
1.42784e-16
1.20323e-16
1.02249e-16
8.80663e-17
7.7446e-17
7.02341e-17
6.64885e-17
0.994261
0.981848
0.968418
0.95417
0.939292
0.923903
0.908101
0.891965
0.875569
0.858973
0.842234
0.825402
0.808518
0.791621
0.774743
0.757914
0.741158
0.724496
0.707948
0.691529
0.675253
0.659134
0.64318
0.627401
0.611806
0.596402
0.581195
0.566191
0.551395
0.536811
0.522444
0.508296
0.494371
0.480672
0.467202
0.453962
0.440954
0.42818
0.415641
0.403338
0.391272
0.379443
0.367852
0.356499
0.345384
0.334506
0.323865
0.31346
0.30329
0.293354
0.283652
0.274181
0.26494
0.255927
0.247141
0.238578
0.230238
0.222118
0.214215
0.206527
0.199051
0.191785
0.184725
0.177868
0.171211
0.164752
0.158487
0.152412
0.146524
0.14082
0.135297
0.129949
0.124775
0.119771
0.114931
0.110254
0.105736
0.101372
0.0971585
0.0930925
0.0891701
0.0853875
0.0817411
0.0782272
0.0748422
0.0715826
0.0684447
0.0654251
0.0625203
0.0597269
0.0570416
0.054461
0.0519818
0.0496008
0.047315
0.0451211
0.0430163
0.0409975
0.0390618
0.0372064
0.0354285
0.0337255
0.0320947
0.0305335
0.0290394
0.02761
0.0262429
0.0249359
0.0236865
0.0224928
0.0213526
0.0202637
0.0192243
0.0182324
0.0172862
0.0163838
0.0155234
0.0147034
0.0139222
0.0131781
0.0124696
0.0117952
0.0111536
0.0105432
0.00996288
0.00941124
0.00888705
0.00838914
0.00791634
0.00746754
0.00704168
0.00663772
0.00625469
0.00589161
0.00554759
0.00522173
0.0049132
0.00462118
0.00434488
0.00408357
0.00383651
0.00360303
0.00338246
0.00317417
0.00297755
0.00279202
0.00261703
0.00245203
0.00229653
0.00215003
0.00201207
0.00188221
0.00176001
0.00164508
0.00153703
0.00143548
0.00134009
0.00125052
0.00116645
0.00108758
0.00101362
0.000944288
0.000879326
0.000818485
0.000761529
0.000708232
0.000658382
0.000611777
0.000568224
0.000527543
0.00048956
0.000454113
0.000421047
0.000390217
0.000361484
0.000334718
0.000309796
0.000286601
0.000265024
0.000244961
0.000226315
0.000208994
0.000192911
0.000177984
0.000164138
0.000151299
0.000139401
0.000128379
0.000118174
0.000108731
9.99951e-05
9.19187e-05
8.44552e-05
7.75616e-05
7.11973e-05
6.53246e-05
5.99082e-05
5.4915e-05
5.03142e-05
4.60771e-05
4.21768e-05
3.85883e-05
3.52884e-05
3.22553e-05
2.94688e-05
2.69101e-05
2.45619e-05
2.24078e-05
2.04328e-05
1.86229e-05
1.69651e-05
1.54474e-05
1.40587e-05
1.27887e-05
1.16277e-05
1.0567e-05
9.59835e-06
8.71426e-06
7.90775e-06
7.17237e-06
6.50219e-06
5.89175e-06
5.336e-06
4.83029e-06
4.37037e-06
3.95228e-06
3.57244e-06
3.2275e-06
2.91443e-06
2.63043e-06
2.37292e-06
2.13956e-06
1.9282e-06
1.73685e-06
1.56372e-06
1.40714e-06
1.26561e-06
1.13775e-06
1.02229e-06
9.18095e-07
8.24106e-07
7.39369e-07
6.63014e-07
5.94246e-07
5.32343e-07
4.7665e-07
4.26569e-07
3.81559e-07
3.41126e-07
3.04825e-07
2.72249e-07
2.43032e-07
2.16842e-07
1.93376e-07
1.72363e-07
1.53556e-07
1.36731e-07
1.21689e-07
1.08247e-07
9.62409e-08
8.55232e-08
7.59606e-08
6.74331e-08
5.98326e-08
5.30619e-08
4.70335e-08
4.16689e-08
3.68974e-08
3.26557e-08
2.8887e-08
2.55403e-08
2.25698e-08
1.99347e-08
1.75983e-08
1.55278e-08
1.3694e-08
1.20706e-08
1.06342e-08
9.36404e-09
8.24137e-09
7.2496e-09
6.37394e-09
5.6012e-09
4.91963e-09
4.3188e-09
3.78942e-09
3.32323e-09
2.91292e-09
2.55196e-09
2.23459e-09
1.9557e-09
1.71074e-09
1.4957e-09
1.30703e-09
1.14157e-09
9.96552e-10
8.69513e-10
7.58281e-10
6.60943e-10
5.75805e-10
5.01379e-10
4.36351e-10
3.79563e-10
3.29998e-10
2.86759e-10
2.49059e-10
2.16205e-10
1.87589e-10
1.62678e-10
1.41003e-10
1.22154e-10
1.05771e-10
9.15384e-11
7.91807e-11
6.84565e-11
5.91546e-11
5.10907e-11
4.41037e-11
3.80528e-11
3.28154e-11
2.82844e-11
2.43667e-11
2.0981e-11
1.80565e-11
1.55318e-11
1.33533e-11
1.14746e-11
9.85516e-12
8.45999e-12
7.25865e-12
6.22475e-12
5.33541e-12
4.57081e-12
3.9138e-12
3.34954e-12
2.86517e-12
2.44961e-12
2.09326e-12
1.78784e-12
1.52622e-12
1.30222e-12
1.11053e-12
9.46587e-13
8.06436e-13
6.86689e-13
5.84428e-13
4.97144e-13
4.22684e-13
3.59194e-13
3.05087e-13
2.59e-13
2.19765e-13
1.86379e-13
1.57986e-13
1.3385e-13
1.13345e-13
9.59332e-14
8.11552e-14
6.86192e-14
5.79905e-14
4.89836e-14
4.13548e-14
3.48967e-14
2.94323e-14
2.48112e-14
2.09051e-14
1.76052e-14
1.48188e-14
1.24671e-14
1.04834e-14
8.81095e-15
7.40161e-15
6.21459e-15
5.21534e-15
4.37459e-15
3.66754e-15
3.07324e-15
2.57397e-15
2.15474e-15
1.8029e-15
1.50777e-15
1.26034e-15
1.05301e-15
8.7937e-16
7.34032e-16
6.12455e-16
5.10819e-16
4.25917e-16
3.55058e-16
2.95986e-16
2.46816e-16
2.05979e-16
1.72177e-16
1.44342e-16
1.21616e-16
1.03323e-16
8.89622e-17
7.82022e-17
7.08896e-17
6.70878e-17
0.994261
0.981848
0.968418
0.954169
0.939292
0.923903
0.9081
0.891965
0.875568
0.858973
0.842234
0.825402
0.808518
0.791621
0.774743
0.757914
0.741158
0.724496
0.707948
0.691529
0.675254
0.659134
0.64318
0.627402
0.611807
0.596403
0.581196
0.566192
0.551396
0.536812
0.522444
0.508297
0.494372
0.480673
0.467203
0.453963
0.440955
0.428181
0.415642
0.403339
0.391273
0.379444
0.367853
0.3565
0.345384
0.334506
0.323865
0.31346
0.303291
0.293355
0.283653
0.274182
0.264941
0.255928
0.247141
0.238579
0.230239
0.222119
0.214216
0.206528
0.199052
0.191785
0.184725
0.177869
0.171212
0.164753
0.158487
0.152413
0.146525
0.140821
0.135297
0.12995
0.124776
0.119771
0.114932
0.110255
0.105736
0.101372
0.0971589
0.093093
0.0891705
0.0853879
0.0817415
0.0782276
0.0748426
0.071583
0.0684451
0.0654255
0.0625207
0.0597273
0.0570419
0.0544613
0.0519821
0.0496011
0.0473153
0.0451214
0.0430166
0.0409977
0.039062
0.0372066
0.0354288
0.0337257
0.0320949
0.0305337
0.0290396
0.0276102
0.0262431
0.024936
0.0236867
0.022493
0.0213527
0.0202639
0.0192245
0.0182326
0.0172863
0.0163839
0.0155235
0.0147035
0.0139223
0.0131782
0.0124697
0.0117953
0.0111537
0.0105433
0.00996297
0.00941133
0.00888714
0.00838922
0.00791642
0.00746762
0.00704175
0.00663779
0.00625475
0.00589168
0.00554765
0.00522179
0.00491326
0.00462123
0.00434493
0.00408361
0.00383656
0.00360307
0.0033825
0.00317421
0.00297759
0.00279206
0.00261706
0.00245206
0.00229656
0.00215006
0.0020121
0.00188223
0.00176004
0.0016451
0.00153705
0.0014355
0.00134011
0.00125054
0.00116647
0.0010876
0.00101364
0.000944303
0.00087934
0.000818498
0.000761541
0.000708244
0.000658393
0.000611787
0.000568234
0.000527552
0.000489568
0.000454121
0.000421054
0.000390224
0.00036149
0.000334724
0.000309801
0.000286606
0.000265029
0.000244966
0.00022632
0.000208998
0.000192915
0.000177988
0.000164141
0.000151302
0.000139404
0.000128382
0.000118177
0.000108733
9.99973e-05
9.19207e-05
8.44571e-05
7.75634e-05
7.1199e-05
6.53261e-05
5.99096e-05
5.49163e-05
5.03154e-05
4.60782e-05
4.21778e-05
3.85893e-05
3.52893e-05
3.22561e-05
2.94696e-05
2.69109e-05
2.45625e-05
2.24084e-05
2.04333e-05
1.86234e-05
1.69656e-05
1.54479e-05
1.40591e-05
1.2789e-05
1.1628e-05
1.05673e-05
9.59864e-06
8.71453e-06
7.90799e-06
7.1726e-06
6.5024e-06
5.89194e-06
5.33617e-06
4.83045e-06
4.37051e-06
3.95242e-06
3.57256e-06
3.22761e-06
2.91453e-06
2.63052e-06
2.37301e-06
2.13964e-06
1.92827e-06
1.73692e-06
1.56377e-06
1.40719e-06
1.26566e-06
1.13779e-06
1.02233e-06
9.18131e-07
8.24139e-07
7.39399e-07
6.63041e-07
5.9427e-07
5.32365e-07
4.7667e-07
4.26587e-07
3.81575e-07
3.41141e-07
3.04838e-07
2.72261e-07
2.43043e-07
2.16852e-07
1.93385e-07
1.72371e-07
1.53563e-07
1.36738e-07
1.21695e-07
1.08252e-07
9.62455e-08
8.55274e-08
7.59644e-08
6.74365e-08
5.98356e-08
5.30646e-08
4.70359e-08
4.1671e-08
3.68993e-08
3.26575e-08
2.88886e-08
2.55416e-08
2.2571e-08
1.99358e-08
1.75993e-08
1.55287e-08
1.36948e-08
1.20713e-08
1.06349e-08
9.36459e-09
8.24185e-09
7.25003e-09
6.37432e-09
5.60154e-09
4.91993e-09
4.31907e-09
3.78965e-09
3.32344e-09
2.9131e-09
2.55212e-09
2.23474e-09
1.95583e-09
1.71085e-09
1.4958e-09
1.30711e-09
1.14165e-09
9.9662e-10
8.69573e-10
7.58334e-10
6.60989e-10
5.75846e-10
5.01415e-10
4.36383e-10
3.79591e-10
3.30022e-10
2.8678e-10
2.49077e-10
2.16221e-10
1.87604e-10
1.62691e-10
1.41014e-10
1.22164e-10
1.05779e-10
9.15457e-11
7.91871e-11
6.84621e-11
5.91595e-11
5.1095e-11
4.41073e-11
3.8056e-11
3.28182e-11
2.82869e-11
2.43688e-11
2.09828e-11
1.80581e-11
1.55332e-11
1.33545e-11
1.14756e-11
9.85605e-12
8.46077e-12
7.25932e-12
6.22533e-12
5.33591e-12
4.57125e-12
3.91418e-12
3.34986e-12
2.86545e-12
2.44985e-12
2.09347e-12
1.78802e-12
1.52637e-12
1.30235e-12
1.11065e-12
9.46685e-13
8.0652e-13
6.86761e-13
5.84489e-13
4.97197e-13
4.22729e-13
3.59233e-13
3.05121e-13
2.59029e-13
2.19789e-13
1.864e-13
1.58003e-13
1.33866e-13
1.13358e-13
9.59443e-14
8.11646e-14
6.86272e-14
5.79974e-14
4.89894e-14
4.13598e-14
3.49009e-14
2.94359e-14
2.48142e-14
2.09077e-14
1.76074e-14
1.48206e-14
1.24687e-14
1.04847e-14
8.81208e-15
7.40256e-15
6.2154e-15
5.21603e-15
4.37516e-15
3.66803e-15
3.07365e-15
2.57431e-15
2.15503e-15
1.80314e-15
1.50798e-15
1.26051e-15
1.05316e-15
8.79494e-16
7.34137e-16
6.12543e-16
5.10893e-16
4.25979e-16
3.5511e-16
2.96029e-16
2.46853e-16
2.0601e-16
1.72203e-16
1.44364e-16
1.21634e-16
1.03339e-16
8.8976e-17
7.82144e-17
7.09006e-17
6.70982e-17
0.994126
0.981424
0.967696
0.953161
0.938022
0.922402
0.906399
0.890096
0.873561
0.856854
0.840028
0.823129
0.806197
0.789267
0.772369
0.755529
0.738771
0.722115
0.705578
0.689175
0.67292
0.656823
0.640895
0.625145
0.60958
0.594207
0.579033
0.564062
0.549301
0.534753
0.520421
0.506311
0.492423
0.478762
0.46533
0.452128
0.439158
0.426423
0.413922
0.401658
0.389631
0.377841
0.366288
0.354973
0.343896
0.333056
0.322452
0.312084
0.301951
0.292052
0.282385
0.27295
0.263744
0.254766
0.246013
0.237485
0.229178
0.22109
0.213219
0.205563
0.198117
0.190881
0.18385
0.177022
0.170394
0.163963
0.157724
0.151676
0.145814
0.140135
0.134636
0.129312
0.124161
0.119179
0.114362
0.109706
0.105208
0.100864
0.0966706
0.0926236
0.0887195
0.0849547
0.0813255
0.0778283
0.0744595
0.0712154
0.0680926
0.0650876
0.0621969
0.0594171
0.0567448
0.0541768
0.0517098
0.0493407
0.0470661
0.0448832
0.0427889
0.0407801
0.0388542
0.0370081
0.0352392
0.0335449
0.0319223
0.0303691
0.0288826
0.0274606
0.0261005
0.0248002
0.0235574
0.0223698
0.0212355
0.0201524
0.0191184
0.0181317
0.0171905
0.0162928
0.015437
0.0146214
0.0138443
0.0131041
0.0123994
0.0117287
0.0110905
0.0104835
0.00990626
0.00935761
0.00883628
0.00834109
0.00787087
0.00742454
0.00700102
0.0065993
0.00621838
0.00585732
0.00551522
0.00519118
0.00488437
0.00459399
0.00431925
0.00405941
0.00381376
0.0035816
0.00336229
0.00315519
0.0029597
0.00277523
0.00260125
0.00243721
0.00228261
0.00213696
0.00199981
0.0018707
0.00174922
0.00163497
0.00152755
0.00142661
0.00133178
0.00124275
0.00115918
0.00108078
0.00100727
0.000938351
0.000873782
0.00081331
0.0007567
0.000703729
0.000654184
0.000607865
0.000564581
0.000524151
0.000486403
0.000451176
0.000418317
0.000387679
0.000359126
0.000332529
0.000307764
0.000284716
0.000263276
0.000243341
0.000224814
0.000207604
0.000191624
0.000176794
0.000163037
0.000150281
0.000138461
0.000127511
0.000117373
0.000107991
9.93129e-05
9.12899e-05
8.38759e-05
7.7028e-05
7.07062e-05
6.48727e-05
5.94926e-05
5.4533e-05
4.99632e-05
4.57548e-05
4.1881e-05
3.83169e-05
3.50395e-05
3.20272e-05
2.92598e-05
2.67188e-05
2.43867e-05
2.22476e-05
2.02863e-05
1.8489e-05
1.68428e-05
1.53358e-05
1.39568e-05
1.26957e-05
1.1543e-05
1.04898e-05
9.52803e-06
8.65025e-06
7.8495e-06
7.1194e-06
6.45404e-06
5.848e-06
5.29627e-06
4.79424e-06
4.33765e-06
3.92262e-06
3.54556e-06
3.20315e-06
2.89238e-06
2.61048e-06
2.35488e-06
2.12325e-06
1.91346e-06
1.72354e-06
1.5517e-06
1.3963e-06
1.25583e-06
1.12894e-06
1.01436e-06
9.1095e-07
8.17676e-07
7.33586e-07
6.57814e-07
5.89573e-07
5.28147e-07
4.72883e-07
4.2319e-07
3.78528e-07
3.3841e-07
3.02391e-07
2.70071e-07
2.41083e-07
2.15098e-07
1.91817e-07
1.7097e-07
1.52312e-07
1.35621e-07
1.20698e-07
1.07364e-07
9.54536e-08
8.48219e-08
7.53362e-08
6.68775e-08
5.93384e-08
5.26225e-08
4.66431e-08
4.13222e-08
3.65897e-08
3.23828e-08
2.8645e-08
2.53258e-08
2.23798e-08
1.97665e-08
1.74494e-08
1.53962e-08
1.35776e-08
1.19678e-08
1.05435e-08
9.28392e-09
8.17069e-09
7.18728e-09
6.31902e-09
5.55283e-09
4.87705e-09
4.28134e-09
3.75647e-09
3.29428e-09
2.88748e-09
2.52962e-09
2.21499e-09
1.9385e-09
1.69567e-09
1.48249e-09
1.29546e-09
1.13145e-09
9.87693e-10
8.61766e-10
7.51511e-10
6.55028e-10
5.70642e-10
4.96873e-10
4.32421e-10
3.76138e-10
3.27013e-10
2.8416e-10
2.46796e-10
2.14237e-10
1.85878e-10
1.61191e-10
1.39712e-10
1.21033e-10
1.04798e-10
9.06946e-11
7.84493e-11
6.78228e-11
5.86059e-11
5.06159e-11
4.36929e-11
3.76976e-11
3.25085e-11
2.80194e-11
2.41379e-11
2.07836e-11
1.78863e-11
1.53851e-11
1.32269e-11
1.13657e-11
9.76149e-12
8.37943e-12
7.18939e-12
6.16524e-12
5.2843e-12
4.52694e-12
3.87616e-12
3.31726e-12
2.83751e-12
2.42591e-12
2.07297e-12
1.77048e-12
1.51137e-12
1.28953e-12
1.09969e-12
9.37325e-13
7.9853e-13
6.79944e-13
5.78677e-13
4.92243e-13
4.18509e-13
3.5564e-13
3.02063e-13
2.56428e-13
2.17578e-13
1.84521e-13
1.56408e-13
1.32511e-13
1.12209e-13
9.49698e-14
8.03387e-14
6.79276e-14
5.7405e-14
4.84881e-14
4.09358e-14
3.45424e-14
2.9133e-14
2.45584e-14
2.06918e-14
1.74252e-14
1.4667e-14
1.23392e-14
1.03757e-14
8.72024e-15
7.32527e-15
6.15039e-15
5.16137e-15
4.32924e-15
3.62945e-15
3.04127e-15
2.54715e-15
2.13225e-15
1.78405e-15
1.49198e-15
1.24712e-15
1.04194e-15
8.70118e-16
7.26298e-16
6.05993e-16
5.05423e-16
4.21415e-16
3.51304e-16
2.92858e-16
2.44212e-16
2.03814e-16
1.70378e-16
1.4285e-16
1.20379e-16
1.02297e-16
8.81074e-17
7.74822e-17
7.02667e-17
6.65193e-17
0.993848
0.980551
0.966216
0.951104
0.935443
0.919367
0.902974
0.886345
0.869542
0.852622
0.83563
0.818606
0.801583
0.784592
0.767656
0.7508
0.734041
0.717398
0.700885
0.684515
0.6683
0.65225
0.636374
0.620679
0.605174
0.589863
0.574754
0.559851
0.545159
0.530681
0.516422
0.502384
0.488571
0.474985
0.461628
0.448502
0.435609
0.42295
0.410526
0.398338
0.386387
0.374673
0.363197
0.351958
0.340955
0.33019
0.31966
0.309366
0.299306
0.289479
0.279884
0.270518
0.261382
0.252472
0.243787
0.235325
0.227084
0.21906
0.211252
0.203657
0.196273
0.189096
0.182124
0.175353
0.168781
0.162404
0.156219
0.150222
0.144411
0.138782
0.133331
0.128055
0.122949
0.118012
0.113238
0.108624
0.104167
0.0998631
0.095708
0.0916984
0.0878306
0.0841009
0.0805057
0.0770414
0.0737044
0.0704912
0.0673981
0.0644219
0.061559
0.058806
0.0561596
0.0536166
0.0511736
0.0488276
0.0465755
0.044414
0.0423404
0.0403516
0.0384448
0.0366172
0.0348661
0.0331887
0.0315825
0.030045
0.0285736
0.027166
0.0258199
0.0245328
0.0233028
0.0221274
0.0210048
0.0199329
0.0189097
0.0179333
0.0170018
0.0161135
0.0152667
0.0144597
0.0136908
0.0129585
0.0122613
0.0115977
0.0109663
0.0103657
0.00979472
0.00925198
0.00873627
0.00824643
0.00778132
0.00733985
0.00692095
0.00652362
0.00614688
0.0057898
0.00545146
0.00513101
0.00482761
0.00454045
0.00426878
0.00401185
0.00376895
0.00353941
0.00332258
0.00311782
0.00292455
0.00274218
0.00257018
0.00240802
0.0022552
0.00211123
0.00197566
0.00184805
0.00172798
0.00161506
0.0015089
0.00140914
0.00131543
0.00122745
0.00114487
0.0010674
0.00099476
0.000926669
0.000862873
0.000803128
0.0007472
0.000694869
0.000645925
0.000600169
0.000557412
0.000517477
0.000480192
0.000445399
0.000412945
0.000382687
0.000354489
0.000328222
0.000303767
0.000281008
0.000259838
0.000240154
0.000221861
0.000204869
0.000189093
0.000174452
0.000160871
0.00014828
0.000136611
0.000125803
0.000115796
0.000106536
9.79714e-05
9.00532e-05
8.27365e-05
7.59787e-05
6.97403e-05
6.39841e-05
5.86754e-05
5.37818e-05
4.92731e-05
4.5121e-05
4.12992e-05
3.77832e-05
3.45501e-05
3.15786e-05
2.88489e-05
2.63425e-05
2.40423e-05
2.19325e-05
1.99982e-05
1.82257e-05
1.66023e-05
1.51162e-05
1.37565e-05
1.2513e-05
1.13763e-05
1.03379e-05
9.38974e-06
8.52436e-06
7.73496e-06
7.01523e-06
6.35936e-06
5.76198e-06
5.21815e-06
4.72333e-06
4.27333e-06
3.8643e-06
3.4927e-06
3.15527e-06
2.84904e-06
2.57125e-06
2.3194e-06
2.09118e-06
1.88448e-06
1.69737e-06
1.52808e-06
1.37498e-06
1.23661e-06
1.11161e-06
9.98751e-07
8.96899e-07
8.05031e-07
7.22212e-07
6.47589e-07
5.80385e-07
5.19895e-07
4.65476e-07
4.16544e-07
3.72569e-07
3.33068e-07
2.97606e-07
2.65786e-07
2.37249e-07
2.11669e-07
1.88751e-07
1.68231e-07
1.49865e-07
1.33437e-07
1.1875e-07
1.05626e-07
9.39049e-08
8.34423e-08
7.41079e-08
6.57844e-08
5.83662e-08
5.17582e-08
4.58752e-08
4.06402e-08
3.59843e-08
3.18457e-08
2.81688e-08
2.49037e-08
2.2006e-08
1.94355e-08
1.71566e-08
1.51372e-08
1.33487e-08
1.17655e-08
1.03648e-08
9.12624e-09
8.03159e-09
7.06464e-09
6.21094e-09
5.45763e-09
4.79325e-09
4.2076e-09
3.69162e-09
3.23727e-09
2.8374e-09
2.48565e-09
2.1764e-09
1.90465e-09
1.66599e-09
1.45649e-09
1.27268e-09
1.11151e-09
9.70249e-10
8.46512e-10
7.38179e-10
6.43382e-10
5.60473e-10
4.88e-10
4.24681e-10
3.6939e-10
3.21134e-10
2.7904e-10
2.4234e-10
2.1036e-10
1.82507e-10
1.58261e-10
1.37167e-10
1.18823e-10
1.02881e-10
8.90319e-11
7.7008e-11
6.65741e-11
5.75246e-11
4.968e-11
4.28833e-11
3.69976e-11
3.19036e-11
2.74969e-11
2.36869e-11
2.03944e-11
1.75507e-11
1.50958e-11
1.29777e-11
1.11511e-11
9.57681e-12
8.22056e-12
7.05281e-12
6.04787e-12
5.1835e-12
4.44041e-12
3.80192e-12
3.2536e-12
2.78294e-12
2.37917e-12
2.03295e-12
1.73623e-12
1.48207e-12
1.26448e-12
1.07829e-12
9.19046e-13
7.82927e-13
6.66632e-13
5.67325e-13
4.82568e-13
4.10267e-13
3.48622e-13
2.96091e-13
2.51349e-13
2.1326e-13
1.80852e-13
1.53292e-13
1.29866e-13
1.09965e-13
9.30669e-14
7.87259e-14
6.65614e-14
5.62482e-14
4.75092e-14
4.01078e-14
3.38424e-14
2.85415e-14
2.40589e-14
2.02701e-14
1.70695e-14
1.4367e-14
1.20864e-14
1.01627e-14
8.5409e-15
7.17435e-15
6.02344e-15
5.05464e-15
4.23955e-15
3.55413e-15
2.97804e-15
2.49409e-15
2.08776e-15
1.74676e-15
1.46074e-15
1.22096e-15
1.02005e-15
8.51807e-16
7.1099e-16
5.93203e-16
4.94743e-16
4.12502e-16
3.43871e-16
2.86664e-16
2.39055e-16
1.99525e-16
1.66814e-16
1.39892e-16
1.17925e-16
1.0026e-16
8.64095e-17
7.60503e-17
6.90264e-17
6.53861e-17
0.99341
0.979172
0.963897
0.94791
0.931477
0.914735
0.897781
0.880688
0.863511
0.846294
0.829074
0.81188
0.794737
0.777666
0.760685
0.74381
0.727057
0.710438
0.693964
0.677646
0.661493
0.645513
0.629715
0.614105
0.598688
0.583471
0.568459
0.553656
0.539066
0.524693
0.51054
0.496611
0.482907
0.469431
0.456186
0.443172
0.430392
0.417846
0.405535
0.39346
0.381622
0.370021
0.358657
0.347529
0.336638
0.325983
0.315563
0.305377
0.295424
0.285703
0.276213
0.266951
0.257917
0.249108
0.240522
0.232158
0.224013
0.216084
0.208369
0.200865
0.19357
0.18648
0.179594
0.172907
0.166417
0.16012
0.154014
0.148094
0.142357
0.136801
0.131421
0.126214
0.121176
0.116303
0.111593
0.107041
0.102644
0.0983985
0.0942999
0.0903451
0.0865305
0.0828523
0.0793069
0.0758909
0.0726005
0.0694324
0.066383
0.0634489
0.0606267
0.057913
0.0553045
0.052798
0.0503903
0.0480782
0.0458588
0.0437289
0.0416855
0.0397259
0.0378472
0.0360466
0.0343213
0.0326689
0.0310866
0.029572
0.0281227
0.0267363
0.0254104
0.0241428
0.0229314
0.0217739
0.0206684
0.0196129
0.0186053
0.0176439
0.0167268
0.0158522
0.0150185
0.014224
0.0134671
0.0127462
0.0120599
0.0114068
0.0107853
0.0101942
0.00963227
0.00909814
0.00859064
0.00810862
0.00765095
0.00721655
0.00680439
0.00641347
0.00604283
0.00569153
0.0053587
0.00504347
0.00474503
0.00446258
0.00419538
0.00394268
0.0037038
0.00347807
0.00326484
0.00306349
0.00287345
0.00269415
0.00252504
0.00236561
0.00221537
0.00207385
0.00194058
0.00181515
0.00169714
0.00158616
0.00148182
0.00138378
0.0012917
0.00120524
0.0011241
0.00104798
0.000976613
0.000909718
0.000847045
0.000788355
0.000733419
0.000682017
0.000633946
0.000589008
0.000547018
0.0005078
0.000471188
0.000437024
0.000405159
0.000375451
0.000347768
0.000321982
0.000297976
0.000275636
0.000254857
0.000235538
0.000217585
0.00020091
0.000185428
0.000171061
0.000157736
0.000145382
0.000133934
0.000123331
0.000113514
0.000104431
9.60303e-05
8.82641e-05
8.10882e-05
7.44609e-05
6.83433e-05
6.26989e-05
5.74936e-05
5.26956e-05
4.82752e-05
4.42047e-05
4.04583e-05
3.70118e-05
3.38428e-05
3.09303e-05
2.8255e-05
2.57988e-05
2.35448e-05
2.14774e-05
1.95821e-05
1.78455e-05
1.6255e-05
1.47991e-05
1.34671e-05
1.22491e-05
1.11358e-05
1.01188e-05
9.19015e-06
8.34268e-06
7.56966e-06
6.86492e-06
6.22274e-06
5.63786e-06
5.10546e-06
4.62106e-06
4.18056e-06
3.78019e-06
3.41647e-06
3.08623e-06
2.78653e-06
2.51469e-06
2.26825e-06
2.04494e-06
1.84271e-06
1.65965e-06
1.49403e-06
1.34427e-06
1.20892e-06
1.08665e-06
9.76268e-07
8.76657e-07
7.86816e-07
7.0583e-07
6.32862e-07
5.67154e-07
5.08013e-07
4.54811e-07
4.06976e-07
3.63989e-07
3.25379e-07
2.90719e-07
2.5962e-07
2.31731e-07
2.06733e-07
1.8434e-07
1.64289e-07
1.46345e-07
1.30295e-07
1.15947e-07
1.03127e-07
9.16775e-08
8.14582e-08
7.23415e-08
6.42126e-08
5.69683e-08
5.05156e-08
4.47711e-08
3.96598e-08
3.51142e-08
3.10738e-08
2.74844e-08
2.42972e-08
2.14687e-08
1.89599e-08
1.67358e-08
1.4765e-08
1.30197e-08
1.14749e-08
1.01082e-08
8.89977e-09
7.83182e-09
6.88851e-09
6.05574e-09
5.32094e-09
4.67292e-09
4.10173e-09
3.59853e-09
3.15545e-09
2.76552e-09
2.42254e-09
2.12101e-09
1.85607e-09
1.6234e-09
1.41917e-09
1.24e-09
1.0829e-09
9.45225e-10
8.2463e-10
7.19055e-10
6.26677e-10
5.45889e-10
4.75273e-10
4.13582e-10
3.59715e-10
3.12704e-10
2.71699e-10
2.35951e-10
2.04802e-10
1.77674e-10
1.54062e-10
1.33519e-10
1.15657e-10
1.00133e-10
8.66492e-11
7.49427e-11
6.47848e-11
5.59753e-11
4.83391e-11
4.17235e-11
3.59949e-11
3.10371e-11
2.67486e-11
2.30409e-11
1.9837e-11
1.707e-11
1.46815e-11
1.26208e-11
1.08439e-11
9.31238e-12
7.99312e-12
6.85728e-12
5.87986e-12
5.03921e-12
4.31656e-12
3.69566e-12
3.16248e-12
2.70485e-12
2.31227e-12
1.97567e-12
1.68722e-12
1.44015e-12
1.22864e-12
1.04767e-12
8.92897e-13
7.60608e-13
6.47591e-13
5.51089e-13
4.68731e-13
3.9848e-13
3.38587e-13
2.87551e-13
2.44085e-13
2.07085e-13
1.75606e-13
1.48837e-13
1.26085e-13
1.06757e-13
9.03467e-14
7.64205e-14
6.46085e-14
5.45949e-14
4.61101e-14
3.89244e-14
3.28421e-14
2.76963e-14
2.33451e-14
1.96676e-14
1.65612e-14
1.39384e-14
1.17251e-14
9.85839e-15
8.2847e-15
6.95875e-15
5.8421e-15
4.9022e-15
4.11146e-15
3.44655e-15
2.88774e-15
2.41833e-15
2.02423e-15
1.69351e-15
1.41613e-15
1.18361e-15
9.888e-16
8.25665e-16
6.89137e-16
5.74944e-16
4.79497e-16
3.99779e-16
3.33261e-16
2.77823e-16
2.31694e-16
1.93402e-16
1.61727e-16
1.35669e-16
1.14422e-16
9.73516e-17
8.39851e-17
7.40053e-17
6.72543e-17
6.37666e-17
0.992784
0.977183
0.960595
0.943437
0.925999
0.908412
0.89076
0.873099
0.855471
0.837903
0.820417
0.80303
0.785753
0.768598
0.751573
0.734689
0.717953
0.701373
0.684957
0.668712
0.652645
0.636761
0.621067
0.605568
0.59027
0.575176
0.560291
0.545619
0.531164
0.516928
0.502915
0.489127
0.475567
0.462236
0.449136
0.436269
0.423635
0.411236
0.399073
0.387146
0.375455
0.364001
0.352783
0.341801
0.331054
0.320542
0.310264
0.300219
0.290406
0.280823
0.271469
0.262343
0.253441
0.244763
0.236307
0.228069
0.220048
0.212242
0.204647
0.197262
0.190083
0.183107
0.176331
0.169753
0.16337
0.157177
0.151172
0.145351
0.139711
0.134249
0.12896
0.123843
0.118892
0.114104
0.109476
0.105004
0.100685
0.096514
0.0924885
0.0886045
0.0848584
0.0812466
0.0777656
0.0744118
0.0711817
0.0680717
0.0650786
0.0621988
0.059429
0.0567659
0.0542063
0.0517469
0.0493845
0.0471162
0.0449389
0.0428495
0.0408452
0.0389231
0.0370805
0.0353146
0.0336227
0.0320023
0.0304508
0.0289657
0.0275447
0.0261855
0.0248857
0.0236431
0.0224556
0.0213211
0.0202375
0.019203
0.0182156
0.0172734
0.0163748
0.0155178
0.0147009
0.0139225
0.013181
0.0124748
0.0118025
0.0111626
0.0105539
0.00997502
0.00942463
0.00890153
0.00840455
0.00793253
0.00748439
0.00705907
0.00665554
0.00627282
0.00590997
0.00556609
0.0052403
0.00493176
0.00463966
0.00436324
0.00410175
0.00385447
0.00362072
0.00339985
0.00319123
0.00299425
0.00280834
0.00263294
0.00246753
0.00231159
0.00216465
0.00202624
0.00189592
0.00177327
0.00165788
0.00154936
0.00144736
0.00135152
0.0012615
0.00117699
0.00109768
0.00102329
0.00095354
0.000888169
0.000826928
0.000769583
0.000715908
0.000665691
0.000618729
0.000574832
0.000533818
0.000495514
0.000459758
0.000426394
0.000395278
0.00036627
0.000339241
0.000314067
0.000290631
0.000268824
0.000248541
0.000229685
0.000212164
0.000195891
0.000180784
0.000166766
0.000153764
0.000141711
0.000130544
0.0001202
0.000110626
0.000101766
9.35734e-05
8.59999e-05
7.90026e-05
7.25407e-05
6.65761e-05
6.10734e-05
5.59991e-05
5.13222e-05
4.70137e-05
4.30465e-05
3.93955e-05
3.60369e-05
3.2949e-05
3.01114e-05
2.75049e-05
2.51121e-05
2.29164e-05
2.09027e-05
1.90568e-05
1.73655e-05
1.58167e-05
1.4399e-05
1.31021e-05
1.19162e-05
1.08324e-05
9.84234e-06
8.93844e-06
8.11359e-06
7.36127e-06
6.67544e-06
6.05054e-06
5.48145e-06
4.96345e-06
4.4922e-06
4.06368e-06
3.67424e-06
3.32047e-06
2.99929e-06
2.70784e-06
2.44349e-06
2.20387e-06
1.98675e-06
1.79014e-06
1.61218e-06
1.45119e-06
1.30563e-06
1.17408e-06
1.05526e-06
9.47997e-07
8.51208e-07
7.63919e-07
6.85238e-07
6.14353e-07
5.50526e-07
4.93082e-07
4.41411e-07
3.94956e-07
3.53213e-07
3.15723e-07
2.8207e-07
2.51877e-07
2.24803e-07
2.00538e-07
1.78802e-07
1.59342e-07
1.41928e-07
1.26353e-07
1.1243e-07
9.99915e-08
8.88838e-08
7.89701e-08
7.01266e-08
6.22419e-08
5.52158e-08
4.8958e-08
4.33874e-08
3.84312e-08
3.40238e-08
3.01067e-08
2.6627e-08
2.35375e-08
2.07959e-08
1.83643e-08
1.62088e-08
1.42991e-08
1.26079e-08
1.11111e-08
9.78701e-09
8.61634e-09
7.58183e-09
6.66814e-09
5.86158e-09
5.14995e-09
4.52241e-09
3.96933e-09
3.48211e-09
3.05313e-09
2.67565e-09
2.34364e-09
2.05178e-09
1.79536e-09
1.57018e-09
1.37254e-09
1.19917e-09
1.04717e-09
9.13963e-10
7.97298e-10
6.9517e-10
6.05816e-10
5.27678e-10
4.59384e-10
3.99725e-10
3.47637e-10
3.02183e-10
2.62538e-10
2.27978e-10
1.97867e-10
1.71645e-10
1.48823e-10
1.28969e-10
1.11707e-10
9.67066e-11
8.36778e-11
7.23674e-11
6.25539e-11
5.40438e-11
4.66676e-11
4.02778e-11
3.47451e-11
2.99572e-11
2.5816e-11
2.2236e-11
1.91426e-11
1.64713e-11
1.41655e-11
1.21764e-11
1.04612e-11
8.98309e-12
7.70991e-12
6.61383e-12
5.6707e-12
4.85959e-12
4.16239e-12
3.56342e-12
3.04909e-12
2.60768e-12
2.22904e-12
1.90442e-12
1.62625e-12
1.38801e-12
1.18407e-12
1.00959e-12
8.60379e-13
7.32854e-13
6.23915e-13
5.30903e-13
4.51529e-13
3.83828e-13
3.26114e-13
2.76938e-13
2.35059e-13
1.99413e-13
1.69088e-13
1.43302e-13
1.21387e-13
1.02772e-13
8.6968e-14
7.35573e-14
6.21834e-14
5.25418e-14
4.43729e-14
3.74553e-14
3.16002e-14
2.66471e-14
2.24591e-14
1.89199e-14
1.59304e-14
1.34065e-14
1.12769e-14
9.48085e-15
7.96686e-15
6.6913e-15
5.61717e-15
4.71311e-15
3.95259e-15
3.31314e-15
2.77576e-15
2.32439e-15
1.94546e-15
1.6275e-15
1.36084e-15
1.13732e-15
9.50062e-16
7.93267e-16
6.62055e-16
5.52319e-16
4.60606e-16
3.84016e-16
3.20116e-16
2.6687e-16
2.22576e-16
1.85819e-16
1.55426e-16
1.30439e-16
1.10083e-16
9.37484e-17
8.09803e-17
7.14696e-17
6.5056e-17
6.17563e-17
0.991931
0.974403
0.956088
0.937482
0.918851
0.900287
0.881847
0.863561
0.845447
0.82751
0.809752
0.792173
0.77477
0.757543
0.74049
0.723613
0.706913
0.690394
0.674058
0.65791
0.641952
0.626189
0.610626
0.595266
0.580113
0.56517
0.550442
0.535931
0.52164
0.507572
0.493729
0.480114
0.466728
0.453573
0.44065
0.427961
0.415506
0.403286
0.391302
0.379554
0.368042
0.356765
0.345724
0.334919
0.324347
0.314009
0.303903
0.294029
0.284385
0.274969
0.265779
0.256815
0.248075
0.239555
0.231254
0.223169
0.215299
0.207641
0.200191
0.192948
0.185909
0.179069
0.172428
0.165981
0.159725
0.153657
0.147774
0.142072
0.136549
0.1312
0.126022
0.121011
0.116165
0.111478
0.106949
0.102573
0.0983465
0.0942661
0.0903281
0.0865289
0.082865
0.0793328
0.0759288
0.0726495
0.0694914
0.0664512
0.0635253
0.0607104
0.0580034
0.0554008
0.0528995
0.0504963
0.0481882
0.0459721
0.0438451
0.0418041
0.0398464
0.0379691
0.0361695
0.034445
0.0327929
0.0312107
0.0296958
0.028246
0.0268588
0.0255319
0.0242631
0.0230503
0.0218913
0.0207841
0.0197267
0.0187173
0.0177538
0.0168345
0.0159578
0.0151218
0.0143249
0.0135656
0.0128423
0.0121535
0.0114978
0.0108738
0.0102803
0.00971578
0.00917913
0.00866913
0.00818462
0.00772448
0.00728764
0.00687306
0.00647976
0.00610676
0.00575316
0.00541805
0.0051006
0.00479997
0.00451539
0.00424609
0.00399136
0.00375049
0.00352281
0.00330769
0.00310452
0.0029127
0.00273166
0.00256088
0.00239983
0.00224802
0.00210497
0.00197024
0.0018434
0.00172402
0.00161172
0.00150612
0.00140687
0.00131361
0.00122603
0.00114381
0.00106667
0.000994304
0.000926462
0.000862884
0.000803328
0.000747564
0.000695373
0.000646549
0.000600893
0.00055822
0.000518352
0.000481122
0.00044637
0.000413947
0.00038371
0.000355524
0.000329263
0.000304806
0.000282039
0.000260857
0.000241156
0.000222844
0.000205828
0.000190026
0.000175358
0.000161748
0.000149126
0.000137426
0.000126586
0.000116547
0.000107255
9.86576e-05
9.07075e-05
8.33594e-05
7.65707e-05
7.03021e-05
6.45165e-05
5.91792e-05
5.42579e-05
4.97224e-05
4.55445e-05
4.1698e-05
3.81582e-05
3.49023e-05
3.1909e-05
2.91585e-05
2.66324e-05
2.43135e-05
2.21858e-05
2.02346e-05
1.84462e-05
1.68077e-05
1.53073e-05
1.39342e-05
1.26781e-05
1.15296e-05
1.04801e-05
9.52146e-06
8.64631e-06
7.84776e-06
7.11949e-06
6.45565e-06
5.85084e-06
5.30009e-06
4.79883e-06
4.34284e-06
3.92824e-06
3.55148e-06
3.20926e-06
2.89859e-06
2.6167e-06
2.36106e-06
2.12934e-06
1.9194e-06
1.72931e-06
1.55727e-06
1.40164e-06
1.26094e-06
1.1338e-06
1.01897e-06
9.15317e-07
8.21794e-07
7.37459e-07
6.61447e-07
5.92973e-07
5.31321e-07
4.75841e-07
4.2594e-07
3.81081e-07
3.40775e-07
3.04579e-07
2.72091e-07
2.42945e-07
2.16813e-07
1.93394e-07
1.72417e-07
1.53639e-07
1.36836e-07
1.2181e-07
1.08379e-07
9.63797e-08
8.56659e-08
7.61046e-08
6.75762e-08
5.99731e-08
5.31985e-08
4.71653e-08
4.17951e-08
3.70176e-08
3.27696e-08
2.89943e-08
2.56409e-08
2.26639e-08
2.00224e-08
1.76797e-08
1.56032e-08
1.37636e-08
1.21348e-08
1.06932e-08
9.41812e-09
8.29085e-09
7.2948e-09
6.41515e-09
5.6387e-09
4.9537e-09
4.34971e-09
3.81741e-09
3.34855e-09
2.93578e-09
2.57258e-09
2.25317e-09
1.97241e-09
1.72576e-09
1.50918e-09
1.31911e-09
1.15239e-09
1.00622e-09
8.78154e-10
7.65994e-10
6.67819e-10
5.8193e-10
5.0683e-10
4.41196e-10
3.83866e-10
3.33816e-10
2.90144e-10
2.52057e-10
2.18858e-10
1.89935e-10
1.64751e-10
1.42833e-10
1.23768e-10
1.07193e-10
9.27904e-11
8.02823e-11
6.94249e-11
6.00054e-11
5.18375e-11
4.47587e-11
3.86269e-11
3.33182e-11
2.87245e-11
2.47516e-11
2.13173e-11
1.83502e-11
1.57881e-11
1.35768e-11
1.16693e-11
1.00247e-11
8.60756e-12
7.38698e-12
6.33627e-12
5.43226e-12
4.65486e-12
3.9867e-12
3.41272e-12
2.91989e-12
2.49697e-12
2.13423e-12
1.82326e-12
1.55681e-12
1.32863e-12
1.13332e-12
9.66235e-13
8.23366e-13
7.01268e-13
5.96974e-13
5.07935e-13
4.31958e-13
3.67161e-13
3.11927e-13
2.64868e-13
2.24796e-13
1.9069e-13
1.61677e-13
1.3701e-13
1.16048e-13
9.82434e-14
8.31288e-14
7.03043e-14
5.94284e-14
5.02098e-14
4.23999e-14
3.57869e-14
3.01901e-14
2.54559e-14
2.14533e-14
1.80711e-14
1.52144e-14
1.2803e-14
1.07683e-14
9.05251e-15
7.60629e-15
6.38793e-15
5.36205e-15
4.49868e-15
3.77245e-15
3.16189e-15
2.64882e-15
2.21791e-15
1.85618e-15
1.55269e-15
1.29818e-15
1.08487e-15
9.06175e-16
7.56566e-16
6.3138e-16
5.26694e-16
4.39212e-16
3.66166e-16
3.05233e-16
2.5447e-16
2.12253e-16
1.77233e-16
1.48292e-16
1.24517e-16
1.05168e-16
8.96663e-17
7.75743e-17
6.85932e-17
6.25601e-17
5.94722e-17
0.990737
0.970474
0.950025
0.929781
0.909846
0.890245
0.870994
0.852086
0.833502
0.815221
0.79722
0.779478
0.761979
0.744707
0.727653
0.710809
0.694172
0.677738
0.661507
0.64548
0.629657
0.614041
0.598633
0.583437
0.568456
0.553691
0.539146
0.524822
0.510723
0.49685
0.483205
0.46979
0.456607
0.443656
0.430938
0.418455
0.406207
0.394195
0.382418
0.370876
0.35957
0.3485
0.337663
0.327061
0.316691
0.306553
0.296646
0.286968
0.277518
0.268295
0.259295
0.250518
0.241962
0.233624
0.225502
0.217593
0.209896
0.202407
0.195124
0.188044
0.181164
0.174482
0.167994
0.161696
0.155587
0.149662
0.143919
0.138353
0.132962
0.127742
0.12269
0.117802
0.113075
0.108504
0.104088
0.0998206
0.0957001
0.0917225
0.0878841
0.0841815
0.0806111
0.0771694
0.073853
0.0706584
0.0675822
0.064621
0.0617715
0.0590305
0.0563946
0.0538606
0.0514255
0.0490862
0.0468395
0.0446826
0.0426125
0.0406264
0.0387214
0.0368948
0.035144
0.0334663
0.0318592
0.0303202
0.0288468
0.0274367
0.0260877
0.0247974
0.0235637
0.0223845
0.0212577
0.0201813
0.0191534
0.0181721
0.0172357
0.0163422
0.0154901
0.0146777
0.0139034
0.0131656
0.0124628
0.0117937
0.0111567
0.0105506
0.00997401
0.00942574
0.00890454
0.00840925
0.00793875
0.00749194
0.00706779
0.00666528
0.00628345
0.00592136
0.00557812
0.00525286
0.00494475
0.00465299
0.00437682
0.00411551
0.00386834
0.00363464
0.00341376
0.00320508
0.00300799
0.00282193
0.00264635
0.00248073
0.00232455
0.00217734
0.00203865
0.00190802
0.00178505
0.00166933
0.00156048
0.00145813
0.00136194
0.00127156
0.0011867
0.00110703
0.00103229
0.000962186
0.000896466
0.000834882
0.000777199
0.000723193
0.000672652
0.000625374
0.000581168
0.000539853
0.000501257
0.000465218
0.000431581
0.0004002
0.000370938
0.000343663
0.000318252
0.000294589
0.000272564
0.000252072
0.000233016
0.000215304
0.000198848
0.000183567
0.000169383
0.000156224
0.000144021
0.000132711
0.000122232
0.000112529
0.000103549
9.52408e-05
8.75587e-05
8.04589e-05
7.39002e-05
6.78445e-05
6.22558e-05
5.71007e-05
5.23478e-05
4.79679e-05
4.39337e-05
4.02197e-05
3.68023e-05
3.36592e-05
3.07699e-05
2.81152e-05
2.56772e-05
2.34394e-05
2.13864e-05
1.95038e-05
1.77784e-05
1.61979e-05
1.47507e-05
1.34263e-05
1.22149e-05
1.11074e-05
1.00954e-05
9.17117e-06
8.32748e-06
7.55772e-06
6.85577e-06
6.21596e-06
5.63311e-06
5.1024e-06
4.61943e-06
4.18011e-06
3.78072e-06
3.4178e-06
3.08819e-06
2.78899e-06
2.51754e-06
2.27138e-06
2.04827e-06
1.84617e-06
1.66318e-06
1.49758e-06
1.3478e-06
1.2124e-06
1.09005e-06
9.79568e-07
8.79841e-07
7.89872e-07
7.08749e-07
6.35639e-07
5.69786e-07
5.10499e-07
4.57151e-07
4.09174e-07
3.66047e-07
3.27302e-07
2.9251e-07
2.61286e-07
2.33277e-07
2.08165e-07
1.85663e-07
1.65511e-07
1.47471e-07
1.31331e-07
1.16898e-07
1.03999e-07
9.24768e-08
8.21894e-08
7.30095e-08
6.4822e-08
5.75236e-08
5.10211e-08
4.52307e-08
4.00771e-08
3.54927e-08
3.14168e-08
2.77949e-08
2.4578e-08
2.17224e-08
1.91889e-08
1.69422e-08
1.4951e-08
1.31871e-08
1.16253e-08
1.02434e-08
9.02111e-09
7.94064e-09
6.98602e-09
6.14304e-09
5.39903e-09
4.74272e-09
4.16407e-09
3.65416e-09
3.20506e-09
2.80972e-09
2.46189e-09
2.15602e-09
1.8872e-09
1.65105e-09
1.44371e-09
1.26177e-09
1.1022e-09
9.62314e-10
8.39756e-10
7.32433e-10
6.38501e-10
5.56332e-10
4.84491e-10
4.21712e-10
3.66881e-10
3.19016e-10
2.77255e-10
2.40838e-10
2.09097e-10
1.81448e-10
1.57374e-10
1.36425e-10
1.18205e-10
1.02366e-10
8.86038e-11
7.6653e-11
6.62805e-11
5.72823e-11
4.94806e-11
4.27198e-11
3.68639e-11
3.17946e-11
2.74085e-11
2.36155e-11
2.0337e-11
1.75048e-11
1.50593e-11
1.29489e-11
1.11287e-11
9.5594e-12
8.20727e-12
7.04281e-12
6.04051e-12
5.17822e-12
4.43678e-12
3.79958e-12
3.25224e-12
2.78234e-12
2.37913e-12
2.03332e-12
1.7369e-12
1.48294e-12
1.26547e-12
1.07935e-12
9.20136e-13
7.84012e-13
6.6769e-13
5.68339e-13
4.83527e-13
4.11165e-13
3.49455e-13
2.96858e-13
2.5205e-13
2.13898e-13
1.81429e-13
1.53812e-13
1.30333e-13
1.10382e-13
9.34387e-14
7.90562e-14
6.6854e-14
5.65068e-14
4.77371e-14
4.03083e-14
3.40184e-14
2.86957e-14
2.41937e-14
2.03878e-14
1.7172e-14
1.44562e-14
1.21638e-14
1.02298e-14
8.59905e-15
7.22463e-15
6.06687e-15
5.0921e-15
4.27182e-15
3.5819e-15
3.00191e-15
2.51458e-15
2.10532e-15
1.7618e-15
1.47361e-15
1.23196e-15
1.02944e-15
8.59805e-16
7.17794e-16
5.98978e-16
4.99631e-16
4.16621e-16
3.47319e-16
2.8952e-16
2.41379e-16
2.01355e-16
1.68168e-16
1.40759e-16
1.18261e-16
9.99749e-17
8.53491e-17
7.39683e-17
6.55437e-17
5.99099e-17
5.70439e-17
0.988648
0.964603
0.941895
0.920026
0.898795
0.878193
0.858193
0.838736
0.819759
0.801205
0.783024
0.765176
0.747627
0.730354
0.713335
0.696559
0.680013
0.663693
0.647593
0.631712
0.616049
0.600602
0.585375
0.570367
0.55558
0.541016
0.526677
0.512565
0.498681
0.485027
0.471604
0.458413
0.445456
0.432733
0.420245
0.407992
0.395975
0.384193
0.372647
0.361336
0.35026
0.339418
0.328809
0.318433
0.308288
0.298372
0.288686
0.279226
0.269991
0.260981
0.252192
0.243622
0.23527
0.227133
0.219208
0.211494
0.203988
0.196687
0.189588
0.182688
0.175985
0.169475
0.163155
0.157023
0.151075
0.145307
0.139718
0.134302
0.129057
0.123979
0.119065
0.114311
0.109714
0.105271
0.100977
0.0968301
0.0928257
0.0889606
0.0852312
0.0816342
0.078166
0.0748233
0.0716026
0.0685004
0.0655136
0.0626387
0.0598726
0.057212
0.0546536
0.0521945
0.0498315
0.0475616
0.0453819
0.0432894
0.0412812
0.0393547
0.0375071
0.0357356
0.0340377
0.0324109
0.0308526
0.0293604
0.027932
0.0265651
0.0252574
0.0240067
0.022811
0.0216682
0.0205762
0.0195332
0.0185372
0.0175864
0.0166792
0.0158136
0.0149882
0.0142013
0.0134513
0.0127367
0.0120561
0.0114081
0.0107913
0.0102044
0.00964615
0.00911534
0.00861077
0.00813132
0.00767589
0.00724342
0.00683291
0.00644337
0.00607386
0.00572349
0.00539137
0.00507667
0.00477858
0.00449634
0.00422919
0.00397643
0.00373736
0.00351134
0.00329774
0.00309594
0.00290537
0.00272547
0.00255572
0.0023956
0.00224463
0.00210234
0.00196828
0.00184204
0.0017232
0.00161137
0.00150619
0.0014073
0.00131437
0.00122706
0.00114509
0.00106814
0.000995947
0.000928244
0.00086478
0.000805313
0.000749618
0.000697476
0.000648684
0.000603045
0.000560376
0.0005205
0.000483251
0.000448473
0.000416015
0.000385736
0.000357504
0.000331191
0.000306679
0.000283854
0.000262611
0.000242849
0.000224473
0.000207394
0.000191528
0.000176795
0.000163121
0.000150437
0.000138675
0.000127774
0.000117676
0.000108326
9.96731e-05
9.16687e-05
8.4268e-05
7.74287e-05
7.11113e-05
6.52788e-05
5.98966e-05
5.49324e-05
5.03559e-05
4.61389e-05
4.2255e-05
3.86798e-05
3.53902e-05
3.23651e-05
2.95844e-05
2.70297e-05
2.46838e-05
2.25308e-05
2.05556e-05
1.87446e-05
1.7085e-05
1.55647e-05
1.41729e-05
1.28993e-05
1.17345e-05
1.06696e-05
9.69673e-06
8.80824e-06
7.99727e-06
7.25741e-06
6.58279e-06
5.96795e-06
5.4079e-06
4.89799e-06
4.43399e-06
4.01197e-06
3.62833e-06
3.27975e-06
2.96321e-06
2.67589e-06
2.41523e-06
2.17889e-06
1.9647e-06
1.77069e-06
1.59504e-06
1.4361e-06
1.29236e-06
1.16243e-06
1.04504e-06
9.39032e-07
8.43358e-07
7.57055e-07
6.79243e-07
6.09124e-07
5.4597e-07
4.89118e-07
4.37967e-07
3.91969e-07
3.50625e-07
3.13485e-07
2.80137e-07
2.50212e-07
2.2337e-07
1.99308e-07
1.77748e-07
1.5844e-07
1.41159e-07
1.25699e-07
1.11875e-07
9.95218e-08
8.84876e-08
7.86371e-08
6.98477e-08
6.20094e-08
5.50228e-08
4.87987e-08
4.32567e-08
3.83247e-08
3.39378e-08
3.00378e-08
2.65725e-08
2.3495e-08
2.07634e-08
1.83401e-08
1.61914e-08
1.42871e-08
1.26004e-08
1.11072e-08
9.78598e-09
8.61752e-09
7.58472e-09
6.6723e-09
5.86666e-09
5.15567e-09
4.52854e-09
3.97567e-09
3.48852e-09
3.0595e-09
2.68188e-09
2.34967e-09
2.05757e-09
1.80086e-09
1.57537e-09
1.37742e-09
1.20372e-09
1.0514e-09
9.17881e-10
8.00911e-10
6.98491e-10
6.08858e-10
5.30457e-10
4.61916e-10
4.02027e-10
3.49724e-10
3.04071e-10
2.64243e-10
2.29514e-10
1.99249e-10
1.72886e-10
1.49935e-10
1.29965e-10
1.12597e-10
9.7501e-11
8.43857e-11
7.29974e-11
6.31139e-11
5.45409e-11
4.71084e-11
4.06681e-11
3.50904e-11
3.02623e-11
2.60853e-11
2.24733e-11
1.93517e-11
1.66552e-11
1.43272e-11
1.23183e-11
1.05858e-11
9.09227e-12
7.80552e-12
6.69748e-12
5.74381e-12
4.92345e-12
4.21812e-12
3.612e-12
3.09141e-12
2.64451e-12
2.26108e-12
1.93226e-12
1.65042e-12
1.40898e-12
1.20226e-12
1.02534e-12
8.74019e-13
7.44653e-13
6.34114e-13
5.39712e-13
4.59132e-13
3.90386e-13
3.31766e-13
2.81807e-13
2.3925e-13
2.03017e-13
1.72185e-13
1.45962e-13
1.23671e-13
1.04731e-13
8.8647e-14
7.49955e-14
6.34146e-14
5.3595e-14
4.52733e-14
3.82245e-14
3.2257e-14
2.72075e-14
2.2937e-14
1.93271e-14
1.62772e-14
1.37017e-14
1.1528e-14
9.69425e-15
8.14815e-15
6.84521e-15
5.74775e-15
4.82384e-15
4.04642e-15
3.39261e-15
2.84302e-15
2.38129e-15
1.99355e-15
1.66813e-15
1.39514e-15
1.16626e-15
9.74458e-16
8.13817e-16
6.79349e-16
5.66855e-16
4.72805e-16
3.94231e-16
3.28642e-16
2.7395e-16
2.28407e-16
1.90556e-16
1.59184e-16
1.3329e-16
1.12055e-16
9.48164e-17
8.1054e-17
7.03727e-17
6.24945e-17
5.7252e-17
5.4603e-17
0.984962
0.955728
0.931017
0.907757
0.885409
0.864009
0.843461
0.823633
0.804411
0.785704
0.767441
0.749565
0.732032
0.714809
0.69787
0.681197
0.664776
0.648597
0.632654
0.616943
0.60146
0.586205
0.571178
0.556377
0.541805
0.527462
0.513349
0.499467
0.485818
0.472402
0.45922
0.446273
0.433561
0.421085
0.408846
0.396842
0.385075
0.373543
0.362246
0.351184
0.340356
0.329761
0.319398
0.309265
0.299362
0.289686
0.280237
0.271012
0.262009
0.253227
0.244664
0.236317
0.228184
0.220263
0.21255
0.205045
0.197743
0.190642
0.18374
0.177032
0.170518
0.164192
0.158053
0.152097
0.146321
0.140721
0.135295
0.130038
0.124948
0.120021
0.115254
0.110643
0.106185
0.101876
0.0977135
0.0936931
0.0898116
0.0860656
0.0824517
0.0789664
0.0756063
0.0723681
0.0692484
0.0662439
0.0633514
0.0605676
0.0578893
0.0553134
0.0528368
0.0504564
0.0481693
0.0459724
0.043863
0.0418382
0.0398951
0.0380312
0.0362437
0.03453
0.0328877
0.0313141
0.029807
0.0283639
0.0269826
0.0256608
0.0243963
0.0231871
0.0220311
0.0209262
0.0198706
0.0188624
0.0178997
0.0169808
0.016104
0.0152675
0.0144698
0.0137094
0.0129847
0.0122943
0.0116368
0.0110107
0.0104149
0.00984793
0.00930871
0.008796
0.00830868
0.00784563
0.00740581
0.0069882
0.0065918
0.00621567
0.00585891
0.00552064
0.00520001
0.00489621
0.00460847
0.00433603
0.00407819
0.00383424
0.00360352
0.00338541
0.00317928
0.00298456
0.00280069
0.00262713
0.00246336
0.00230889
0.00216326
0.00202601
0.00189671
0.00177496
0.00166035
0.00155251
0.00145108
0.00135573
0.00126613
0.00118196
0.00110292
0.00102875
0.00095916
0.000893904
0.000832736
0.000775425
0.000721752
0.000671507
0.000624493
0.00058052
0.00053941
0.000500995
0.000465113
0.000431612
0.000400349
0.000371187
0.000343997
0.000318658
0.000295054
0.000273077
0.000252624
0.000233598
0.000215908
0.000199468
0.000184196
0.000170016
0.000156856
0.000144649
0.000133331
0.000122842
0.000113126
0.000104131
9.58064e-05
8.81066e-05
8.0988e-05
7.44099e-05
6.83342e-05
6.27252e-05
5.75496e-05
5.27763e-05
4.83761e-05
4.43218e-05
4.05881e-05
3.71514e-05
3.39895e-05
3.10819e-05
2.84095e-05
2.59545e-05
2.37003e-05
2.16315e-05
1.97338e-05
1.79939e-05
1.63996e-05
1.49393e-05
1.36024e-05
1.23792e-05
1.12606e-05
1.0238e-05
9.30379e-06
8.45071e-06
7.6721e-06
6.96184e-06
6.31424e-06
5.72408e-06
5.18654e-06
4.69717e-06
4.25188e-06
3.84692e-06
3.47881e-06
3.14438e-06
2.84069e-06
2.56507e-06
2.31504e-06
2.08835e-06
1.88292e-06
1.69686e-06
1.52843e-06
1.37603e-06
1.23821e-06
1.11364e-06
1.0011e-06
8.99489e-07
8.07785e-07
7.25069e-07
6.50497e-07
5.83303e-07
5.22788e-07
4.68316e-07
4.19309e-07
3.75243e-07
3.35639e-07
3.00064e-07
2.68124e-07
2.39464e-07
2.1376e-07
1.90719e-07
1.70076e-07
1.5159e-07
1.35046e-07
1.20246e-07
1.07015e-07
9.51907e-08
8.46305e-08
7.52038e-08
6.67932e-08
5.92933e-08
5.26088e-08
4.66543e-08
4.13528e-08
3.66351e-08
3.24392e-08
2.87093e-08
2.53953e-08
2.24525e-08
1.98407e-08
1.75237e-08
1.54695e-08
1.36491e-08
1.20369e-08
1.06096e-08
9.34689e-09
8.23024e-09
7.24331e-09
6.37149e-09
5.60175e-09
4.9225e-09
4.32341e-09
3.7953e-09
3.33e-09
2.92026e-09
2.55963e-09
2.2424e-09
1.96348e-09
1.71838e-09
1.50311e-09
1.31414e-09
1.14834e-09
1.00295e-09
8.75516e-10
7.63888e-10
6.66152e-10
5.80626e-10
5.05822e-10
4.40431e-10
3.83299e-10
3.33407e-10
2.89863e-10
2.51877e-10
2.18757e-10
1.89896e-10
1.64758e-10
1.42876e-10
1.23837e-10
1.0728e-10
9.28894e-11
8.03883e-11
6.95343e-11
6.01152e-11
5.19456e-11
4.48634e-11
3.87271e-11
3.34131e-11
2.88136e-11
2.48347e-11
2.13943e-11
1.84212e-11
1.58532e-11
1.36363e-11
1.17234e-11
1.00737e-11
8.65184e-12
7.42686e-12
6.37209e-12
5.46435e-12
4.68355e-12
4.01228e-12
3.43549e-12
2.94012e-12
2.51491e-12
2.1501e-12
1.83728e-12
1.56918e-12
1.33953e-12
1.14291e-12
9.74652e-13
8.30748e-13
7.07734e-13
6.02631e-13
5.12877e-13
4.36271e-13
3.70921e-13
3.152e-13
2.67715e-13
2.27269e-13
1.92837e-13
1.63539e-13
1.38622e-13
1.17443e-13
9.94493e-14
8.41704e-14
7.1203e-14
6.02032e-14
5.08772e-14
4.29742e-14
3.62807e-14
3.06144e-14
2.58201e-14
2.17657e-14
1.83388e-14
1.54437e-14
1.29991e-14
1.09361e-14
9.19582e-15
7.72864e-15
6.4923e-15
5.45102e-15
4.57447e-15
3.83696e-15
3.21675e-15
2.69545e-15
2.25752e-15
1.8898e-15
1.58119e-15
1.32234e-15
1.10532e-15
9.23474e-16
7.71185e-16
6.43718e-16
5.37091e-16
4.47954e-16
3.73493e-16
3.11346e-16
2.59532e-16
2.16394e-16
1.80552e-16
1.50858e-16
1.26362e-16
1.06289e-16
9.00133e-17
7.70413e-17
6.69979e-17
5.96157e-17
5.47272e-17
5.2274e-17
0.982026
0.944596
0.917467
0.892844
0.86966
0.847807
0.827018
0.807066
0.78779
0.769078
0.750846
0.73303
0.715581
0.698463
0.681648
0.665115
0.648848
0.632837
0.617073
0.601551
0.586268
0.571221
0.556409
0.541832
0.527489
0.513381
0.499508
0.485871
0.47247
0.459306
0.446379
0.433689
0.421237
0.409022
0.397044
0.385303
0.373799
0.36253
0.351496
0.340696
0.330129
0.319793
0.309687
0.29981
0.290161
0.280736
0.271535
0.262556
0.253796
0.245254
0.236927
0.228812
0.220908
0.213212
0.20572
0.198432
0.191343
0.184451
0.177753
0.171246
0.164927
0.158793
0.152841
0.147067
0.141469
0.136042
0.130785
0.125693
0.120763
0.115993
0.111377
0.106913
0.102598
0.098428
0.0943997
0.0905096
0.0867545
0.0831308
0.0796353
0.0762646
0.0730153
0.0698841
0.0668679
0.0639633
0.0611673
0.0584765
0.0558879
0.0533985
0.0510053
0.0487052
0.0464954
0.0443729
0.0423351
0.0403791
0.0385022
0.0367019
0.0349754
0.0333204
0.0317344
0.0302149
0.0287595
0.0273662
0.0260325
0.0247563
0.0235356
0.0223682
0.0212523
0.0201858
0.0191669
0.0181937
0.0172646
0.0163777
0.0155315
0.0147243
0.0139545
0.0132208
0.0125215
0.0118553
0.0112209
0.0106168
0.010042
0.00949502
0.00897482
0.00848023
0.00801013
0.00756347
0.00713923
0.00673642
0.0063541
0.00599133
0.00564726
0.00532103
0.00501182
0.00471886
0.00444139
0.00417869
0.00393006
0.00369485
0.0034724
0.00326211
0.00306339
0.00287567
0.00269841
0.00253109
0.00237323
0.00222434
0.00208396
0.00195167
0.00182706
0.00170971
0.00159925
0.00149533
0.00139759
0.00130571
0.00121936
0.00113826
0.00106211
0.000990642
0.000923597
0.000860728
0.0008018
0.000746591
0.000694887
0.000646488
0.000601202
0.000558848
0.000519253
0.000482255
0.000447697
0.000415435
0.000385328
0.000357247
0.000331065
0.000306667
0.00028394
0.00026278
0.000243089
0.000224772
0.000207742
0.000191916
0.000177215
0.000163566
0.000150899
0.00013915
0.000128257
0.000118163
0.000108812
0.000100156
9.21455e-05
8.47365e-05
7.78869e-05
7.15577e-05
6.57122e-05
6.03159e-05
5.53368e-05
5.07449e-05
4.65121e-05
4.26123e-05
3.9021e-05
3.57154e-05
3.26743e-05
2.9878e-05
2.7308e-05
2.49471e-05
2.27794e-05
2.07901e-05
1.89654e-05
1.72926e-05
1.57597e-05
1.43557e-05
1.30706e-05
1.18947e-05
1.08193e-05
9.83642e-06
8.93846e-06
8.11852e-06
7.37021e-06
6.6876e-06
6.06525e-06
5.49812e-06
4.98158e-06
4.51135e-06
4.0835e-06
3.69441e-06
3.34075e-06
3.01946e-06
2.72772e-06
2.46294e-06
2.22277e-06
2.00503e-06
1.80772e-06
1.62902e-06
1.46726e-06
1.3209e-06
1.18855e-06
1.06893e-06
9.60864e-07
8.63296e-07
7.75248e-07
6.95832e-07
6.24239e-07
5.59733e-07
5.0164e-07
4.49352e-07
4.02312e-07
3.60015e-07
3.22004e-07
2.87861e-07
2.57209e-07
2.29706e-07
2.0504e-07
1.8293e-07
1.63123e-07
1.45386e-07
1.29513e-07
1.15315e-07
1.02621e-07
9.12786e-08
8.11487e-08
7.21065e-08
6.40395e-08
5.68462e-08
5.04353e-08
4.47247e-08
3.96407e-08
3.51167e-08
3.10933e-08
2.75169e-08
2.43395e-08
2.15181e-08
1.9014e-08
1.67929e-08
1.48236e-08
1.30787e-08
1.15333e-08
1.01653e-08
8.95502e-09
7.88483e-09
6.93901e-09
6.10353e-09
5.36592e-09
4.71505e-09
4.14102e-09
3.63502e-09
3.18923e-09
2.79668e-09
2.4512e-09
2.14731e-09
1.88013e-09
1.64536e-09
1.43917e-09
1.25818e-09
1.09939e-09
9.60152e-10
8.38121e-10
7.31227e-10
6.37641e-10
5.55749e-10
4.84128e-10
4.21523e-10
3.66826e-10
3.19064e-10
2.7738e-10
2.41019e-10
2.09318e-10
1.81693e-10
1.57635e-10
1.36692e-10
1.18471e-10
1.02627e-10
8.88567e-11
7.68948e-11
6.65095e-11
5.74975e-11
4.96813e-11
4.29059e-11
3.70356e-11
3.19523e-11
2.75526e-11
2.37467e-11
2.04562e-11
1.76126e-11
1.51566e-11
1.30365e-11
1.12072e-11
9.62979e-12
8.27016e-12
7.0989e-12
6.09043e-12
5.22258e-12
4.47612e-12
3.83441e-12
3.28303e-12
2.80952e-12
2.40308e-12
2.0544e-12
1.75543e-12
1.49921e-12
1.27973e-12
1.09184e-12
9.3106e-13
7.93556e-13
6.76018e-13
5.75599e-13
4.89849e-13
4.16664e-13
3.54234e-13
3.01006e-13
2.55648e-13
2.17015e-13
1.84128e-13
1.56146e-13
1.3235e-13
1.12124e-13
9.49408e-14
8.03508e-14
6.79688e-14
5.7466e-14
4.85618e-14
4.10167e-14
3.46265e-14
2.92172e-14
2.46406e-14
2.07705e-14
1.74995e-14
1.47362e-14
1.24031e-14
1.04341e-14
8.77334e-15
7.37323e-15
6.19347e-15
5.19988e-15
4.36352e-15
3.65985e-15
3.06813e-15
2.5708e-15
2.15302e-15
1.80224e-15
1.50787e-15
1.26096e-15
1.05397e-15
8.80535e-16
7.35296e-16
6.13736e-16
5.12056e-16
4.2706e-16
3.56063e-16
2.96811e-16
2.47416e-16
2.06298e-16
1.72141e-16
1.43848e-16
1.20518e-16
1.0141e-16
8.59288e-17
7.36041e-17
6.40777e-17
5.70926e-17
5.24834e-17
5.01827e-17
)
;

boundaryField
{
    frontAndBack
    {
        type            empty;
    }
    inlet
    {
        type            uniformFixedValue;
        uniformValue    
        {
            type            table;
            values          
4
(
(0 0)
(0.05 1)
(0.1 1)
(0.15 0)
)
;
        }
        value           uniform 1;
    }
    outlet
    {
        type            zeroGradient;
    }
    substrate
    {
        type            firstorder;
        value           nonuniform List<scalar> 
400
(
0.973292
0.935849
0.908705
0.884078
0.860903
0.839067
0.818304
0.798384
0.779149
0.760485
0.742306
0.72455
0.707168
0.690122
0.673384
0.656933
0.640754
0.624836
0.609169
0.593749
0.578571
0.563633
0.548934
0.534472
0.520248
0.506261
0.492512
0.479001
0.465729
0.452694
0.439898
0.427341
0.415022
0.402941
0.391098
0.379492
0.368122
0.356988
0.346088
0.335422
0.324989
0.314786
0.304812
0.295066
0.285546
0.27625
0.267176
0.258322
0.249686
0.241266
0.233059
0.225063
0.217275
0.209693
0.202314
0.195135
0.188154
0.181368
0.174774
0.168368
0.162148
0.156111
0.150253
0.144571
0.139063
0.133724
0.128552
0.123543
0.118694
0.114001
0.109461
0.105072
0.100828
0.0967274
0.0927664
0.0889416
0.0852496
0.081687
0.0782506
0.074937
0.0717429
0.0686651
0.0657004
0.0628455
0.0600974
0.0574528
0.0549088
0.0524623
0.0501103
0.04785
0.0456784
0.0435928
0.0415903
0.0396683
0.0378241
0.0360551
0.0343588
0.0327327
0.0311744
0.0296814
0.0282516
0.0268826
0.0255723
0.0243186
0.0231193
0.0219725
0.0208761
0.0198284
0.0188274
0.0178714
0.0169587
0.0160874
0.0152561
0.0144632
0.013707
0.0129862
0.0122993
0.0116449
0.0110216
0.0104283
0.0098636
0.00932634
0.00881535
0.00832952
0.00786775
0.00742901
0.00701229
0.00661662
0.00624107
0.00588475
0.00554678
0.00522634
0.00492262
0.00463486
0.00436232
0.00410428
0.00386008
0.00362904
0.00341055
0.00320399
0.0030088
0.00282442
0.00265031
0.00248597
0.00233092
0.00218467
0.0020468
0.00191686
0.00179446
0.0016792
0.00157072
0.00146864
0.00137264
0.0012824
0.00119759
0.00111793
0.00104314
0.000972947
0.000907097
0.000845349
0.000787471
0.000733246
0.000682465
0.000634929
0.000590451
0.000548853
0.000509965
0.000473627
0.000439686
0.000408
0.000378431
0.000350851
0.000325137
0.000301175
0.000278854
0.000258073
0.000238733
0.000220744
0.000204019
0.000188475
0.000174037
0.000160633
0.000148193
0.000136654
0.000125956
0.000116042
0.000106859
9.83577e-05
9.04907e-05
8.32144e-05
7.64876e-05
7.02719e-05
6.45311e-05
5.92316e-05
5.43418e-05
4.98323e-05
4.56754e-05
4.18456e-05
3.83187e-05
3.50725e-05
3.2086e-05
2.93399e-05
2.6816e-05
2.44976e-05
2.23689e-05
2.04153e-05
1.86235e-05
1.69807e-05
1.54754e-05
1.40967e-05
1.28347e-05
1.16799e-05
1.06239e-05
9.65875e-06
8.77697e-06
7.97181e-06
7.23698e-06
6.56668e-06
5.95555e-06
5.39865e-06
4.89143e-06
4.42969e-06
4.00957e-06
3.6275e-06
3.28023e-06
2.96474e-06
2.67827e-06
2.41829e-06
2.18246e-06
1.96865e-06
1.77491e-06
1.59945e-06
1.44061e-06
1.2969e-06
1.16695e-06
1.0495e-06
9.43393e-07
8.47594e-07
7.61143e-07
6.83168e-07
6.12875e-07
5.49539e-07
4.92501e-07
4.41163e-07
3.94978e-07
3.5345e-07
3.1613e-07
2.82608e-07
2.52514e-07
2.25511e-07
2.01294e-07
1.79587e-07
1.6014e-07
1.42727e-07
1.27144e-07
1.13204e-07
1.00742e-07
8.96068e-08
7.96619e-08
7.07849e-08
6.28652e-08
5.58034e-08
4.95098e-08
4.39037e-08
3.89127e-08
3.44716e-08
3.05218e-08
2.70109e-08
2.38918e-08
2.11221e-08
1.8664e-08
1.64836e-08
1.45505e-08
1.28376e-08
1.13206e-08
9.97775e-09
8.78973e-09
7.73923e-09
6.81082e-09
5.99073e-09
5.26671e-09
4.62783e-09
4.06438e-09
3.56772e-09
3.13015e-09
2.74485e-09
2.40576e-09
2.10748e-09
1.84524e-09
1.61481e-09
1.41244e-09
1.2348e-09
1.07895e-09
9.42291e-10
8.22522e-10
7.1761e-10
6.25761e-10
5.4539e-10
4.751e-10
4.13658e-10
3.59978e-10
3.13105e-10
2.72197e-10
2.36512e-10
2.05402e-10
1.78293e-10
1.54682e-10
1.34131e-10
1.1625e-10
1.00702e-10
8.7189e-11
7.54509e-11
6.52599e-11
5.64166e-11
4.87468e-11
4.20984e-11
3.63382e-11
3.13502e-11
2.70332e-11
2.32988e-11
2.00701e-11
1.728e-11
1.48702e-11
1.279e-11
1.09952e-11
9.44749e-12
8.11351e-12
6.96436e-12
5.97493e-12
5.12347e-12
4.39112e-12
3.76155e-12
3.22061e-12
2.75607e-12
2.35734e-12
2.01527e-12
1.72197e-12
1.47061e-12
1.25531e-12
1.07099e-12
9.13267e-13
7.78381e-13
6.63082e-13
5.64577e-13
4.80463e-13
4.08675e-13
3.47437e-13
2.95227e-13
2.50736e-13
2.12843e-13
1.80586e-13
1.5314e-13
1.298e-13
1.09962e-13
9.31091e-14
7.87995e-14
6.66557e-14
5.6355e-14
4.76222e-14
4.02225e-14
3.39556e-14
2.86507e-14
2.41625e-14
2.03671e-14
1.71594e-14
1.44496e-14
1.21617e-14
1.02309e-14
8.60233e-15
7.2294e-15
6.07256e-15
5.09829e-15
4.2782e-15
3.58824e-15
3.00805e-15
2.52042e-15
2.11079e-15
1.76687e-15
1.47825e-15
1.23617e-15
1.03323e-15
8.63196e-16
7.20805e-16
6.01631e-16
5.01948e-16
4.18623e-16
3.49022e-16
2.90937e-16
2.42516e-16
2.02209e-16
1.68726e-16
1.40993e-16
1.18124e-16
9.9394e-17
8.42194e-17
7.21388e-17
6.28017e-17
5.5958e-17
5.14491e-17
4.91988e-17
)
;
    }
    Wall
    {
        type            firstorder;
        value           nonuniform List<scalar> 
400
(
0.973293
0.93585
0.908706
0.884079
0.860904
0.839067
0.818304
0.798385
0.779149
0.760485
0.742307
0.724551
0.707169
0.690123
0.673386
0.656936
0.640758
0.624839
0.609173
0.593753
0.578576
0.563638
0.548939
0.534478
0.520254
0.506268
0.492519
0.479008
0.465736
0.452701
0.439906
0.427348
0.415029
0.402948
0.391105
0.379499
0.36813
0.356996
0.346096
0.33543
0.324996
0.314793
0.30482
0.295073
0.285553
0.276257
0.267183
0.258329
0.249693
0.241273
0.233066
0.22507
0.217282
0.2097
0.202321
0.195142
0.188161
0.181375
0.17478
0.168374
0.162154
0.156117
0.150259
0.144577
0.139069
0.13373
0.128558
0.123548
0.118699
0.114006
0.109467
0.105077
0.100833
0.0967325
0.0927714
0.0889465
0.0852543
0.0816917
0.0782552
0.0749414
0.0717473
0.0686694
0.0657045
0.0628495
0.0601012
0.0574566
0.0549125
0.0524658
0.0501138
0.0478534
0.0456817
0.043596
0.0415934
0.0396713
0.037827
0.0360579
0.0343615
0.0327353
0.0311769
0.0296839
0.028254
0.0268849
0.0255745
0.0243207
0.0231213
0.0219744
0.020878
0.0198302
0.0188292
0.0178731
0.0169603
0.016089
0.0152576
0.0144646
0.0137084
0.0129875
0.0123006
0.0116461
0.0110228
0.0104294
0.0098647
0.00932739
0.00881636
0.00833048
0.00786868
0.0074299
0.00701314
0.00661744
0.00624185
0.00588549
0.00554749
0.00522702
0.00492327
0.00463548
0.00436291
0.00410485
0.00386061
0.00362955
0.00341103
0.00320446
0.00300924
0.00282484
0.00265071
0.00248635
0.00233128
0.00218502
0.00204712
0.00191717
0.00179476
0.00167948
0.00157098
0.0014689
0.00137288
0.00128262
0.00119781
0.00111814
0.00104333
0.000973128
0.000907268
0.00084551
0.000787624
0.000733391
0.000682601
0.000635058
0.000590572
0.000548967
0.000510072
0.000473728
0.000439782
0.00040809
0.000378515
0.00035093
0.000325212
0.000301244
0.00027892
0.000258134
0.000238791
0.000220798
0.000204069
0.000188523
0.000174082
0.000160674
0.000148231
0.00013669
0.000125989
0.000116073
0.000106888
9.83851e-05
9.05163e-05
8.32382e-05
7.65098e-05
7.02925e-05
6.45503e-05
5.92494e-05
5.43584e-05
4.98477e-05
4.56897e-05
4.18588e-05
3.8331e-05
3.50839e-05
3.20966e-05
2.93497e-05
2.68251e-05
2.4506e-05
2.23766e-05
2.04225e-05
1.86301e-05
1.69868e-05
1.5481e-05
1.41019e-05
1.28394e-05
1.16843e-05
1.0628e-05
9.66249e-06
8.78041e-06
7.97497e-06
7.23989e-06
6.56935e-06
5.958e-06
5.4009e-06
4.89349e-06
4.43158e-06
4.0113e-06
3.62909e-06
3.28168e-06
2.96607e-06
2.67948e-06
2.4194e-06
2.18347e-06
1.96958e-06
1.77576e-06
1.60022e-06
1.44131e-06
1.29754e-06
1.16753e-06
1.05002e-06
9.43874e-07
8.48031e-07
7.6154e-07
6.83529e-07
6.13202e-07
5.49835e-07
4.9277e-07
4.41406e-07
3.95198e-07
3.5365e-07
3.1631e-07
2.82771e-07
2.52661e-07
2.25644e-07
2.01414e-07
1.79696e-07
1.60238e-07
1.42816e-07
1.27223e-07
1.13276e-07
1.00807e-07
8.96646e-08
7.97138e-08
7.08315e-08
6.29071e-08
5.5841e-08
4.95435e-08
4.39339e-08
3.89398e-08
3.44958e-08
3.05435e-08
2.70304e-08
2.39091e-08
2.11376e-08
1.86778e-08
1.64959e-08
1.45615e-08
1.28474e-08
1.13293e-08
9.98555e-09
8.79668e-09
7.74541e-09
6.81631e-09
5.99561e-09
5.27104e-09
4.63168e-09
4.0678e-09
3.57075e-09
3.13284e-09
2.74723e-09
2.40786e-09
2.10934e-09
1.84689e-09
1.61627e-09
1.41372e-09
1.23593e-09
1.07995e-09
9.43175e-10
8.23301e-10
7.18297e-10
6.26366e-10
5.45923e-10
4.75568e-10
4.1407e-10
3.6034e-10
3.13423e-10
2.72476e-10
2.36757e-10
2.05616e-10
1.78481e-10
1.54847e-10
1.34275e-10
1.16376e-10
1.00812e-10
8.72855e-11
7.55352e-11
6.53335e-11
5.64808e-11
4.88029e-11
4.21472e-11
3.63808e-11
3.13873e-11
2.70655e-11
2.33268e-11
2.00945e-11
1.73012e-11
1.48886e-11
1.2806e-11
1.10091e-11
9.45952e-12
8.12393e-12
6.97338e-12
5.98274e-12
5.13023e-12
4.39697e-12
3.76661e-12
3.22498e-12
2.75984e-12
2.36059e-12
2.01808e-12
1.72439e-12
1.4727e-12
1.25711e-12
1.07253e-12
9.14597e-13
7.79525e-13
6.64065e-13
5.65421e-13
4.81188e-13
4.09296e-13
3.4797e-13
2.95684e-13
2.51128e-13
2.13178e-13
1.80872e-13
1.53385e-13
1.3001e-13
1.10141e-13
9.3262e-14
7.89301e-14
6.6767e-14
5.64499e-14
4.77031e-14
4.02914e-14
3.40142e-14
2.87006e-14
2.42049e-14
2.04032e-14
1.719e-14
1.44756e-14
1.21838e-14
1.02496e-14
8.61822e-15
7.24286e-15
6.08396e-15
5.10794e-15
4.28636e-15
3.59514e-15
3.01388e-15
2.52535e-15
2.11495e-15
1.77038e-15
1.48121e-15
1.23866e-15
1.03533e-15
8.64966e-16
7.22294e-16
6.02884e-16
5.03002e-16
4.19509e-16
3.49767e-16
2.91563e-16
2.43041e-16
2.02651e-16
1.69097e-16
1.41305e-16
1.18387e-16
9.96169e-17
8.44094e-17
7.23026e-17
6.29447e-17
5.60831e-17
5.15554e-17
4.92954e-17
)
;
    }
}


// ************************************************************************* //
