/*--------------------------------*- C++ -*----------------------------------*\
  =========                 |
  \\      /  F ield         | OpenFOAM: The Open Source CFD Toolbox
   \\    /   O peration     | Website:  https://openfoam.org
    \\  /    A nd           | Version:  dev
     \\/     M anipulation  |
\*---------------------------------------------------------------------------*/
FoamFile
{
    format      ascii;
    class       volScalarField;
    location    "0.1";
    object      N1;
}
// * * * * * * * * * * * * * * * * * * * * * * * * * * * * * * * * * * * * * //

dimensions      [0 0 0 0 0 0 0];

internalField   nonuniform List<scalar> 
8000
(
0.985775
0.953792
0.931048
0.9101
0.890085
0.871024
0.852735
0.835042
0.817828
0.801009
0.784525
0.76833
0.752389
0.736677
0.721176
0.705872
0.690758
0.675826
0.661075
0.646503
0.63211
0.617897
0.603866
0.59002
0.57636
0.56289
0.549612
0.536528
0.523641
0.510952
0.498464
0.486179
0.474096
0.462218
0.450546
0.439078
0.427817
0.416762
0.405912
0.395267
0.384826
0.374589
0.364555
0.354721
0.345088
0.335652
0.326413
0.317369
0.308517
0.299856
0.291384
0.283098
0.274997
0.267077
0.259336
0.251773
0.244384
0.237167
0.230119
0.223238
0.216522
0.209967
0.203572
0.197332
0.191247
0.185313
0.179527
0.173888
0.168392
0.163037
0.15782
0.152739
0.147791
0.142974
0.138285
0.133722
0.129282
0.124963
0.120762
0.116678
0.112707
0.108848
0.105098
0.101455
0.0979161
0.0944798
0.0911437
0.0879055
0.0847632
0.0817147
0.0787577
0.0758903
0.0731103
0.0704159
0.0678049
0.0652755
0.0628256
0.0604534
0.058157
0.0559345
0.053784
0.0517039
0.0496922
0.0477473
0.0458674
0.0440508
0.0422958
0.0406009
0.0389643
0.0373844
0.0358598
0.0343889
0.0329701
0.031602
0.0302831
0.029012
0.0277873
0.0266077
0.0254716
0.024378
0.0233254
0.0223125
0.0213383
0.0204013
0.0195006
0.0186348
0.0178029
0.0170037
0.0162362
0.0154994
0.0147921
0.0141135
0.0134624
0.012838
0.0122394
0.0116656
0.0111158
0.010589
0.0100846
0.00960156
0.00913925
0.00869686
0.00827365
0.0078689
0.00748191
0.00711202
0.00675856
0.0064209
0.00609843
0.00579055
0.00549668
0.00521626
0.00494876
0.00469366
0.00445045
0.00421864
0.00399776
0.00378737
0.00358701
0.00339627
0.00321474
0.00304202
0.00287774
0.00272153
0.00257304
0.00243193
0.00229787
0.00217056
0.00204968
0.00193494
0.00182607
0.00172281
0.00162488
0.00153205
0.00144408
0.00136074
0.0012818
0.00120707
0.00113633
0.00106941
0.0010061
0.000946245
0.000889663
0.000836196
0.000785688
0.000737992
0.000692966
0.000650474
0.000610388
0.000572583
0.000536942
0.000503353
0.000471708
0.000441904
0.000413844
0.000387436
0.00036259
0.000339222
0.000317252
0.000296604
0.000277204
0.000258984
0.000241878
0.000225823
0.000210761
0.000196635
0.000183391
0.000170979
0.000159352
0.000148462
0.000138268
0.000128727
0.000119803
0.000111457
0.000103655
9.6365e-05
8.95552e-05
8.31966e-05
7.72614e-05
7.17235e-05
6.65583e-05
6.17425e-05
5.72541e-05
5.30726e-05
4.91783e-05
4.55529e-05
4.21792e-05
3.90408e-05
3.61226e-05
3.341e-05
3.08896e-05
2.85486e-05
2.63752e-05
2.4358e-05
2.24867e-05
2.07513e-05
1.91425e-05
1.76518e-05
1.6271e-05
1.49926e-05
1.38093e-05
1.27145e-05
1.17021e-05
1.07661e-05
9.90122e-06
9.10231e-06
8.36464e-06
7.68378e-06
7.05562e-06
6.4763e-06
5.94225e-06
5.45012e-06
4.9968e-06
4.57941e-06
4.19524e-06
3.8418e-06
3.51676e-06
3.21796e-06
2.9434e-06
2.6912e-06
2.45965e-06
2.24713e-06
2.05217e-06
1.87338e-06
1.70949e-06
1.55932e-06
1.42178e-06
1.29586e-06
1.18062e-06
1.07521e-06
9.78811e-07
8.90703e-07
8.10204e-07
7.36686e-07
6.69571e-07
6.08327e-07
5.52464e-07
5.0153e-07
4.5511e-07
4.1282e-07
3.74309e-07
3.39254e-07
3.07359e-07
2.7835e-07
2.51978e-07
2.28012e-07
2.06242e-07
1.86476e-07
1.68535e-07
1.5226e-07
1.375e-07
1.2412e-07
1.11998e-07
1.01018e-07
9.10773e-08
8.20817e-08
7.39445e-08
6.6587e-08
5.99371e-08
5.39293e-08
4.8504e-08
4.36066e-08
3.91878e-08
3.52024e-08
3.16093e-08
2.83714e-08
2.54548e-08
2.28287e-08
2.04651e-08
1.83388e-08
1.64266e-08
1.47078e-08
1.31634e-08
1.17764e-08
1.05312e-08
9.41382e-09
8.41153e-09
7.51287e-09
6.70746e-09
5.98593e-09
5.33983e-09
4.7615e-09
4.24407e-09
3.7813e-09
3.36761e-09
2.99795e-09
2.66776e-09
2.37297e-09
2.10988e-09
1.87518e-09
1.66591e-09
1.47938e-09
1.31319e-09
1.16519e-09
1.03345e-09
9.16222e-10
8.11957e-10
7.19261e-10
6.36884e-10
5.63709e-10
4.98736e-10
4.41069e-10
3.89909e-10
3.4454e-10
3.04325e-10
2.68693e-10
2.37135e-10
2.09197e-10
1.84474e-10
1.62605e-10
1.4327e-10
1.26182e-10
1.11086e-10
9.77556e-11
8.59893e-11
7.5608e-11
6.64525e-11
5.83815e-11
5.12696e-11
4.50055e-11
3.94903e-11
3.46367e-11
3.03671e-11
2.66128e-11
2.33129e-11
2.04139e-11
1.78679e-11
1.5633e-11
1.3672e-11
1.1952e-11
1.04442e-11
9.12274e-12
7.96523e-12
6.95173e-12
6.06471e-12
5.28871e-12
4.61012e-12
4.01699e-12
3.49879e-12
3.04624e-12
2.65123e-12
2.30662e-12
2.00612e-12
1.74425e-12
1.5162e-12
1.31776e-12
1.14524e-12
9.95446e-13
8.65592e-13
7.53265e-13
6.56389e-13
5.73193e-13
5.0218e-13
4.42107e-13
3.91969e-13
3.50984e-13
3.18582e-13
2.94396e-13
2.78247e-13
2.70121e-13
0.987357
0.962618
0.941919
0.922206
0.90301
0.88444
0.866457
0.848971
0.831905
0.815192
0.798783
0.782637
0.766724
0.75102
0.735509
0.72018
0.705025
0.69004
0.675223
0.660573
0.646091
0.63178
0.617641
0.603677
0.589893
0.576289
0.562871
0.54964
0.536599
0.523751
0.511099
0.498644
0.486387
0.474331
0.462475
0.450823
0.439373
0.428126
0.417082
0.406242
0.395604
0.385169
0.374935
0.364901
0.355066
0.34543
0.335989
0.326744
0.317692
0.308832
0.300161
0.291677
0.283379
0.275264
0.26733
0.259575
0.251996
0.244591
0.237358
0.230294
0.223396
0.216663
0.21009
0.203677
0.197421
0.191318
0.185367
0.179564
0.173908
0.168396
0.163024
0.157792
0.152695
0.147732
0.142901
0.138198
0.133621
0.129168
0.124837
0.120624
0.116528
0.112547
0.108678
0.104918
0.101265
0.0977184
0.0942742
0.0909307
0.0876858
0.0845373
0.0814831
0.0785211
0.0756491
0.0728651
0.0701671
0.0675531
0.0650211
0.0625692
0.0601953
0.0578977
0.0556744
0.0535236
0.0514435
0.0494322
0.047488
0.0456091
0.0437939
0.0420406
0.0403475
0.0387131
0.0371357
0.0356138
0.0341457
0.03273
0.0313652
0.0300497
0.0287822
0.0275612
0.0263854
0.0252533
0.0241637
0.0231152
0.0221066
0.0211366
0.020204
0.0193076
0.0184462
0.0176187
0.0168239
0.0160609
0.0153284
0.0146256
0.0139513
0.0133046
0.0126846
0.0120903
0.0115207
0.0109751
0.0104525
0.00995218
0.00947325
0.00901493
0.00857648
0.00815713
0.00775618
0.00737293
0.00700669
0.00665681
0.00632266
0.00600361
0.00569908
0.00540848
0.00513127
0.00486688
0.00461482
0.00437456
0.00414564
0.00392756
0.00371989
0.00352217
0.003334
0.00315496
0.00298466
0.00282273
0.00266879
0.00252249
0.00238351
0.00225151
0.00212617
0.00200721
0.00189433
0.00178725
0.00168571
0.00158945
0.00149822
0.00141179
0.00132993
0.00125243
0.00117907
0.00110966
0.001044
0.000981916
0.000923227
0.000867768
0.000815376
0.0007659
0.000719192
0.000675112
0.000633526
0.000594305
0.000557329
0.000522479
0.000489646
0.000458723
0.000429608
0.000402205
0.000376424
0.000352175
0.000329376
0.000307948
0.000287815
0.000268905
0.000251152
0.000234489
0.000218855
0.000204193
0.000190446
0.000177562
0.000165492
0.000154188
0.000143604
0.0001337
0.000124435
0.00011577
0.00010767
0.0001001
9.30296e-05
8.6427e-05
8.02639e-05
7.45132e-05
6.91493e-05
6.41481e-05
5.94868e-05
5.5144e-05
5.10994e-05
4.73339e-05
4.38297e-05
4.05699e-05
3.75386e-05
3.47208e-05
3.21026e-05
2.96707e-05
2.74127e-05
2.5317e-05
2.33728e-05
2.15697e-05
1.98982e-05
1.83493e-05
1.69145e-05
1.5586e-05
1.43563e-05
1.32187e-05
1.21665e-05
1.11938e-05
1.02949e-05
9.46452e-06
8.69779e-06
7.99009e-06
7.33714e-06
6.73494e-06
6.17977e-06
5.66816e-06
5.19689e-06
4.76294e-06
4.36353e-06
3.99605e-06
3.65809e-06
3.3474e-06
3.06189e-06
2.79964e-06
2.55885e-06
2.33784e-06
2.13508e-06
1.94914e-06
1.77868e-06
1.6225e-06
1.47944e-06
1.34846e-06
1.22858e-06
1.11892e-06
1.01865e-06
9.26985e-07
8.43237e-07
7.66748e-07
6.96919e-07
6.33197e-07
5.75071e-07
5.22071e-07
4.73766e-07
4.29758e-07
3.89681e-07
3.53199e-07
3.20004e-07
2.89813e-07
2.62363e-07
2.37418e-07
2.14758e-07
1.94183e-07
1.75507e-07
1.58564e-07
1.43198e-07
1.29269e-07
1.16647e-07
1.05215e-07
9.48654e-08
8.54988e-08
7.70256e-08
6.9364e-08
6.2439e-08
5.61825e-08
5.05323e-08
4.54319e-08
4.08296e-08
3.66785e-08
3.2936e-08
2.95633e-08
2.65251e-08
2.37894e-08
2.13272e-08
1.91119e-08
1.71198e-08
1.5329e-08
1.37199e-08
1.22747e-08
1.09772e-08
9.81287e-09
8.76842e-09
7.83191e-09
6.99256e-09
6.2406e-09
5.56721e-09
4.96444e-09
4.42511e-09
3.94275e-09
3.51153e-09
3.12618e-09
2.78198e-09
2.47465e-09
2.20037e-09
1.95568e-09
1.73748e-09
1.543e-09
1.36972e-09
1.21539e-09
1.07801e-09
9.55765e-10
8.47032e-10
7.50359e-10
6.64445e-10
5.88125e-10
5.20357e-10
4.60207e-10
4.06842e-10
3.59517e-10
3.17565e-10
2.80393e-10
2.4747e-10
2.18322e-10
1.92528e-10
1.69711e-10
1.49537e-10
1.31706e-10
1.15953e-10
1.02043e-10
8.97637e-11
7.89297e-11
6.93745e-11
6.09509e-11
5.3528e-11
4.69897e-11
4.12329e-11
3.61665e-11
3.17095e-11
2.77902e-11
2.43453e-11
2.13186e-11
1.86605e-11
1.63271e-11
1.42796e-11
1.24836e-11
1.09091e-11
9.5292e-12
8.32043e-12
7.26201e-12
6.33562e-12
5.52516e-12
4.81642e-12
4.1969e-12
3.65561e-12
3.1829e-12
2.77026e-12
2.41025e-12
2.09631e-12
1.82272e-12
1.58444e-12
1.37708e-12
1.1968e-12
1.04025e-12
9.04512e-13
7.87076e-13
6.85768e-13
5.98734e-13
5.24408e-13
4.6149e-13
4.08927e-13
3.65903e-13
3.31822e-13
3.06312e-13
2.89208e-13
2.80561e-13
0.990437
0.970058
0.950863
0.932264
0.914047
0.89622
0.878782
0.8617
0.844932
0.828441
0.812194
0.796164
0.780328
0.764671
0.749181
0.73385
0.718673
0.70365
0.688779
0.674062
0.659501
0.645099
0.630859
0.616786
0.602883
0.589154
0.575602
0.562231
0.549044
0.536044
0.523234
0.510617
0.498194
0.485967
0.473938
0.462108
0.450478
0.439049
0.42782
0.416793
0.405967
0.395342
0.384917
0.374692
0.364666
0.354837
0.345205
0.335768
0.326525
0.317474
0.308613
0.299941
0.291456
0.283154
0.275036
0.267098
0.259337
0.251753
0.244342
0.237103
0.230032
0.223127
0.216387
0.209808
0.203387
0.197124
0.191014
0.185055
0.179246
0.173583
0.168063
0.162686
0.157447
0.152344
0.147376
0.142539
0.137831
0.133249
0.128792
0.124457
0.120241
0.116142
0.112158
0.108286
0.104525
0.100871
0.0973229
0.093878
0.0905343
0.0872896
0.0841416
0.0810883
0.0781276
0.0752572
0.0724752
0.0697796
0.0671682
0.0646392
0.0621905
0.0598201
0.0575263
0.0553071
0.0531606
0.0510849
0.0490784
0.0471391
0.0452653
0.0434554
0.0417075
0.04002
0.0383913
0.0368197
0.0353037
0.0338416
0.032432
0.0310732
0.029764
0.0285027
0.0272879
0.0261183
0.0249925
0.0239091
0.0228669
0.0218645
0.0209007
0.0199743
0.0190839
0.0182286
0.0174071
0.0166183
0.0158611
0.0151345
0.0144374
0.0137688
0.0131277
0.0125131
0.0119241
0.0113599
0.0108195
0.010302
0.00980662
0.00933257
0.00887903
0.00844525
0.00803047
0.00763398
0.00725508
0.00689309
0.00654735
0.00621723
0.00590211
0.0056014
0.00531451
0.0050409
0.00478003
0.00453136
0.00429441
0.00406868
0.00385371
0.00364904
0.00345424
0.00326889
0.00309257
0.00292491
0.00276552
0.00261403
0.00247011
0.00233342
0.00220362
0.00208042
0.00196351
0.0018526
0.00174743
0.00164772
0.00155321
0.00146368
0.00137887
0.00129858
0.00122257
0.00115065
0.00108262
0.00101828
0.000957466
0.000899991
0.000845694
0.000794416
0.000746004
0.000700313
0.000657206
0.000616549
0.000578216
0.000542087
0.000508046
0.000475984
0.000445795
0.000417381
0.000390645
0.000365498
0.000341854
0.00031963
0.000298748
0.000279134
0.000260718
0.000243433
0.000227214
0.000212003
0.00019774
0.000184372
0.000171848
0.000160117
0.000149135
0.000138857
0.00012924
0.000120247
0.00011184
0.000103982
9.66425e-05
8.97883e-05
8.33899e-05
7.74193e-05
7.185e-05
6.6657e-05
6.18167e-05
5.73068e-05
5.31064e-05
4.91957e-05
4.55561e-05
4.21702e-05
3.90214e-05
3.60943e-05
3.33743e-05
3.08477e-05
2.85017e-05
2.63242e-05
2.4304e-05
2.24303e-05
2.06932e-05
1.90835e-05
1.75922e-05
1.62114e-05
1.49332e-05
1.37506e-05
1.26568e-05
1.16455e-05
1.07109e-05
9.84758e-06
9.05032e-06
8.3144e-06
7.63538e-06
7.00909e-06
6.43169e-06
5.89956e-06
5.40935e-06
4.95794e-06
4.54244e-06
4.16013e-06
3.80851e-06
3.48524e-06
3.18816e-06
2.91526e-06
2.66467e-06
2.43467e-06
2.22364e-06
2.0301e-06
1.85267e-06
1.69008e-06
1.54115e-06
1.40479e-06
1.27998e-06
1.1658e-06
1.06139e-06
9.65935e-07
8.78719e-07
7.99058e-07
7.26329e-07
6.59956e-07
5.99408e-07
5.44198e-07
4.93874e-07
4.48024e-07
4.06268e-07
3.68255e-07
3.33665e-07
3.02202e-07
2.73595e-07
2.47597e-07
2.23979e-07
2.02531e-07
1.83064e-07
1.65401e-07
1.49381e-07
1.34859e-07
1.21698e-07
1.09778e-07
9.89851e-08
8.9217e-08
8.03801e-08
7.23891e-08
6.5166e-08
5.86398e-08
5.27456e-08
4.74246e-08
4.26229e-08
3.82918e-08
3.43868e-08
3.08673e-08
2.76968e-08
2.48418e-08
2.22719e-08
1.99598e-08
1.78803e-08
1.60109e-08
1.43311e-08
1.28223e-08
1.14676e-08
1.02519e-08
9.16124e-09
8.18327e-09
7.3067e-09
6.52135e-09
5.81801e-09
5.1884e-09
4.62502e-09
4.12112e-09
3.67061e-09
3.268e-09
2.90836e-09
2.58723e-09
2.3006e-09
2.04489e-09
1.81685e-09
1.61358e-09
1.43246e-09
1.27114e-09
1.12753e-09
9.99728e-10
8.86047e-10
7.84969e-10
6.95135e-10
6.15327e-10
5.44457e-10
4.81551e-10
4.25737e-10
3.76236e-10
3.32354e-10
2.93469e-10
2.59026e-10
2.28531e-10
2.01543e-10
1.77669e-10
1.56558e-10
1.37898e-10
1.21412e-10
1.06853e-10
9.4001e-11
8.26606e-11
7.26582e-11
6.38398e-11
5.60684e-11
4.92228e-11
4.31951e-11
3.78898e-11
3.32225e-11
2.9118e-11
2.551e-11
2.23399e-11
1.95557e-11
1.71113e-11
1.49664e-11
1.30849e-11
1.14352e-11
9.98935e-12
8.72274e-12
7.6136e-12
6.64277e-12
5.79336e-12
5.05051e-12
4.40114e-12
3.83374e-12
3.33818e-12
2.90557e-12
2.52811e-12
2.19893e-12
1.91203e-12
1.66213e-12
1.44464e-12
1.25551e-12
1.09126e-12
9.4881e-13
8.25529e-13
7.19136e-13
6.27683e-13
5.49524e-13
4.83292e-13
4.27881e-13
3.82434e-13
3.46336e-13
3.19208e-13
3.00914e-13
2.91598e-13
0.992181
0.974979
0.957591
0.940311
0.923197
0.906261
0.889518
0.872972
0.856615
0.840437
0.824424
0.808566
0.792854
0.777279
0.761837
0.746527
0.731349
0.716303
0.701392
0.686621
0.671992
0.657511
0.643181
0.629009
0.614998
0.601153
0.587479
0.573979
0.560657
0.547517
0.534562
0.521794
0.509217
0.496833
0.484642
0.472648
0.460851
0.449252
0.437853
0.426652
0.415652
0.404851
0.394249
0.383847
0.373642
0.363636
0.353826
0.344211
0.33479
0.325562
0.316525
0.307678
0.299018
0.290544
0.282254
0.274145
0.266217
0.258466
0.25089
0.243488
0.236256
0.229192
0.222295
0.215561
0.208989
0.202575
0.196318
0.190214
0.184262
0.178458
0.172801
0.167288
0.161917
0.156684
0.151588
0.146626
0.141796
0.137095
0.13252
0.12807
0.123742
0.119533
0.115442
0.111466
0.107602
0.103848
0.100203
0.0966633
0.0932271
0.0898922
0.0866564
0.0835176
0.0804736
0.0775222
0.0746614
0.0718891
0.0692032
0.0666018
0.0640827
0.0616441
0.059284
0.0570004
0.0547914
0.0526552
0.0505899
0.0485937
0.0466648
0.0448014
0.0430018
0.0412643
0.0395871
0.0379687
0.0364073
0.0349014
0.0334494
0.0320498
0.030701
0.0294015
0.0281499
0.0269448
0.0257847
0.0246683
0.0235941
0.022561
0.0215676
0.0206126
0.0196949
0.0188131
0.0179661
0.0171529
0.0163722
0.0156229
0.014904
0.0142145
0.0135533
0.0129194
0.012312
0.0117299
0.0111725
0.0106386
0.0101276
0.00963848
0.00917053
0.00872294
0.00829494
0.00788578
0.00749475
0.00712115
0.00676431
0.00642357
0.0060983
0.00578788
0.00549172
0.00520925
0.00493991
0.00468317
0.0044385
0.00420541
0.00398342
0.00377206
0.00357087
0.00337943
0.00319732
0.00302413
0.00285948
0.002703
0.00255431
0.00241308
0.00227898
0.00215168
0.00203087
0.00191626
0.00180757
0.00170452
0.00160684
0.0015143
0.00142664
0.00134363
0.00126506
0.00119071
0.00112037
0.00105385
0.000990962
0.000931529
0.000875378
0.000822346
0.000772276
0.000725018
0.000680429
0.000638372
0.000598717
0.000561339
0.00052612
0.000492946
0.000461708
0.000432305
0.000404637
0.000378612
0.00035414
0.000331137
0.000309522
0.000289218
0.000270153
0.000252257
0.000235465
0.000219715
0.000204946
0.000191102
0.000178132
0.000165983
0.000154607
0.000143961
0.000133999
0.000124683
0.000115972
0.000107832
0.000100226
9.31236e-05
8.6493e-05
8.03053e-05
7.45332e-05
6.91506e-05
6.41333e-05
5.94582e-05
5.51037e-05
5.10492e-05
4.72755e-05
4.37646e-05
4.04994e-05
3.74638e-05
3.46429e-05
3.20223e-05
2.95889e-05
2.73302e-05
2.52344e-05
2.32905e-05
2.14882e-05
1.98179e-05
1.82705e-05
1.68376e-05
1.55111e-05
1.42836e-05
1.31483e-05
1.20985e-05
1.11284e-05
1.0232e-05
9.40428e-06
8.64016e-06
7.93507e-06
7.28469e-06
6.68503e-06
6.13236e-06
5.62319e-06
5.15429e-06
4.72265e-06
4.32546e-06
3.96014e-06
3.62425e-06
3.31555e-06
3.03195e-06
2.77152e-06
2.53247e-06
2.31312e-06
2.11194e-06
1.92749e-06
1.75846e-06
1.60361e-06
1.46182e-06
1.33204e-06
1.2133e-06
1.10471e-06
1.00543e-06
9.14712e-07
8.31846e-07
7.56186e-07
6.87132e-07
6.24135e-07
5.66686e-07
5.14319e-07
4.66604e-07
4.23145e-07
3.8358e-07
3.47575e-07
3.14822e-07
2.85041e-07
2.57973e-07
2.33382e-07
2.11049e-07
1.90776e-07
1.72381e-07
1.55696e-07
1.4057e-07
1.26861e-07
1.14443e-07
1.03199e-07
9.30216e-08
8.38139e-08
7.54869e-08
6.79595e-08
6.11578e-08
5.50145e-08
4.94681e-08
4.44627e-08
3.99475e-08
3.58762e-08
3.22066e-08
2.89006e-08
2.59233e-08
2.32432e-08
2.08317e-08
1.86627e-08
1.67128e-08
1.49604e-08
1.33863e-08
1.19729e-08
1.07043e-08
9.56625e-09
8.54566e-09
7.63082e-09
6.81112e-09
6.07697e-09
5.41972e-09
4.83157e-09
4.30548e-09
3.83509e-09
3.41469e-09
3.03912e-09
2.70374e-09
2.40439e-09
2.13729e-09
1.89909e-09
1.68674e-09
1.49751e-09
1.32896e-09
1.1789e-09
1.04535e-09
9.26552e-10
8.20912e-10
7.27017e-10
6.43596e-10
5.69511e-10
5.03746e-10
4.45392e-10
3.93635e-10
3.47748e-10
3.07084e-10
2.71063e-10
2.39168e-10
2.10939e-10
1.85965e-10
1.6388e-10
1.44358e-10
1.27109e-10
1.11875e-10
9.84263e-11
8.65582e-11
7.60897e-11
6.68597e-11
5.8725e-11
5.15587e-11
4.52482e-11
3.96937e-11
3.48066e-11
3.05086e-11
2.67303e-11
2.34102e-11
2.04941e-11
1.79338e-11
1.56868e-11
1.37157e-11
1.19874e-11
1.04725e-11
9.14529e-12
7.98299e-12
6.96556e-12
6.07531e-12
5.29669e-12
4.61599e-12
4.02117e-12
3.50162e-12
3.04804e-12
2.65223e-12
2.30702e-12
2.00612e-12
1.744e-12
1.51584e-12
1.3174e-12
1.14502e-12
9.95492e-13
8.66035e-13
7.54261e-13
6.58121e-13
5.75887e-13
5.0612e-13
4.47658e-13
3.99605e-13
3.61323e-13
3.3244e-13
3.12854e-13
3.02808e-13
0.993152
0.978248
0.962627
0.946704
0.930693
0.91466
0.898647
0.882683
0.866786
0.850966
0.835229
0.81958
0.80402
0.788553
0.773183
0.757913
0.742748
0.727695
0.712759
0.697946
0.683262
0.668714
0.654307
0.640048
0.625943
0.611996
0.598213
0.584598
0.571155
0.55789
0.544805
0.531903
0.519188
0.506662
0.494327
0.482185
0.470238
0.458487
0.446934
0.435578
0.42442
0.413461
0.402701
0.392139
0.381775
0.371608
0.361637
0.351863
0.342282
0.332895
0.3237
0.314694
0.305878
0.297248
0.288803
0.280542
0.272462
0.26456
0.256836
0.249287
0.24191
0.234703
0.227664
0.220791
0.214081
0.207532
0.201142
0.194907
0.188826
0.182896
0.177115
0.171479
0.165988
0.160638
0.155426
0.150351
0.14541
0.140601
0.13592
0.131366
0.126936
0.122629
0.11844
0.114369
0.110413
0.106569
0.102835
0.0992092
0.0956891
0.0922724
0.088957
0.0857405
0.0826208
0.0795959
0.0766635
0.0738215
0.0710679
0.0684006
0.0658175
0.0633167
0.0608962
0.058554
0.0562881
0.0540968
0.0519779
0.0499299
0.0479507
0.0460385
0.0441917
0.0424085
0.0406871
0.0390258
0.037423
0.0358771
0.0343863
0.0329493
0.0315643
0.0302299
0.0289446
0.0277069
0.0265154
0.0253686
0.0242653
0.023204
0.0221834
0.0212023
0.0202593
0.0193533
0.018483
0.0176472
0.0168448
0.0160748
0.0153359
0.0146271
0.0139475
0.0132958
0.0126713
0.0120729
0.0114997
0.0109508
0.0104253
0.00992234
0.00944109
0.00898076
0.00854054
0.00811969
0.00771746
0.00733314
0.00696603
0.00661548
0.00628081
0.00596142
0.00565667
0.005366
0.00508882
0.00482459
0.00457278
0.00433287
0.00410437
0.0038868
0.00367969
0.0034826
0.00329511
0.00311679
0.00294726
0.00278612
0.00263301
0.00248756
0.00234945
0.00221833
0.0020939
0.00197585
0.00186388
0.00175772
0.00165709
0.00156174
0.00147142
0.00138588
0.00130492
0.00122829
0.0011558
0.00108724
0.00102242
0.000961155
0.000903272
0.000848601
0.000796979
0.000748254
0.000702278
0.00065891
0.000618016
0.000579469
0.000543145
0.000508928
0.000476707
0.000446376
0.000417833
0.000390983
0.000365735
0.000342
0.000319695
0.000298743
0.000279068
0.000260598
0.000243266
0.000227008
0.000211762
0.000197471
0.00018408
0.000171536
0.000159791
0.000148797
0.00013851
0.000128888
0.000119891
0.000111483
0.000103627
9.62896e-05
8.94394e-05
8.30465e-05
7.70824e-05
7.15205e-05
6.63357e-05
6.15041e-05
5.70035e-05
5.28128e-05
4.8912e-05
4.52826e-05
4.1907e-05
3.87686e-05
3.58518e-05
3.31421e-05
3.06257e-05
2.82897e-05
2.61221e-05
2.41115e-05
2.22472e-05
2.05193e-05
1.89185e-05
1.74359e-05
1.60634e-05
1.47932e-05
1.36183e-05
1.2532e-05
1.15278e-05
1.06001e-05
9.74321e-06
8.95218e-06
8.2222e-06
7.54882e-06
6.92791e-06
6.3556e-06
5.82831e-06
5.34268e-06
4.89561e-06
4.4842e-06
4.10576e-06
3.75778e-06
3.43795e-06
3.14411e-06
2.87425e-06
2.62652e-06
2.3992e-06
2.19069e-06
1.99951e-06
1.82429e-06
1.66377e-06
1.51677e-06
1.38221e-06
1.25909e-06
1.14648e-06
1.04352e-06
9.49436e-07
8.63488e-07
7.85006e-07
7.13372e-07
6.48016e-07
5.88412e-07
5.34076e-07
4.84563e-07
4.39464e-07
3.98403e-07
3.61032e-07
3.27035e-07
2.96121e-07
2.6802e-07
2.42489e-07
2.193e-07
1.9825e-07
1.79147e-07
1.61819e-07
1.46109e-07
1.3187e-07
1.1897e-07
1.07289e-07
9.67155e-08
8.71486e-08
7.8496e-08
7.06738e-08
6.36052e-08
5.72202e-08
5.14553e-08
4.62522e-08
4.15584e-08
3.73256e-08
3.35103e-08
3.00727e-08
2.69766e-08
2.41895e-08
2.16814e-08
1.94254e-08
1.7397e-08
1.55741e-08
1.39364e-08
1.24659e-08
1.11459e-08
9.96162e-09
8.89951e-09
7.94739e-09
7.09421e-09
6.33002e-09
5.64583e-09
5.03352e-09
4.48577e-09
3.99598e-09
3.55821e-09
3.16709e-09
2.8178e-09
2.506e-09
2.22779e-09
1.97965e-09
1.75842e-09
1.56127e-09
1.38565e-09
1.22928e-09
1.09011e-09
9.66289e-10
8.56183e-10
7.5831e-10
6.71348e-10
5.94114e-10
5.25548e-10
4.64702e-10
4.10732e-10
3.6288e-10
3.2047e-10
2.829e-10
2.49631e-10
2.20184e-10
1.9413e-10
1.71088e-10
1.50719e-10
1.3272e-10
1.16822e-10
1.02786e-10
9.03991e-11
7.94721e-11
6.9837e-11
6.13446e-11
5.38627e-11
4.72738e-11
4.14737e-11
3.63702e-11
3.18815e-11
2.79353e-11
2.44674e-11
2.14211e-11
1.87464e-11
1.63989e-11
1.43394e-11
1.25334e-11
1.09503e-11
9.56328e-12
8.34849e-12
7.28501e-12
6.35441e-12
5.54042e-12
4.82876e-12
4.20682e-12
3.66354e-12
3.1892e-12
2.77525e-12
2.41418e-12
2.09941e-12
1.82518e-12
1.58644e-12
1.37878e-12
1.19835e-12
1.04179e-12
9.06201e-13
7.89078e-13
6.88276e-13
6.01981e-13
5.28685e-13
4.67172e-13
4.16503e-13
3.76026e-13
3.45372e-13
3.24484e-13
3.13699e-13
0.99385
0.980558
0.966381
0.951669
0.936668
0.921478
0.906163
0.890769
0.875332
0.859878
0.844429
0.829001
0.813607
0.798261
0.782974
0.767756
0.752618
0.737569
0.722619
0.707776
0.69305
0.678448
0.663978
0.649647
0.635462
0.621428
0.607552
0.593838
0.580293
0.566919
0.553722
0.540704
0.52787
0.515222
0.502762
0.490493
0.478416
0.466534
0.454847
0.443357
0.432063
0.420968
0.41007
0.399369
0.388867
0.378561
0.368452
0.358538
0.348819
0.339294
0.329961
0.320819
0.311867
0.303102
0.294523
0.286129
0.277917
0.269885
0.262032
0.254355
0.246852
0.239521
0.232359
0.225365
0.218536
0.211869
0.205363
0.199014
0.192821
0.186781
0.180891
0.17515
0.169554
0.164102
0.15879
0.153616
0.148579
0.143675
0.138902
0.134257
0.129739
0.125344
0.121072
0.116918
0.11288
0.108958
0.105147
0.101446
0.0978527
0.0943645
0.0909794
0.0876951
0.0845094
0.0814201
0.078425
0.0755221
0.0727092
0.0699843
0.0673452
0.06479
0.0623166
0.0599231
0.0576074
0.0553676
0.0532019
0.0511083
0.049085
0.0471301
0.0452419
0.0434185
0.0416583
0.0399594
0.0383202
0.0367391
0.0352143
0.0337444
0.0323276
0.0309625
0.0296475
0.0283812
0.027162
0.0259886
0.0248595
0.0237734
0.0227288
0.0217246
0.0207594
0.019832
0.0189411
0.0180855
0.0172641
0.0164756
0.0157191
0.0149933
0.0142973
0.01363
0.0129904
0.0123776
0.0117905
0.0112282
0.0106899
0.0101747
0.00968168
0.00921006
0.00875903
0.00832782
0.00791567
0.00752185
0.00714565
0.00678639
0.0064434
0.00611603
0.00580368
0.00550572
0.00522159
0.00495072
0.00469256
0.00444659
0.0042123
0.00398921
0.00377684
0.00357473
0.00338245
0.00319958
0.00302569
0.00286042
0.00270336
0.00255417
0.00241248
0.00227797
0.0021503
0.00202918
0.00191429
0.00180535
0.00170209
0.00160424
0.00151154
0.00142375
0.00134064
0.00126199
0.00118757
0.00111719
0.00105064
0.000987745
0.000928313
0.000872175
0.000819165
0.000769127
0.00072191
0.000677368
0.000635366
0.00059577
0.000558457
0.000523306
0.000490203
0.00045904
0.000429713
0.000402123
0.000376177
0.000351785
0.000328862
0.000307328
0.000287104
0.000268118
0.000250302
0.000233587
0.000217913
0.000203219
0.00018945
0.000176551
0.000164472
0.000153165
0.000142585
0.000132688
0.000123434
0.000114784
0.000106702
9.91535e-05
9.21054e-05
8.55273e-05
7.939e-05
7.36663e-05
6.83302e-05
6.33574e-05
5.8725e-05
5.44111e-05
5.03956e-05
4.66591e-05
4.31836e-05
3.99521e-05
3.69487e-05
3.41583e-05
3.15668e-05
2.91609e-05
2.69283e-05
2.48573e-05
2.29368e-05
2.11568e-05
1.95075e-05
1.79799e-05
1.65656e-05
1.52568e-05
1.4046e-05
1.29264e-05
1.18914e-05
1.09351e-05
1.00518e-05
9.23638e-06
8.48378e-06
7.7895e-06
7.14927e-06
6.55912e-06
6.01534e-06
5.5145e-06
5.05339e-06
4.62903e-06
4.23865e-06
3.87968e-06
3.54971e-06
3.24654e-06
2.96809e-06
2.71246e-06
2.47787e-06
2.26267e-06
2.06535e-06
1.88449e-06
1.71879e-06
1.56704e-06
1.42811e-06
1.30099e-06
1.18472e-06
1.0784e-06
9.81236e-07
8.9247e-07
8.1141e-07
7.37418e-07
6.69905e-07
6.08329e-07
5.52192e-07
5.01035e-07
4.54434e-07
4.12002e-07
3.73382e-07
3.38246e-07
3.06292e-07
2.77246e-07
2.50853e-07
2.26881e-07
2.05116e-07
1.85365e-07
1.67448e-07
1.51201e-07
1.36475e-07
1.23134e-07
1.11052e-07
1.00114e-07
9.02174e-08
8.12659e-08
7.31728e-08
6.58588e-08
5.92518e-08
5.32858e-08
4.79011e-08
4.30429e-08
3.86617e-08
3.47122e-08
3.11535e-08
2.79481e-08
2.50624e-08
2.24653e-08
2.01292e-08
1.80286e-08
1.61406e-08
1.44444e-08
1.29212e-08
1.15538e-08
1.03269e-08
9.2265e-09
8.23997e-09
7.3559e-09
6.56398e-09
5.85491e-09
5.2203e-09
4.65255e-09
4.14484e-09
3.69102e-09
3.28554e-09
2.92339e-09
2.6001e-09
2.3116e-09
2.05427e-09
1.82483e-09
1.62035e-09
1.43818e-09
1.27598e-09
1.13159e-09
1.00314e-09
8.88896e-10
7.87339e-10
6.97097e-10
6.16944e-10
5.45782e-10
4.82628e-10
4.26606e-10
3.76931e-10
3.32903e-10
2.93896e-10
2.59352e-10
2.28774e-10
2.01718e-10
1.77788e-10
1.56632e-10
1.37937e-10
1.21423e-10
1.06842e-10
9.39726e-11
8.26195e-11
7.26079e-11
6.37832e-11
5.60078e-11
4.91599e-11
4.31315e-11
3.78267e-11
3.31606e-11
2.90581e-11
2.54526e-11
2.22853e-11
1.9504e-11
1.70628e-11
1.4921e-11
1.30427e-11
1.13961e-11
9.95327e-12
8.68955e-12
7.58316e-12
6.61493e-12
5.76798e-12
5.02743e-12
4.3802e-12
3.81479e-12
3.32108e-12
2.89018e-12
2.51431e-12
2.1866e-12
1.90106e-12
1.65245e-12
1.43617e-12
1.2482e-12
1.08507e-12
9.43751e-13
8.21623e-13
7.16455e-13
6.26354e-13
5.49747e-13
4.85366e-13
4.32238e-13
3.89691e-13
3.57366e-13
3.35247e-13
3.23765e-13
0.994369
0.982214
0.969135
0.955408
0.941259
0.926795
0.912093
0.897211
0.882193
0.867078
0.851899
0.836681
0.821449
0.806222
0.791019
0.775857
0.76075
0.745713
0.730758
0.715897
0.70114
0.686497
0.671977
0.657588
0.643338
0.629234
0.615283
0.601489
0.587859
0.574397
0.561108
0.547995
0.535063
0.522314
0.509752
0.497378
0.485195
0.473204
0.461408
0.449806
0.438401
0.427192
0.416181
0.405367
0.39475
0.38433
0.374106
0.364078
0.354245
0.344606
0.335159
0.325904
0.316839
0.307963
0.299274
0.290769
0.282449
0.274309
0.266349
0.258567
0.25096
0.243526
0.236262
0.229168
0.22224
0.215476
0.208874
0.202431
0.196145
0.190014
0.184035
0.178205
0.172523
0.166986
0.161591
0.156336
0.151218
0.146236
0.141386
0.136667
0.132075
0.127609
0.123266
0.119043
0.114939
0.110951
0.107076
0.103313
0.0996585
0.0961111
0.0926681
0.0893274
0.0860868
0.082944
0.0798969
0.0769433
0.0740811
0.0713082
0.0686225
0.066022
0.0635046
0.0610683
0.0587111
0.0564311
0.0542263
0.0520948
0.0500347
0.0480442
0.0461214
0.0442646
0.0424719
0.0407417
0.0390722
0.0374616
0.0359085
0.034411
0.0329677
0.031577
0.0302372
0.0289469
0.0277046
0.0265089
0.0253583
0.0242514
0.0231869
0.0221634
0.0211796
0.0202343
0.0193261
0.0184539
0.0176165
0.0168126
0.0160413
0.0153013
0.0145916
0.0139112
0.013259
0.012634
0.0120352
0.0114618
0.0109128
0.0103872
0.00988435
0.00940326
0.00894315
0.00850324
0.00808275
0.00768095
0.00729711
0.00693053
0.00658054
0.00624648
0.00592772
0.00562364
0.00533366
0.00505719
0.00479369
0.00454263
0.00430347
0.00407573
0.00385893
0.00365259
0.00345628
0.00326956
0.00309202
0.00292325
0.00276287
0.00261051
0.00246581
0.00232843
0.00219805
0.00207433
0.00195697
0.00184569
0.00174021
0.00164024
0.00154553
0.00145584
0.00137093
0.00129056
0.00121452
0.00114259
0.00107459
0.0010103
0.00094956
0.000892181
0.000837998
0.000786848
0.00073858
0.000693045
0.000650102
0.000609619
0.000571467
0.000535525
0.000501675
0.000469806
0.000439814
0.000411597
0.00038506
0.000360111
0.000336663
0.000314634
0.000293945
0.000274521
0.000256292
0.000239191
0.000223152
0.000208116
0.000194025
0.000180825
0.000168462
0.00015689
0.00014606
0.00013593
0.000126456
0.000117601
0.000109327
0.000101598
9.43812e-05
8.76453e-05
8.13606e-05
7.5499e-05
7.0034e-05
6.49409e-05
6.0196e-05
5.57772e-05
5.16637e-05
4.78359e-05
4.42752e-05
4.09644e-05
3.7887e-05
3.50277e-05
3.2372e-05
2.99065e-05
2.76184e-05
2.54957e-05
2.35273e-05
2.17027e-05
2.0012e-05
1.84459e-05
1.6996e-05
1.56541e-05
1.44126e-05
1.32645e-05
1.22032e-05
1.12224e-05
1.03166e-05
9.48018e-06
8.70823e-06
7.99605e-06
7.33927e-06
6.73382e-06
6.17593e-06
5.66205e-06
5.18891e-06
4.75345e-06
4.35283e-06
3.98442e-06
3.64576e-06
3.33458e-06
3.04877e-06
2.78635e-06
2.54552e-06
2.32459e-06
2.12199e-06
1.93629e-06
1.76614e-06
1.6103e-06
1.46763e-06
1.33707e-06
1.21764e-06
1.10844e-06
1.00863e-06
9.1744e-07
8.34162e-07
7.5814e-07
6.88772e-07
6.255e-07
5.67812e-07
5.15239e-07
4.67345e-07
4.23733e-07
3.84036e-07
3.47919e-07
3.15071e-07
2.85209e-07
2.58074e-07
2.33425e-07
2.11046e-07
1.90735e-07
1.72309e-07
1.55601e-07
1.40455e-07
1.26732e-07
1.14304e-07
1.03052e-07
9.28708e-08
8.36611e-08
7.5334e-08
6.78082e-08
6.10093e-08
5.48698e-08
4.9328e-08
4.43278e-08
3.98182e-08
3.57528e-08
3.20893e-08
2.87895e-08
2.58184e-08
2.31445e-08
2.0739e-08
1.85759e-08
1.66316e-08
1.48847e-08
1.33158e-08
1.19074e-08
1.06436e-08
9.51008e-09
8.49375e-09
7.58291e-09
6.76697e-09
6.03635e-09
5.3824e-09
4.79732e-09
4.27408e-09
3.80634e-09
3.38839e-09
3.0151e-09
2.68182e-09
2.38441e-09
2.1191e-09
1.88253e-09
1.67169e-09
1.48385e-09
1.31657e-09
1.16767e-09
1.03518e-09
9.17344e-10
8.12587e-10
7.19496e-10
6.36807e-10
5.63388e-10
4.98228e-10
4.40422e-10
3.89162e-10
3.43726e-10
3.0347e-10
2.67818e-10
2.36256e-10
2.08328e-10
1.83625e-10
1.61785e-10
1.42483e-10
1.25433e-10
1.10377e-10
9.70878e-11
8.53635e-11
7.50241e-11
6.59097e-11
5.78787e-11
5.08052e-11
4.45777e-11
3.90975e-11
3.42767e-11
3.0038e-11
2.63125e-11
2.30396e-11
2.01654e-11
1.76425e-11
1.54289e-11
1.34875e-11
1.17854e-11
1.0294e-11
8.98754e-12
7.84369e-12
6.84261e-12
5.96686e-12
5.20109e-12
4.53177e-12
3.94702e-12
3.43639e-12
2.9907e-12
2.60188e-12
2.26286e-12
1.96745e-12
1.7102e-12
1.48638e-12
1.29183e-12
1.12295e-12
9.76609e-13
8.50099e-13
7.41108e-13
6.47672e-13
5.68163e-13
5.01266e-13
4.45979e-13
4.01613e-13
3.67817e-13
3.44614e-13
3.32516e-13
0.994733
0.983364
0.971074
0.958084
0.94459
0.930698
0.916486
0.902017
0.887343
0.87251
0.857557
0.842518
0.827424
0.812301
0.797173
0.782061
0.766986
0.751963
0.737009
0.722136
0.707358
0.692686
0.678129
0.663698
0.649399
0.635243
0.621234
0.607379
0.593684
0.580155
0.566796
0.553611
0.540604
0.527778
0.515137
0.502682
0.490418
0.478344
0.466463
0.454777
0.443286
0.431991
0.420892
0.409991
0.399286
0.388778
0.378466
0.36835
0.35843
0.348703
0.339169
0.329828
0.320677
0.311715
0.30294
0.294351
0.285947
0.277725
0.269683
0.261819
0.254132
0.246619
0.239278
0.232106
0.225102
0.218263
0.211587
0.205072
0.198715
0.192513
0.186465
0.180568
0.174819
0.169217
0.163758
0.15844
0.153261
0.148218
0.143309
0.138532
0.133883
0.129362
0.124964
0.120689
0.116533
0.112494
0.10857
0.104759
0.101058
0.0974644
0.0939768
0.0905925
0.0873095
0.0841254
0.081038
0.0780453
0.075145
0.0723351
0.0696134
0.0669778
0.0644264
0.061957
0.0595677
0.0572566
0.0550215
0.0528607
0.0507721
0.0487541
0.0468046
0.0449218
0.0431041
0.0413496
0.0396565
0.0380232
0.0364481
0.0349293
0.0334654
0.0320548
0.0306958
0.029387
0.0281268
0.0269137
0.0257464
0.0246235
0.0235434
0.0225049
0.0215067
0.0205475
0.0196259
0.0187408
0.017891
0.0170752
0.0162924
0.0155413
0.014821
0.0141304
0.0134683
0.0128339
0.0122261
0.0116439
0.0110866
0.010553
0.0100424
0.00955399
0.00908682
0.00864013
0.00821316
0.00780514
0.00741535
0.00704308
0.00668763
0.00634836
0.00602461
0.00571576
0.00542122
0.0051404
0.00487273
0.00461769
0.00437474
0.00414337
0.00392311
0.00371348
0.00351402
0.0033243
0.0031439
0.00297241
0.00280943
0.00265461
0.00250756
0.00236794
0.00223542
0.00210968
0.0019904
0.00187729
0.00177006
0.00166844
0.00157217
0.00148099
0.00139466
0.00131295
0.00123564
0.00116251
0.00109336
0.00102799
0.000966225
0.000907875
0.000852772
0.000800753
0.000751661
0.000705348
0.00066167
0.000620492
0.000581683
0.00054512
0.000510684
0.000478263
0.000447749
0.00041904
0.000392039
0.000366653
0.000342794
0.000320377
0.000299323
0.000279556
0.000261003
0.000243598
0.000227273
0.000211969
0.000197625
0.000184188
0.000171603
0.000159821
0.000148796
0.000138482
0.000128836
0.000119819
0.000111394
0.000103523
9.61741e-05
8.93142e-05
8.29134e-05
7.69433e-05
7.1377e-05
6.61891e-05
6.13557e-05
5.68544e-05
5.26638e-05
4.8764e-05
4.51363e-05
4.1763e-05
3.86273e-05
3.57138e-05
3.30076e-05
3.04951e-05
2.81632e-05
2.59998e-05
2.39936e-05
2.21338e-05
2.04104e-05
1.88141e-05
1.7336e-05
1.5968e-05
1.47023e-05
1.35317e-05
1.24496e-05
1.14496e-05
1.05259e-05
9.67296e-06
8.88573e-06
8.15941e-06
7.48956e-06
6.87204e-06
6.30298e-06
5.7788e-06
5.29615e-06
4.85192e-06
4.44322e-06
4.06735e-06
3.72182e-06
3.40431e-06
3.11266e-06
2.84488e-06
2.59911e-06
2.37364e-06
2.16687e-06
1.97733e-06
1.80366e-06
1.64459e-06
1.49896e-06
1.36568e-06
1.24375e-06
1.13226e-06
1.03035e-06
9.37246e-07
8.52211e-07
7.74581e-07
7.03742e-07
6.39125e-07
5.80209e-07
5.26513e-07
4.77594e-07
4.33047e-07
3.92497e-07
3.556e-07
3.22043e-07
2.91534e-07
2.6381e-07
2.38625e-07
2.15758e-07
1.95003e-07
1.76173e-07
1.59098e-07
1.43619e-07
1.29593e-07
1.1689e-07
1.05389e-07
9.4981e-08
8.55662e-08
7.70532e-08
6.9359e-08
6.24077e-08
5.61302e-08
5.04635e-08
4.53504e-08
4.07388e-08
3.65811e-08
3.28344e-08
2.94594e-08
2.64205e-08
2.36853e-08
2.12247e-08
1.90118e-08
1.70227e-08
1.52355e-08
1.36303e-08
1.21893e-08
1.08961e-08
9.73612e-09
8.69606e-09
7.76391e-09
6.92883e-09
6.18104e-09
5.51168e-09
4.91278e-09
4.37716e-09
3.89834e-09
3.47046e-09
3.08827e-09
2.74705e-09
2.44251e-09
2.17085e-09
1.9286e-09
1.71268e-09
1.52031e-09
1.34898e-09
1.19647e-09
1.06077e-09
9.40068e-10
8.32757e-10
7.37391e-10
6.52677e-10
5.77457e-10
5.10694e-10
4.51464e-10
3.98939e-10
3.52379e-10
3.11124e-10
2.74586e-10
2.42239e-10
2.13614e-10
1.88294e-10
1.65906e-10
1.4612e-10
1.2864e-10
1.13205e-10
9.95804e-11
8.75594e-11
7.69578e-11
6.76118e-11
5.93762e-11
5.21223e-11
4.57356e-11
4.0115e-11
3.51705e-11
3.08227e-11
2.70013e-11
2.36438e-11
2.06953e-11
1.8107e-11
1.58359e-11
1.38439e-11
1.20975e-11
1.0567e-11
9.22638e-12
8.05252e-12
7.02513e-12
6.12632e-12
5.34033e-12
4.65331e-12
4.05307e-12
3.52888e-12
3.07132e-12
2.67213e-12
2.32405e-12
2.02071e-12
1.75654e-12
1.52666e-12
1.32684e-12
1.15335e-12
1.00298e-12
8.72952e-13
7.60891e-13
6.64778e-13
5.82937e-13
5.14019e-13
4.56994e-13
4.11165e-13
3.76185e-13
3.52107e-13
3.39513e-13
0.994965
0.984093
0.972312
0.959809
0.946758
0.933257
0.919386
0.905207
0.890776
0.876144
0.861353
0.846443
0.83145
0.816403
0.801331
0.786258
0.771207
0.756197
0.741245
0.726366
0.711575
0.696884
0.682304
0.667844
0.653514
0.639321
0.625274
0.611378
0.59764
0.584065
0.570659
0.557425
0.544367
0.531489
0.518795
0.506287
0.493966
0.481837
0.469899
0.458155
0.446606
0.435252
0.424095
0.413134
0.40237
0.391802
0.381431
0.371256
0.361275
0.351489
0.341897
0.332496
0.323287
0.314267
0.305434
0.296788
0.288327
0.280049
0.271951
0.264033
0.256291
0.248724
0.24133
0.234106
0.22705
0.220161
0.213435
0.20687
0.200465
0.194215
0.18812
0.182177
0.176383
0.170736
0.165234
0.159873
0.154652
0.149569
0.14462
0.139803
0.135116
0.130557
0.126123
0.121811
0.11762
0.113547
0.109589
0.105745
0.102012
0.0983877
0.0948696
0.0914558
0.0881438
0.0849316
0.0818169
0.0787975
0.0758713
0.0730361
0.0702899
0.0676305
0.0650559
0.062564
0.0601528
0.0578204
0.0555648
0.0533839
0.051276
0.0492391
0.0472714
0.045371
0.0435362
0.0417651
0.040056
0.0384072
0.036817
0.0352838
0.0338058
0.0323816
0.0310095
0.029688
0.0284156
0.0271907
0.026012
0.0248781
0.0237874
0.0227387
0.0217306
0.0207619
0.0198312
0.0189372
0.0180789
0.017255
0.0164643
0.0157057
0.0149781
0.0142805
0.0136117
0.0129708
0.0123568
0.0117688
0.0112057
0.0106667
0.0101508
0.00965732
0.00918531
0.008734
0.00830258
0.00789031
0.00749645
0.00712027
0.0067611
0.00641825
0.00609108
0.00577897
0.0054813
0.0051975
0.00492698
0.00466921
0.00442366
0.00418981
0.00396718
0.00375529
0.00355367
0.0033619
0.00317953
0.00300617
0.00284142
0.0026849
0.00253624
0.00239509
0.00226111
0.00213397
0.00201337
0.00189901
0.00179059
0.00168784
0.00159049
0.00149828
0.00141098
0.00132835
0.00125017
0.00117621
0.00110628
0.00104017
0.000977692
0.000918674
0.00086294
0.000810323
0.000760665
0.000713817
0.000669633
0.000627977
0.000588717
0.000551727
0.000516889
0.000484087
0.000453215
0.000424168
0.000396848
0.000371161
0.000347018
0.000324334
0.000303029
0.000283026
0.000264251
0.000246636
0.000230115
0.000214625
0.000200108
0.000186507
0.000173769
0.000161844
0.000150683
0.000140242
0.000130478
0.00012135
0.00011282
0.000104852
9.74116e-05
9.04662e-05
8.39854e-05
7.79405e-05
7.23043e-05
6.70511e-05
6.21567e-05
5.75983e-05
5.33546e-05
4.94052e-05
4.57312e-05
4.23147e-05
3.91389e-05
3.61879e-05
3.34468e-05
3.09018e-05
2.85398e-05
2.63483e-05
2.4316e-05
2.24319e-05
2.0686e-05
1.90687e-05
1.75712e-05
1.61851e-05
1.49026e-05
1.37166e-05
1.26201e-05
1.16068e-05
1.06707e-05
9.80637e-06
9.00857e-06
8.27248e-06
7.59359e-06
6.96772e-06
6.39095e-06
5.85964e-06
5.37042e-06
4.92012e-06
4.50581e-06
4.12478e-06
3.7745e-06
3.4526e-06
3.15692e-06
2.88543e-06
2.63624e-06
2.40763e-06
2.19798e-06
2.00578e-06
1.82967e-06
1.66836e-06
1.52067e-06
1.38551e-06
1.26185e-06
1.14878e-06
1.04542e-06
9.50982e-07
8.6473e-07
7.85986e-07
7.14128e-07
6.48579e-07
5.88811e-07
5.34337e-07
4.84707e-07
4.39511e-07
3.98369e-07
3.60933e-07
3.26883e-07
2.95926e-07
2.67792e-07
2.42236e-07
2.1903e-07
1.97967e-07
1.78857e-07
1.61527e-07
1.45816e-07
1.3158e-07
1.18686e-07
1.07012e-07
9.64473e-08
8.68901e-08
7.82481e-08
7.04369e-08
6.33797e-08
5.70063e-08
5.12529e-08
4.60614e-08
4.13789e-08
3.71572e-08
3.33526e-08
2.99253e-08
2.68392e-08
2.40616e-08
2.15625e-08
1.93151e-08
1.72949e-08
1.54796e-08
1.38492e-08
1.23854e-08
1.10718e-08
9.89345e-09
8.83688e-09
7.88991e-09
7.04152e-09
6.28177e-09
5.60169e-09
4.99319e-09
4.44895e-09
3.96241e-09
3.52762e-09
3.13924e-09
2.79248e-09
2.48299e-09
2.2069e-09
1.9607e-09
1.74124e-09
1.54571e-09
1.37157e-09
1.21655e-09
1.07861e-09
9.55908e-10
8.46817e-10
7.49867e-10
6.63742e-10
5.87266e-10
5.19388e-10
4.59165e-10
4.05757e-10
3.58414e-10
3.16463e-10
2.79308e-10
2.46412e-10
2.17302e-10
1.91551e-10
1.68782e-10
1.48658e-10
1.30879e-10
1.15179e-10
1.0132e-10
8.90922e-11
7.83076e-11
6.88e-11
6.04218e-11
5.30419e-11
4.65442e-11
4.08255e-11
3.57947e-11
3.13708e-11
2.74823e-11
2.40659e-11
2.10654e-11
1.84315e-11
1.61202e-11
1.40929e-11
1.23155e-11
1.07578e-11
9.39329e-12
8.19847e-12
7.1527e-12
6.23777e-12
5.43767e-12
4.73828e-12
4.12721e-12
3.59354e-12
3.1277e-12
2.72125e-12
2.36683e-12
2.05795e-12
1.78894e-12
1.55484e-12
1.35132e-12
1.17461e-12
1.02142e-12
8.88938e-13
7.74729e-13
6.76743e-13
5.93271e-13
5.22938e-13
4.64698e-13
4.17843e-13
3.82033e-13
3.57342e-13
3.444e-13
0.995077
0.984446
0.972915
0.960655
0.947826
0.934525
0.920827
0.906797
0.892492
0.877964
0.863258
0.848416
0.833475
0.818469
0.803426
0.788374
0.773337
0.758334
0.743383
0.728503
0.713706
0.699005
0.684413
0.669939
0.655593
0.641383
0.627316
0.6134
0.59964
0.586043
0.572612
0.559353
0.54627
0.533366
0.520645
0.508109
0.495761
0.483603
0.471637
0.459864
0.448285
0.436902
0.425715
0.414724
0.40393
0.393333
0.382931
0.372726
0.362715
0.3529
0.343277
0.333847
0.324608
0.315558
0.306697
0.298022
0.289532
0.281225
0.2731
0.265153
0.257384
0.24979
0.242369
0.235119
0.228037
0.221122
0.214371
0.207781
0.201351
0.195078
0.188959
0.182992
0.177176
0.171506
0.165982
0.1606
0.155357
0.150253
0.145284
0.140447
0.135741
0.131162
0.12671
0.12238
0.118171
0.114081
0.110106
0.106245
0.102496
0.0988558
0.0953224
0.0918935
0.088567
0.0853405
0.0822119
0.0791791
0.0762397
0.0733918
0.0706331
0.0679616
0.0653752
0.062872
0.0604497
0.0581066
0.0558405
0.0536495
0.0515318
0.0494853
0.0475084
0.0455991
0.0437555
0.041976
0.0402588
0.0386022
0.0370044
0.0354638
0.0339787
0.0325476
0.0311688
0.0298409
0.0285623
0.0273314
0.026147
0.0250074
0.0239114
0.0228575
0.0218444
0.0208708
0.0199355
0.0190371
0.0181744
0.0173464
0.0165517
0.0157893
0.015058
0.0143568
0.0136846
0.0130405
0.0124233
0.0118322
0.0112662
0.0107244
0.0102059
0.00970987
0.00923541
0.00878174
0.00834807
0.00793364
0.00753771
0.00715955
0.00679848
0.00645382
0.00612491
0.00581114
0.00551188
0.00522656
0.00495459
0.00469544
0.00444856
0.00421345
0.00398962
0.00377657
0.00357386
0.00338104
0.00319768
0.00302337
0.00285771
0.00270033
0.00255085
0.00240891
0.00227419
0.00214635
0.00202508
0.00191007
0.00180105
0.00169772
0.00159982
0.0015071
0.0014193
0.0013362
0.00125757
0.00118319
0.00111286
0.00104637
0.000983538
0.000924181
0.000868124
0.000815203
0.000765257
0.000718137
0.000673695
0.000631795
0.000592305
0.000555098
0.000520054
0.000487059
0.000456004
0.000426784
0.000399302
0.000373462
0.000349174
0.000326354
0.000304921
0.000284797
0.000265909
0.000248187
0.000231565
0.000215981
0.000201375
0.000187691
0.000174875
0.000162876
0.000151647
0.000141141
0.000131317
0.000122132
0.000113549
0.000105531
9.80438e-05
9.10548e-05
8.45332e-05
7.84501e-05
7.27782e-05
6.74916e-05
6.2566e-05
5.79786e-05
5.37077e-05
4.9733e-05
4.60354e-05
4.25968e-05
3.94004e-05
3.64303e-05
3.36714e-05
3.11099e-05
2.87324e-05
2.65265e-05
2.44808e-05
2.25844e-05
2.08269e-05
1.91989e-05
1.76915e-05
1.62962e-05
1.50052e-05
1.38112e-05
1.27073e-05
1.16872e-05
1.07448e-05
9.87466e-06
9.07145e-06
8.33036e-06
7.64685e-06
7.0167e-06
6.43599e-06
5.90104e-06
5.40844e-06
4.95504e-06
4.53787e-06
4.1542e-06
3.80148e-06
3.47735e-06
3.1796e-06
2.9062e-06
2.65527e-06
2.42505e-06
2.21391e-06
2.02036e-06
1.843e-06
1.68055e-06
1.5318e-06
1.39567e-06
1.27113e-06
1.15725e-06
1.05314e-06
9.58025e-07
8.71149e-07
7.91834e-07
7.19453e-07
6.53427e-07
5.93222e-07
5.38349e-07
4.88355e-07
4.42827e-07
4.01381e-07
3.63668e-07
3.29366e-07
2.98179e-07
2.69836e-07
2.44089e-07
2.20709e-07
1.99488e-07
1.80234e-07
1.62773e-07
1.46944e-07
1.326e-07
1.19608e-07
1.07846e-07
9.72001e-08
8.75698e-08
7.88615e-08
7.09904e-08
6.38788e-08
5.74562e-08
5.16584e-08
4.64266e-08
4.17076e-08
3.74531e-08
3.36187e-08
3.01646e-08
2.70543e-08
2.42548e-08
2.17361e-08
1.9471e-08
1.74347e-08
1.56051e-08
1.39617e-08
1.24862e-08
1.11621e-08
9.97432e-09
8.90927e-09
7.95468e-09
7.09945e-09
6.33356e-09
5.64798e-09
5.03453e-09
4.48587e-09
3.99536e-09
3.55701e-09
3.16546e-09
2.81585e-09
2.50382e-09
2.22544e-09
1.97721e-09
1.75594e-09
1.55878e-09
1.3832e-09
1.22688e-09
1.08778e-09
9.64059e-10
8.54053e-10
7.56288e-10
6.69437e-10
5.92316e-10
5.23862e-10
4.63129e-10
4.09267e-10
3.61521e-10
3.19212e-10
2.81739e-10
2.48562e-10
2.19201e-10
1.93228e-10
1.70263e-10
1.49965e-10
1.32032e-10
1.16196e-10
1.02216e-10
8.98818e-11
7.9003e-11
6.94122e-11
6.09605e-11
5.35158e-11
4.69608e-11
4.11917e-11
3.61163e-11
3.16533e-11
2.77303e-11
2.42834e-11
2.12562e-11
1.85987e-11
1.62667e-11
1.42213e-11
1.24279e-11
1.08562e-11
9.47936e-12
8.27374e-12
7.21849e-12
6.29525e-12
5.48787e-12
4.78211e-12
4.16545e-12
3.6269e-12
3.15678e-12
2.7466e-12
2.38891e-12
2.07717e-12
1.80566e-12
1.56938e-12
1.36396e-12
1.18558e-12
1.03094e-12
8.97189e-13
7.81873e-13
6.8292e-13
5.98606e-13
5.27543e-13
4.68675e-13
4.21291e-13
3.85053e-13
3.60045e-13
3.46922e-13
0.995077
0.984446
0.972915
0.960655
0.947826
0.934524
0.920826
0.906797
0.892492
0.877963
0.863257
0.848416
0.833475
0.818469
0.803426
0.788375
0.773337
0.758334
0.743384
0.728503
0.713706
0.699006
0.684413
0.66994
0.655594
0.641383
0.627317
0.613401
0.599641
0.586043
0.572613
0.559354
0.546271
0.533367
0.520646
0.50811
0.495762
0.483604
0.471638
0.459865
0.448286
0.436903
0.425716
0.414725
0.403931
0.393333
0.382932
0.372726
0.362716
0.3529
0.343278
0.333847
0.324608
0.315559
0.306697
0.298023
0.289533
0.281226
0.2731
0.265154
0.257385
0.249791
0.24237
0.235119
0.228038
0.221122
0.214371
0.207782
0.201351
0.195078
0.188959
0.182993
0.177176
0.171507
0.165982
0.1606
0.155358
0.150253
0.145284
0.140447
0.135741
0.131163
0.12671
0.12238
0.118171
0.114081
0.110106
0.106246
0.102496
0.0988561
0.0953227
0.0918938
0.0885673
0.0853408
0.0822122
0.0791793
0.07624
0.073392
0.0706333
0.0679619
0.0653755
0.0628722
0.06045
0.0581068
0.0558407
0.0536497
0.051532
0.0494856
0.0475086
0.0455993
0.0437557
0.0419762
0.040259
0.0386024
0.0370045
0.0354639
0.0339789
0.0325477
0.031169
0.0298411
0.0285624
0.0273316
0.0261471
0.0250075
0.0239115
0.0228576
0.0218445
0.0208709
0.0199356
0.0190372
0.0181746
0.0173465
0.0165518
0.0157894
0.0150581
0.0143569
0.0136847
0.0130406
0.0124234
0.0118323
0.0112663
0.0107245
0.010206
0.00970995
0.00923548
0.00878181
0.00834814
0.0079337
0.00753777
0.00715961
0.00679853
0.00645387
0.00612496
0.00581119
0.00551193
0.0052266
0.00495464
0.00469548
0.0044486
0.00421349
0.00398965
0.00377661
0.00357389
0.00338107
0.00319771
0.0030234
0.00285774
0.00270035
0.00255087
0.00240894
0.00227421
0.00214637
0.0020251
0.00191009
0.00180107
0.00169774
0.00159984
0.00150711
0.00141932
0.00133622
0.00125759
0.00118321
0.00111287
0.00104638
0.00098355
0.000924192
0.000868135
0.000815213
0.000765267
0.000718145
0.000673704
0.000631803
0.000592312
0.000555105
0.000520061
0.000487065
0.00045601
0.00042679
0.000399307
0.000373467
0.000349179
0.000326359
0.000304925
0.000284801
0.000265913
0.00024819
0.000231569
0.000215985
0.000201379
0.000187694
0.000174878
0.000162879
0.000151649
0.000141144
0.000131319
0.000122134
0.000113551
0.000105533
9.80455e-05
9.10563e-05
8.45347e-05
7.84515e-05
7.27795e-05
6.74928e-05
6.25672e-05
5.79797e-05
5.37087e-05
4.97339e-05
4.60362e-05
4.25976e-05
3.94012e-05
3.6431e-05
3.36721e-05
3.11105e-05
2.87329e-05
2.65271e-05
2.44813e-05
2.25848e-05
2.08273e-05
1.91993e-05
1.76918e-05
1.62965e-05
1.50055e-05
1.38115e-05
1.27076e-05
1.16875e-05
1.07451e-05
9.87488e-06
9.07166e-06
8.33055e-06
7.64703e-06
7.01687e-06
6.43614e-06
5.90118e-06
5.40858e-06
4.95516e-06
4.53799e-06
4.15431e-06
3.80158e-06
3.47743e-06
3.17968e-06
2.90628e-06
2.65534e-06
2.42511e-06
2.21397e-06
2.02042e-06
1.84305e-06
1.68059e-06
1.53185e-06
1.39571e-06
1.27117e-06
1.15728e-06
1.05318e-06
9.58053e-07
8.71175e-07
7.91858e-07
7.19475e-07
6.53447e-07
5.93241e-07
5.38366e-07
4.88371e-07
4.42841e-07
4.01394e-07
3.6368e-07
3.29376e-07
2.98188e-07
2.69845e-07
2.44097e-07
2.20716e-07
1.99495e-07
1.80241e-07
1.62779e-07
1.46949e-07
1.32605e-07
1.19613e-07
1.0785e-07
9.72036e-08
8.7573e-08
7.88645e-08
7.0993e-08
6.38812e-08
5.74584e-08
5.16603e-08
4.64284e-08
4.17093e-08
3.74545e-08
3.36201e-08
3.01658e-08
2.70554e-08
2.42558e-08
2.1737e-08
1.94718e-08
1.74355e-08
1.56057e-08
1.39623e-08
1.24868e-08
1.11626e-08
9.97476e-09
8.90966e-09
7.95503e-09
7.09977e-09
6.33385e-09
5.64823e-09
5.03476e-09
4.48608e-09
3.99554e-09
3.55718e-09
3.16561e-09
2.81598e-09
2.50394e-09
2.22555e-09
1.9773e-09
1.75602e-09
1.55886e-09
1.38327e-09
1.22695e-09
1.08784e-09
9.64109e-10
8.54098e-10
7.56327e-10
6.69472e-10
5.92347e-10
5.23891e-10
4.63154e-10
4.0929e-10
3.61541e-10
3.1923e-10
2.81754e-10
2.48576e-10
2.19213e-10
1.93239e-10
1.70272e-10
1.49973e-10
1.3204e-10
1.16202e-10
1.02222e-10
8.98872e-11
7.90078e-11
6.94164e-11
6.09642e-11
5.35191e-11
4.69637e-11
4.11942e-11
3.61186e-11
3.16553e-11
2.7732e-11
2.4285e-11
2.12576e-11
1.85999e-11
1.62678e-11
1.42222e-11
1.24287e-11
1.08569e-11
9.48001e-12
8.2743e-12
7.21899e-12
6.29569e-12
5.48826e-12
4.78245e-12
4.16575e-12
3.62716e-12
3.15701e-12
2.7468e-12
2.38908e-12
2.07732e-12
1.8058e-12
1.5695e-12
1.36406e-12
1.18567e-12
1.03102e-12
8.97258e-13
7.81934e-13
6.82973e-13
5.98653e-13
5.27585e-13
4.68712e-13
4.21325e-13
3.85083e-13
3.60074e-13
3.46949e-13
0.994965
0.984092
0.972311
0.959808
0.946757
0.933257
0.919385
0.905206
0.890776
0.876143
0.861353
0.846443
0.83145
0.816403
0.801331
0.786259
0.771208
0.756198
0.741246
0.726368
0.711577
0.696886
0.682305
0.667845
0.653515
0.639323
0.625276
0.61138
0.597642
0.584067
0.570661
0.557427
0.544369
0.531491
0.518797
0.506289
0.493969
0.481839
0.469901
0.458157
0.446608
0.435254
0.424097
0.413136
0.402372
0.391804
0.381433
0.371258
0.361277
0.351491
0.341899
0.332498
0.323288
0.314268
0.305436
0.29679
0.288329
0.28005
0.271953
0.264034
0.256293
0.248726
0.241331
0.234108
0.227052
0.220162
0.213436
0.206872
0.200466
0.194217
0.188122
0.182179
0.176385
0.170738
0.165235
0.159874
0.154654
0.14957
0.144621
0.139804
0.135117
0.130558
0.126124
0.121812
0.117621
0.113548
0.10959
0.105746
0.102013
0.0983886
0.0948706
0.0914567
0.0881447
0.0849325
0.0818178
0.0787984
0.0758721
0.0730369
0.0702907
0.0676313
0.0650566
0.0625647
0.0601536
0.0578211
0.0555655
0.0533846
0.0512767
0.0492398
0.047272
0.0453716
0.0435368
0.0417657
0.0400566
0.0384078
0.0368176
0.0352843
0.0338063
0.0323821
0.03101
0.0296885
0.028416
0.0271912
0.0260125
0.0248785
0.0237878
0.0227391
0.021731
0.0207622
0.0198315
0.0189376
0.0180792
0.0172553
0.0164646
0.015706
0.0149784
0.0142808
0.013612
0.0129711
0.0123571
0.011769
0.0112059
0.0106669
0.010151
0.00965753
0.00918551
0.00873419
0.00830277
0.00789049
0.00749662
0.00712044
0.00676126
0.0064184
0.00609123
0.00577911
0.00548144
0.00519763
0.00492711
0.00466933
0.00442377
0.00418992
0.00396729
0.00375539
0.00355377
0.00336199
0.00317962
0.00300626
0.0028415
0.00268498
0.00253631
0.00239516
0.00226117
0.00213404
0.00201344
0.00189907
0.00179064
0.00168789
0.00159054
0.00149833
0.00141103
0.0013284
0.00125021
0.00117625
0.00110631
0.0010402
0.000977726
0.000918707
0.00086297
0.000810352
0.000760693
0.000713843
0.000669658
0.000628001
0.000588739
0.000551748
0.000516909
0.000484106
0.000453233
0.000424185
0.000396864
0.000371176
0.000347033
0.000324348
0.000303042
0.000283038
0.000264262
0.000246647
0.000230125
0.000214635
0.000200117
0.000186515
0.000173777
0.000161851
0.00015069
0.000140249
0.000130484
0.000121356
0.000112826
0.000104857
9.74165e-05
9.04708e-05
8.39898e-05
7.79446e-05
7.23081e-05
6.70546e-05
6.216e-05
5.76015e-05
5.33575e-05
4.9408e-05
4.57338e-05
4.23171e-05
3.91411e-05
3.619e-05
3.34488e-05
3.09037e-05
2.85415e-05
2.63499e-05
2.43174e-05
2.24333e-05
2.06872e-05
1.90699e-05
1.75723e-05
1.61861e-05
1.49036e-05
1.37175e-05
1.26209e-05
1.16075e-05
1.06714e-05
9.80704e-06
9.00919e-06
8.27305e-06
7.59413e-06
6.96821e-06
6.39141e-06
5.86007e-06
5.37081e-06
4.92048e-06
4.50615e-06
4.1251e-06
3.77479e-06
3.45287e-06
3.15717e-06
2.88566e-06
2.63645e-06
2.40782e-06
2.19815e-06
2.00595e-06
1.82982e-06
1.6685e-06
1.5208e-06
1.38563e-06
1.26196e-06
1.14888e-06
1.04551e-06
9.51066e-07
8.64807e-07
7.86057e-07
7.14193e-07
6.48639e-07
5.88866e-07
5.34386e-07
4.84753e-07
4.39553e-07
3.98407e-07
3.60967e-07
3.26915e-07
2.95955e-07
2.67819e-07
2.4226e-07
2.19052e-07
1.97987e-07
1.78876e-07
1.61543e-07
1.45831e-07
1.31594e-07
1.18699e-07
1.07024e-07
9.64578e-08
8.68996e-08
7.82568e-08
7.04448e-08
6.33868e-08
5.70128e-08
5.12588e-08
4.60668e-08
4.13837e-08
3.71616e-08
3.33565e-08
2.99289e-08
2.68425e-08
2.40645e-08
2.15652e-08
1.93175e-08
1.72971e-08
1.54816e-08
1.3851e-08
1.2387e-08
1.10732e-08
9.89475e-09
8.83805e-09
7.89096e-09
7.04246e-09
6.28262e-09
5.60246e-09
4.99388e-09
4.44957e-09
3.96296e-09
3.52812e-09
3.13969e-09
2.79288e-09
2.48335e-09
2.20722e-09
1.96098e-09
1.7415e-09
1.54594e-09
1.37178e-09
1.21674e-09
1.07877e-09
9.56055e-10
8.46949e-10
7.49985e-10
6.63847e-10
5.8736e-10
5.19471e-10
4.59239e-10
4.05824e-10
3.58473e-10
3.16516e-10
2.79354e-10
2.46454e-10
2.17339e-10
1.91584e-10
1.68811e-10
1.48683e-10
1.30902e-10
1.15199e-10
1.01338e-10
8.91082e-11
7.83217e-11
6.88125e-11
6.04329e-11
5.30517e-11
4.65528e-11
4.08332e-11
3.58014e-11
3.13768e-11
2.74876e-11
2.40705e-11
2.10695e-11
1.84351e-11
1.61234e-11
1.40957e-11
1.2318e-11
1.076e-11
9.39521e-12
8.20016e-12
7.15418e-12
6.23907e-12
5.43881e-12
4.73929e-12
4.12809e-12
3.59431e-12
3.12837e-12
2.72185e-12
2.36735e-12
2.05841e-12
1.78934e-12
1.55519e-12
1.35163e-12
1.17487e-12
1.02166e-12
8.89143e-13
7.7491e-13
6.76902e-13
5.93411e-13
5.23062e-13
4.64809e-13
4.17943e-13
3.82124e-13
3.57427e-13
3.44481e-13
0.994733
0.983364
0.971073
0.958083
0.944589
0.930697
0.916485
0.902016
0.887343
0.87251
0.857557
0.842518
0.827424
0.812301
0.797174
0.782063
0.766987
0.751965
0.737011
0.722138
0.70736
0.692688
0.678132
0.6637
0.649402
0.635245
0.621236
0.607382
0.593687
0.580158
0.566799
0.553614
0.540607
0.527781
0.51514
0.502686
0.490421
0.478347
0.466467
0.45478
0.443289
0.431994
0.420895
0.409994
0.399289
0.388781
0.378469
0.368353
0.358433
0.348706
0.339172
0.32983
0.320679
0.311717
0.302943
0.294354
0.28595
0.277727
0.269685
0.261822
0.254134
0.246621
0.23928
0.232108
0.225104
0.218266
0.21159
0.205074
0.198717
0.192515
0.186467
0.18057
0.174821
0.169219
0.16376
0.158442
0.153263
0.14822
0.143311
0.138534
0.133885
0.129364
0.124966
0.120691
0.116535
0.112496
0.108572
0.104761
0.101059
0.097466
0.0939783
0.090594
0.0873109
0.0841268
0.0810394
0.0780467
0.0751464
0.0723364
0.0696147
0.0669791
0.0644276
0.0619582
0.0595689
0.0572577
0.0550226
0.0528618
0.0507732
0.0487551
0.0468056
0.0449228
0.0431051
0.0413505
0.0396574
0.0380241
0.0364489
0.0349302
0.0334663
0.0320556
0.0306966
0.0293877
0.0281275
0.0269145
0.0257471
0.0246241
0.0235441
0.0225056
0.0215073
0.0205481
0.0196265
0.0187414
0.0178915
0.0170757
0.0162929
0.0155418
0.0148215
0.0141308
0.0134688
0.0128343
0.0122265
0.0116443
0.0110869
0.0105534
0.0100428
0.00955433
0.00908714
0.00864045
0.00821346
0.00780544
0.00741563
0.00704335
0.00668789
0.00634861
0.00602485
0.00571599
0.00542144
0.00514061
0.00487294
0.00461788
0.00437493
0.00414355
0.00392328
0.00371364
0.00351418
0.00332445
0.00314404
0.00297255
0.00280957
0.00265473
0.00250768
0.00236806
0.00223553
0.00210978
0.0019905
0.00187739
0.00177015
0.00166853
0.00157225
0.00148107
0.00139474
0.00131302
0.00123571
0.00116257
0.00109342
0.00102805
0.000966281
0.000907928
0.000852822
0.0008008
0.000751706
0.000705391
0.000661711
0.00062053
0.000581719
0.000545154
0.000510717
0.000478294
0.000447778
0.000419068
0.000392066
0.000366678
0.000342817
0.000320399
0.000299344
0.000279575
0.000261022
0.000243615
0.00022729
0.000211984
0.00019764
0.000184202
0.000171616
0.000159834
0.000148808
0.000138493
0.000128846
0.000119829
0.000111403
0.000103532
9.61821e-05
8.93217e-05
8.29205e-05
7.695e-05
7.13833e-05
6.6195e-05
6.13612e-05
5.68595e-05
5.26686e-05
4.87685e-05
4.51405e-05
4.17669e-05
3.8631e-05
3.57172e-05
3.30108e-05
3.04981e-05
2.8166e-05
2.60024e-05
2.3996e-05
2.21361e-05
2.04125e-05
1.88161e-05
1.73378e-05
1.59697e-05
1.47038e-05
1.35332e-05
1.24509e-05
1.14509e-05
1.05271e-05
9.67406e-06
8.88675e-06
8.16035e-06
7.49044e-06
6.87285e-06
6.30374e-06
5.7795e-06
5.2968e-06
4.85252e-06
4.44377e-06
4.06786e-06
3.72229e-06
3.40474e-06
3.11306e-06
2.84525e-06
2.59945e-06
2.37395e-06
2.16716e-06
1.9776e-06
1.80391e-06
1.64482e-06
1.49917e-06
1.36587e-06
1.24393e-06
1.13242e-06
1.0305e-06
9.37383e-07
8.52337e-07
7.74697e-07
7.03848e-07
6.39223e-07
5.80298e-07
5.26595e-07
4.77669e-07
4.33115e-07
3.92559e-07
3.55657e-07
3.22095e-07
2.91582e-07
2.63853e-07
2.38665e-07
2.15794e-07
1.95036e-07
1.76204e-07
1.59125e-07
1.43644e-07
1.29616e-07
1.16911e-07
1.05408e-07
9.49982e-08
8.55818e-08
7.70674e-08
6.93719e-08
6.24194e-08
5.61408e-08
5.04731e-08
4.53592e-08
4.07467e-08
3.65883e-08
3.28409e-08
2.94653e-08
2.64258e-08
2.36901e-08
2.1229e-08
1.90158e-08
1.70263e-08
1.52387e-08
1.36332e-08
1.21919e-08
1.08985e-08
9.73824e-09
8.69797e-09
7.76563e-09
6.93038e-09
6.18243e-09
5.51293e-09
4.91391e-09
4.37818e-09
3.89925e-09
3.47128e-09
3.08901e-09
2.7477e-09
2.4431e-09
2.17137e-09
1.92907e-09
1.7131e-09
1.52068e-09
1.34932e-09
1.19678e-09
1.06104e-09
9.4031e-10
8.32973e-10
7.37584e-10
6.52849e-10
5.7761e-10
5.10831e-10
4.51586e-10
3.99047e-10
3.52476e-10
3.1121e-10
2.74663e-10
2.42307e-10
2.13674e-10
1.88347e-10
1.65954e-10
1.46162e-10
1.28678e-10
1.13238e-10
9.96099e-11
8.75856e-11
7.69809e-11
6.76323e-11
5.93944e-11
5.21383e-11
4.57498e-11
4.01275e-11
3.51816e-11
3.08325e-11
2.70099e-11
2.36514e-11
2.0702e-11
1.81129e-11
1.58411e-11
1.38485e-11
1.21015e-11
1.05706e-11
9.22952e-12
8.05528e-12
7.02755e-12
6.12844e-12
5.3422e-12
4.65496e-12
4.05451e-12
3.53014e-12
3.07243e-12
2.6731e-12
2.3249e-12
2.02145e-12
1.75719e-12
1.52724e-12
1.32734e-12
1.15378e-12
1.00336e-12
8.73288e-13
7.61186e-13
6.65037e-13
5.83166e-13
5.14222e-13
4.57176e-13
4.11329e-13
3.76334e-13
3.52246e-13
3.39647e-13
0.994369
0.982214
0.969135
0.955407
0.941258
0.926794
0.912092
0.897209
0.882192
0.867077
0.851898
0.836681
0.821449
0.806222
0.79102
0.775858
0.760752
0.745715
0.730761
0.7159
0.701143
0.6865
0.67198
0.657592
0.643342
0.629238
0.615287
0.601493
0.587863
0.574401
0.561112
0.548
0.535068
0.522319
0.509756
0.497382
0.485199
0.473209
0.461412
0.449811
0.438405
0.427197
0.416185
0.405371
0.394754
0.384334
0.37411
0.364082
0.354249
0.344609
0.335163
0.325908
0.316843
0.307967
0.299277
0.290773
0.282452
0.274313
0.266353
0.25857
0.250963
0.243529
0.236266
0.229171
0.222243
0.215479
0.208877
0.202434
0.196148
0.190017
0.184038
0.178208
0.172526
0.166989
0.161594
0.156339
0.151221
0.146239
0.141389
0.136669
0.132078
0.127611
0.123268
0.119046
0.114941
0.110953
0.107078
0.103315
0.0996607
0.0961132
0.0926702
0.0893294
0.0860887
0.0829459
0.0798988
0.0769451
0.0740829
0.07131
0.0686243
0.0660237
0.0635063
0.0610699
0.0587127
0.0564326
0.0542278
0.0520962
0.0500361
0.0480456
0.0461228
0.0442659
0.0424732
0.040743
0.0390734
0.0374629
0.0359097
0.0344122
0.0329688
0.031578
0.0302383
0.0289479
0.0277056
0.0265099
0.0253592
0.0242523
0.0231878
0.0221643
0.0211805
0.0202351
0.0193269
0.0184546
0.0176172
0.0168133
0.016042
0.015302
0.0145923
0.0139118
0.0132596
0.0126346
0.0120358
0.0114623
0.0109133
0.0103877
0.00988483
0.00940372
0.0089436
0.00850367
0.00808317
0.00768135
0.00729749
0.0069309
0.00658089
0.00624682
0.00592805
0.00562396
0.00533396
0.00505748
0.00479397
0.00454289
0.00430373
0.00407598
0.00385916
0.00365282
0.0034565
0.00326977
0.00309221
0.00292344
0.00276305
0.00261068
0.00246598
0.00232859
0.00219819
0.00207447
0.00195711
0.00184582
0.00174033
0.00164036
0.00154565
0.00145595
0.00137103
0.00129066
0.00121461
0.00114268
0.00107467
0.00101038
0.000949636
0.000892253
0.000838066
0.000786913
0.000738641
0.000693103
0.000650158
0.000609672
0.000571517
0.000535572
0.000501719
0.000469849
0.000439854
0.000411635
0.000385096
0.000360145
0.000336695
0.000314664
0.000293973
0.000274548
0.000256318
0.000239215
0.000223175
0.000208138
0.000194046
0.000180844
0.00016848
0.000156907
0.000146076
0.000135945
0.000126471
0.000117615
0.000109339
0.00010161
9.43922e-05
8.76557e-05
8.13703e-05
7.55081e-05
7.00426e-05
6.49489e-05
6.02034e-05
5.57842e-05
5.16703e-05
4.7842e-05
4.4281e-05
4.09697e-05
3.7892e-05
3.50324e-05
3.23764e-05
2.99106e-05
2.76222e-05
2.54993e-05
2.35306e-05
2.17058e-05
2.00148e-05
1.84486e-05
1.69985e-05
1.56564e-05
1.44147e-05
1.32665e-05
1.2205e-05
1.12242e-05
1.03182e-05
9.48168e-06
8.70962e-06
7.99734e-06
7.34046e-06
6.73493e-06
6.17695e-06
5.663e-06
5.18979e-06
4.75426e-06
4.35359e-06
3.98512e-06
3.64641e-06
3.33518e-06
3.04931e-06
2.78686e-06
2.54598e-06
2.32502e-06
2.12239e-06
1.93665e-06
1.76647e-06
1.61061e-06
1.46792e-06
1.33733e-06
1.21788e-06
1.10866e-06
1.00883e-06
9.17627e-07
8.34334e-07
7.58298e-07
6.88916e-07
6.25632e-07
5.67934e-07
5.1535e-07
4.67447e-07
4.23826e-07
3.84122e-07
3.47997e-07
3.15142e-07
2.85274e-07
2.58133e-07
2.3348e-07
2.11096e-07
1.90781e-07
1.72351e-07
1.55638e-07
1.40489e-07
1.26763e-07
1.14332e-07
1.03078e-07
9.28942e-08
8.36824e-08
7.53534e-08
6.78258e-08
6.10253e-08
5.48843e-08
4.93411e-08
4.43397e-08
3.9829e-08
3.57626e-08
3.20982e-08
2.87975e-08
2.58257e-08
2.3151e-08
2.07449e-08
1.85812e-08
1.66364e-08
1.48891e-08
1.33198e-08
1.1911e-08
1.06469e-08
9.51297e-09
8.49635e-09
7.58526e-09
6.76909e-09
6.03825e-09
5.3841e-09
4.79885e-09
4.27546e-09
3.80758e-09
3.38951e-09
3.0161e-09
2.68272e-09
2.38521e-09
2.11982e-09
1.88318e-09
1.67227e-09
1.48436e-09
1.31703e-09
1.16808e-09
1.03555e-09
9.17674e-10
8.12882e-10
7.19759e-10
6.37041e-10
5.63597e-10
4.98414e-10
4.40588e-10
3.8931e-10
3.43858e-10
3.03587e-10
2.67922e-10
2.36349e-10
2.0841e-10
1.83698e-10
1.6185e-10
1.42541e-10
1.25484e-10
1.10422e-10
9.7128e-11
8.53992e-11
7.50556e-11
6.59376e-11
5.79034e-11
5.0827e-11
4.45971e-11
3.91145e-11
3.42918e-11
3.00513e-11
2.63243e-11
2.305e-11
2.01746e-11
1.76506e-11
1.5436e-11
1.34937e-11
1.1791e-11
1.02988e-11
8.99181e-12
7.84744e-12
6.84591e-12
5.96976e-12
5.20363e-12
4.534e-12
3.94898e-12
3.43811e-12
2.99221e-12
2.6032e-12
2.26402e-12
1.96846e-12
1.71109e-12
1.48715e-12
1.29251e-12
1.12355e-12
9.77131e-13
8.50557e-13
7.41509e-13
6.48026e-13
5.68475e-13
5.01543e-13
4.46226e-13
4.01836e-13
3.68021e-13
3.44803e-13
3.32699e-13
0.99385
0.980558
0.96638
0.951668
0.936667
0.921476
0.906161
0.890767
0.875331
0.859877
0.844428
0.829
0.813608
0.798262
0.782975
0.767758
0.75262
0.737571
0.722622
0.70778
0.693054
0.678452
0.663982
0.649652
0.635466
0.621433
0.607556
0.593843
0.580298
0.566924
0.553727
0.54071
0.527875
0.515227
0.502767
0.490498
0.478422
0.46654
0.454853
0.443362
0.432069
0.420973
0.410075
0.399374
0.388872
0.378566
0.368457
0.358543
0.348824
0.339299
0.329966
0.320824
0.311871
0.303106
0.294528
0.286133
0.277921
0.269889
0.262036
0.254359
0.246856
0.239525
0.232363
0.225369
0.21854
0.211873
0.205366
0.199018
0.192825
0.186785
0.180895
0.175153
0.169558
0.164105
0.158793
0.15362
0.148582
0.143678
0.138905
0.13426
0.129742
0.125348
0.121074
0.116921
0.112883
0.10896
0.10515
0.101449
0.0978554
0.0943672
0.090982
0.0876976
0.0845118
0.0814225
0.0784274
0.0755244
0.0727115
0.0699865
0.0673474
0.0647921
0.0623186
0.059925
0.0576093
0.0553695
0.0532038
0.0511101
0.0490868
0.0471319
0.0452436
0.0434202
0.0416599
0.039961
0.0383218
0.0367406
0.0352158
0.0337458
0.032329
0.0309638
0.0296488
0.0283824
0.0271632
0.0259898
0.0248606
0.0237745
0.0227299
0.0217257
0.0207605
0.019833
0.0189421
0.0180864
0.017265
0.0164765
0.0157199
0.0149941
0.0142981
0.0136308
0.0129912
0.0123783
0.0117912
0.0112289
0.0106906
0.0101753
0.00968228
0.00921064
0.00875959
0.00832835
0.00791618
0.00752234
0.00714613
0.00678684
0.00644384
0.00611645
0.00580408
0.00550611
0.00522196
0.00495107
0.0046929
0.00444692
0.00421262
0.00398951
0.00377713
0.00357501
0.00338272
0.00319983
0.00302594
0.00286065
0.00270358
0.00255438
0.00241268
0.00227816
0.00215049
0.00202935
0.00191446
0.00180551
0.00170224
0.00160438
0.00151168
0.00142389
0.00134077
0.00126211
0.00118769
0.0011173
0.00105075
0.000987844
0.000928407
0.000872264
0.00081925
0.000769208
0.000721986
0.000677441
0.000635435
0.000595836
0.000558519
0.000523364
0.000490258
0.000459092
0.000429763
0.00040217
0.000376222
0.000351827
0.000328902
0.000307365
0.00028714
0.000268152
0.000250333
0.000233617
0.000217941
0.000203246
0.000189475
0.000176574
0.000164494
0.000153186
0.000142605
0.000132707
0.000123452
0.000114801
0.000106718
9.91681e-05
9.21191e-05
8.55401e-05
7.94021e-05
7.36776e-05
6.83408e-05
6.33674e-05
5.87343e-05
5.44198e-05
5.04037e-05
4.66667e-05
4.31907e-05
3.99588e-05
3.69549e-05
3.41641e-05
3.15722e-05
2.9166e-05
2.6933e-05
2.48617e-05
2.2941e-05
2.11606e-05
1.9511e-05
1.79832e-05
1.65687e-05
1.52597e-05
1.40487e-05
1.29289e-05
1.18937e-05
1.09373e-05
1.00539e-05
9.23824e-06
8.48551e-06
7.7911e-06
7.15075e-06
6.56049e-06
6.01661e-06
5.51568e-06
5.05448e-06
4.63004e-06
4.23959e-06
3.88054e-06
3.55051e-06
3.24728e-06
2.96877e-06
2.71309e-06
2.47845e-06
2.26321e-06
2.06584e-06
1.88494e-06
1.71921e-06
1.56742e-06
1.42847e-06
1.30132e-06
1.18502e-06
1.07868e-06
9.8149e-07
8.92703e-07
8.11624e-07
7.37614e-07
6.70084e-07
6.08494e-07
5.52343e-07
5.01173e-07
4.5456e-07
4.12118e-07
3.73488e-07
3.38342e-07
3.06381e-07
2.77327e-07
2.50927e-07
2.26948e-07
2.05178e-07
1.85421e-07
1.67499e-07
1.51248e-07
1.36518e-07
1.23173e-07
1.11087e-07
1.00146e-07
9.02466e-08
8.12924e-08
7.31968e-08
6.58807e-08
5.92716e-08
5.33039e-08
4.79174e-08
4.30577e-08
3.86751e-08
3.47244e-08
3.11645e-08
2.79581e-08
2.50714e-08
2.24735e-08
2.01366e-08
1.80353e-08
1.61466e-08
1.44498e-08
1.29261e-08
1.15582e-08
1.03309e-08
9.23009e-09
8.2432e-09
7.35881e-09
6.5666e-09
5.85727e-09
5.22242e-09
4.65446e-09
4.14656e-09
3.69256e-09
3.28692e-09
2.92463e-09
2.60121e-09
2.31259e-09
2.05516e-09
1.82563e-09
1.62106e-09
1.43883e-09
1.27655e-09
1.13211e-09
1.0036e-09
8.89305e-10
7.87704e-10
6.97424e-10
6.17235e-10
5.46041e-10
4.82859e-10
4.26812e-10
3.77115e-10
3.33066e-10
2.94041e-10
2.59482e-10
2.28889e-10
2.0182e-10
1.77879e-10
1.56713e-10
1.38009e-10
1.21486e-10
1.06898e-10
9.40225e-11
8.26637e-11
7.26471e-11
6.38178e-11
5.60385e-11
4.91871e-11
4.31555e-11
3.78479e-11
3.31793e-11
2.90746e-11
2.54672e-11
2.22982e-11
1.95154e-11
1.70728e-11
1.49298e-11
1.30505e-11
1.14029e-11
9.95929e-12
8.69485e-12
7.58782e-12
6.61902e-12
5.77157e-12
5.03058e-12
4.38297e-12
3.81722e-12
3.32321e-12
2.89205e-12
2.51594e-12
2.18803e-12
1.90232e-12
1.65355e-12
1.43713e-12
1.24905e-12
1.08581e-12
9.44398e-13
8.22191e-13
7.16953e-13
6.26792e-13
5.50134e-13
4.85709e-13
4.32545e-13
3.89968e-13
3.5762e-13
3.35483e-13
3.23992e-13
0.993151
0.978246
0.962625
0.946702
0.930692
0.914658
0.898646
0.882682
0.866785
0.850965
0.835229
0.81958
0.804021
0.788554
0.773184
0.757915
0.742751
0.727698
0.712762
0.697949
0.683266
0.668718
0.654312
0.640053
0.625948
0.612001
0.598218
0.584603
0.571161
0.557896
0.544811
0.531909
0.519194
0.506668
0.494333
0.482191
0.470245
0.458494
0.44694
0.435584
0.424426
0.413467
0.402707
0.392145
0.38178
0.371614
0.361643
0.351868
0.342288
0.3329
0.323705
0.3147
0.305883
0.297253
0.288808
0.280547
0.272467
0.264565
0.256841
0.249291
0.241914
0.234708
0.227669
0.220796
0.214086
0.207537
0.201146
0.194911
0.18883
0.1829
0.177119
0.171484
0.165992
0.160642
0.15543
0.150355
0.145414
0.140604
0.135924
0.13137
0.12694
0.122632
0.118444
0.114372
0.110416
0.106572
0.102838
0.0992124
0.0956922
0.0922755
0.0889599
0.0857434
0.0826237
0.0795986
0.0766662
0.0738241
0.0710705
0.0684031
0.06582
0.0633191
0.0608986
0.0585563
0.0562904
0.054099
0.0519801
0.049932
0.0479527
0.0460406
0.0441937
0.0424104
0.040689
0.0390276
0.0374248
0.0358788
0.034388
0.0329509
0.0315659
0.0302315
0.0289461
0.0277084
0.0265168
0.02537
0.0242667
0.0232053
0.0221847
0.0212035
0.0202605
0.0193544
0.0184841
0.0176483
0.0168459
0.0160758
0.0153369
0.0146281
0.0139484
0.0132967
0.0126722
0.0120738
0.0115005
0.0109516
0.010426
0.00992306
0.00944179
0.00898142
0.00854118
0.00812031
0.00771806
0.00733371
0.00696659
0.00661601
0.00628132
0.00596191
0.00565714
0.00536645
0.00508926
0.00482501
0.00457318
0.00433326
0.00410474
0.00388715
0.00368003
0.00348293
0.00329542
0.00311709
0.00294754
0.00278639
0.00263327
0.00248781
0.00234969
0.00221856
0.00209412
0.00197605
0.00186408
0.0017579
0.00165727
0.00156191
0.00147158
0.00138604
0.00130506
0.00122843
0.00115593
0.00108737
0.00102254
0.000961271
0.000903382
0.000848705
0.000797078
0.000748348
0.000702367
0.000658995
0.000618097
0.000579545
0.000543217
0.000508996
0.000476772
0.000446437
0.000417891
0.000391039
0.000365787
0.000342049
0.000319742
0.000298787
0.000279109
0.000260637
0.000243303
0.000227043
0.000211795
0.000197502
0.000184109
0.000171564
0.000159817
0.000148821
0.000138533
0.000128909
0.000119912
0.000111502
0.000103645
9.63065e-05
8.94554e-05
8.30614e-05
7.70964e-05
7.15337e-05
6.6348e-05
6.15157e-05
5.70144e-05
5.28229e-05
4.89216e-05
4.52916e-05
4.19153e-05
3.87763e-05
3.58591e-05
3.31489e-05
3.0632e-05
2.82956e-05
2.61276e-05
2.41167e-05
2.2252e-05
2.05238e-05
1.89227e-05
1.74398e-05
1.6067e-05
1.47966e-05
1.36215e-05
1.25349e-05
1.15305e-05
1.06026e-05
9.74555e-06
8.95435e-06
8.22422e-06
7.55069e-06
6.92964e-06
6.35721e-06
5.82979e-06
5.34406e-06
4.89689e-06
4.48538e-06
4.10685e-06
3.75879e-06
3.43889e-06
3.14497e-06
2.87505e-06
2.62726e-06
2.39988e-06
2.19131e-06
2.00008e-06
1.82482e-06
1.66426e-06
1.51722e-06
1.38263e-06
1.25947e-06
1.14683e-06
1.04385e-06
9.49732e-07
8.6376e-07
7.85256e-07
7.13601e-07
6.48226e-07
5.88605e-07
5.34252e-07
4.84725e-07
4.39612e-07
3.98538e-07
3.61156e-07
3.27149e-07
2.96224e-07
2.68115e-07
2.42575e-07
2.19379e-07
1.98321e-07
1.79213e-07
1.61879e-07
1.46163e-07
1.31919e-07
1.19016e-07
1.0733e-07
9.6753e-08
8.71826e-08
7.8527e-08
7.07019e-08
6.36307e-08
5.72434e-08
5.14763e-08
4.62713e-08
4.15757e-08
3.73413e-08
3.35245e-08
3.00855e-08
2.69883e-08
2.42e-08
2.16909e-08
1.9434e-08
1.74048e-08
1.55811e-08
1.39428e-08
1.24716e-08
1.11511e-08
9.96628e-09
8.90371e-09
7.95116e-09
7.09761e-09
6.33308e-09
5.64858e-09
5.03599e-09
4.48799e-09
3.99798e-09
3.56e-09
3.1687e-09
2.81925e-09
2.5073e-09
2.22895e-09
1.98069e-09
1.75935e-09
1.5621e-09
1.3864e-09
1.22995e-09
1.0907e-09
9.66824e-10
8.56661e-10
7.58737e-10
6.71729e-10
5.94454e-10
5.25851e-10
4.64973e-10
4.10973e-10
3.63094e-10
3.20661e-10
2.8307e-10
2.49782e-10
2.20318e-10
1.94249e-10
1.71194e-10
1.50813e-10
1.32803e-10
1.16896e-10
1.02852e-10
9.04574e-11
7.95237e-11
6.98827e-11
6.13851e-11
5.38985e-11
4.73055e-11
4.15017e-11
3.6395e-11
3.19034e-11
2.79546e-11
2.44845e-11
2.14362e-11
1.87597e-11
1.64106e-11
1.43497e-11
1.25425e-11
1.09583e-11
9.57031e-12
8.35467e-12
7.29045e-12
6.35919e-12
5.54462e-12
4.83244e-12
4.21005e-12
3.66638e-12
3.19169e-12
2.77743e-12
2.41609e-12
2.10108e-12
1.82665e-12
1.58773e-12
1.37991e-12
1.19933e-12
1.04265e-12
9.06956e-13
7.8974e-13
6.88857e-13
6.02492e-13
5.29136e-13
4.67572e-13
4.16861e-13
3.76349e-13
3.45668e-13
3.24759e-13
3.13964e-13
0.99218
0.974976
0.957589
0.94031
0.923197
0.906261
0.889518
0.872972
0.856615
0.840436
0.824424
0.808567
0.792854
0.77728
0.761839
0.74653
0.731352
0.716306
0.701396
0.686625
0.671996
0.657515
0.643186
0.629014
0.615004
0.601159
0.587485
0.573985
0.560663
0.547523
0.534568
0.521801
0.509224
0.496839
0.484649
0.472655
0.460858
0.449259
0.437859
0.426659
0.415658
0.404857
0.394256
0.383853
0.373649
0.363642
0.353832
0.344217
0.334796
0.325568
0.316531
0.307683
0.299024
0.29055
0.282259
0.274151
0.266222
0.258471
0.250895
0.243493
0.236261
0.229197
0.2223
0.215566
0.208994
0.20258
0.196322
0.190219
0.184266
0.178463
0.172806
0.167293
0.161921
0.156689
0.151593
0.14663
0.1418
0.137099
0.132524
0.128074
0.123746
0.119537
0.115446
0.111469
0.107606
0.103852
0.100206
0.0966667
0.0932305
0.0898955
0.0866597
0.0835208
0.0804766
0.0775252
0.0746644
0.071892
0.0692061
0.0666046
0.0640854
0.0616468
0.0592865
0.0570029
0.0547939
0.0526576
0.0505923
0.048596
0.0466671
0.0448036
0.043004
0.0412664
0.0395892
0.0379707
0.0364093
0.0349033
0.0334513
0.0320516
0.0307027
0.0294032
0.0281516
0.0269464
0.0257863
0.0246698
0.0235956
0.0225624
0.021569
0.020614
0.0196962
0.0188144
0.0179674
0.0171541
0.0163733
0.015624
0.0149051
0.0142155
0.0135543
0.0129204
0.0123129
0.0117309
0.0111733
0.0106395
0.0101284
0.00963927
0.00917129
0.00872367
0.00829564
0.00788646
0.00749541
0.00712178
0.00676492
0.00642416
0.00609886
0.00578842
0.00549224
0.00520975
0.00494039
0.00468363
0.00443894
0.00420584
0.00398383
0.00377244
0.00357124
0.00337979
0.00319766
0.00302446
0.0028598
0.00270329
0.0025546
0.00241336
0.00227924
0.00215193
0.00203111
0.00191649
0.00180779
0.00170472
0.00160704
0.00151449
0.00142682
0.00134381
0.00126522
0.00119086
0.00112052
0.00105399
0.000991095
0.000931656
0.000875499
0.000822461
0.000772385
0.000725122
0.000680527
0.000638465
0.000598806
0.000561423
0.0005262
0.000493021
0.00046178
0.000432373
0.000404701
0.000378673
0.000354198
0.000331191
0.000309573
0.000289267
0.000270199
0.000252301
0.000235506
0.000219753
0.000204982
0.000191137
0.000178164
0.000166013
0.000154636
0.000143988
0.000134025
0.000124707
0.000115995
0.000107853
0.000100246
9.31424e-05
8.65106e-05
8.03219e-05
7.45487e-05
6.91652e-05
6.4147e-05
5.9471e-05
5.51156e-05
5.10604e-05
4.7286e-05
4.37744e-05
4.05086e-05
3.74724e-05
3.46509e-05
3.20298e-05
2.9596e-05
2.73368e-05
2.52405e-05
2.32962e-05
2.14936e-05
1.98229e-05
1.82752e-05
1.68419e-05
1.55151e-05
1.42873e-05
1.31517e-05
1.21018e-05
1.11314e-05
1.02348e-05
9.40687e-06
8.64257e-06
7.9373e-06
7.28676e-06
6.68695e-06
6.13414e-06
5.62483e-06
5.15581e-06
4.72406e-06
4.32677e-06
3.96135e-06
3.62537e-06
3.31658e-06
3.0329e-06
2.7724e-06
2.53328e-06
2.31387e-06
2.11263e-06
1.92813e-06
1.75905e-06
1.60415e-06
1.46232e-06
1.3325e-06
1.21372e-06
1.1051e-06
1.00579e-06
9.1504e-07
8.32147e-07
7.56462e-07
6.87386e-07
6.24367e-07
5.66899e-07
5.14514e-07
4.66783e-07
4.23309e-07
3.8373e-07
3.47712e-07
3.14948e-07
2.85156e-07
2.58078e-07
2.33477e-07
2.11136e-07
1.90856e-07
1.72454e-07
1.55763e-07
1.4063e-07
1.26916e-07
1.14493e-07
1.03245e-07
9.30631e-08
8.38516e-08
7.55212e-08
6.79907e-08
6.11862e-08
5.50402e-08
4.94914e-08
4.44839e-08
3.99667e-08
3.58935e-08
3.22223e-08
2.89148e-08
2.59362e-08
2.32549e-08
2.08423e-08
1.86723e-08
1.67214e-08
1.49682e-08
1.33933e-08
1.19792e-08
1.071e-08
9.57141e-09
8.55031e-09
7.63501e-09
6.81489e-09
6.08036e-09
5.42278e-09
4.83432e-09
4.30795e-09
3.83731e-09
3.41668e-09
3.04091e-09
2.70535e-09
2.40583e-09
2.13858e-09
1.90024e-09
1.68777e-09
1.49844e-09
1.32979e-09
1.17965e-09
1.04602e-09
9.27145e-10
8.21442e-10
7.2749e-10
6.44018e-10
5.69888e-10
5.04083e-10
4.45692e-10
3.93902e-10
3.47986e-10
3.07296e-10
2.71251e-10
2.39336e-10
2.11088e-10
1.86098e-10
1.63998e-10
1.44463e-10
1.27202e-10
1.11958e-10
9.84992e-11
8.66229e-11
7.6147e-11
6.69104e-11
5.87699e-11
5.15984e-11
4.52834e-11
3.97248e-11
3.48341e-11
3.05329e-11
2.67518e-11
2.34292e-11
2.05108e-11
1.79485e-11
1.56998e-11
1.37272e-11
1.19975e-11
1.04814e-11
9.15309e-12
7.98986e-12
6.97159e-12
6.08061e-12
5.30135e-12
4.62008e-12
4.02476e-12
3.50477e-12
3.0508e-12
2.65465e-12
2.30915e-12
2.00798e-12
1.74563e-12
1.51726e-12
1.31865e-12
1.14611e-12
9.96448e-13
8.66873e-13
7.54995e-13
6.58765e-13
5.76454e-13
5.0662e-13
4.48102e-13
4.00002e-13
3.61683e-13
3.3277e-13
3.1316e-13
3.031e-13
0.990436
0.970057
0.950863
0.932265
0.914048
0.896222
0.878784
0.861701
0.844932
0.828441
0.812195
0.796164
0.780329
0.764672
0.749183
0.733852
0.718676
0.703653
0.688783
0.674066
0.659505
0.645104
0.630865
0.616792
0.602889
0.58916
0.575608
0.562237
0.54905
0.536051
0.523241
0.510624
0.498201
0.485974
0.473945
0.462115
0.450485
0.439056
0.427827
0.4168
0.405974
0.395349
0.384924
0.374699
0.364672
0.354844
0.345212
0.335775
0.326531
0.31748
0.308619
0.299947
0.291461
0.28316
0.275041
0.267103
0.259343
0.251759
0.244348
0.237108
0.230037
0.223133
0.216392
0.209813
0.203392
0.197128
0.191019
0.18506
0.17925
0.173587
0.168068
0.16269
0.157451
0.152349
0.14738
0.142543
0.137835
0.133254
0.128796
0.124461
0.120245
0.116146
0.112162
0.10829
0.104529
0.100875
0.0973264
0.0938815
0.0905378
0.087293
0.0841449
0.0810916
0.0781307
0.0752603
0.0724783
0.0697825
0.0671711
0.064642
0.0621932
0.0598229
0.057529
0.0553097
0.0531631
0.0510874
0.0490808
0.0471415
0.0452676
0.0434576
0.0417097
0.0400222
0.0383934
0.0368218
0.0353057
0.0338436
0.0324339
0.0310751
0.0297658
0.0285044
0.0272896
0.02612
0.0249941
0.0239107
0.0228684
0.021866
0.0209021
0.0199756
0.0190853
0.0182299
0.0174084
0.0166195
0.0158623
0.0151357
0.0144385
0.0137698
0.0131287
0.0125141
0.0119251
0.0113608
0.0108204
0.0103028
0.00980746
0.00933338
0.00887981
0.008446
0.0080312
0.00763468
0.00725575
0.00689373
0.00654797
0.00621783
0.00590268
0.00560195
0.00531504
0.00504141
0.00478052
0.00453183
0.00429486
0.00406912
0.00385413
0.00364944
0.00345462
0.00326925
0.00309292
0.00292524
0.00276584
0.00261434
0.00247041
0.0023337
0.00220389
0.00208068
0.00196375
0.00185284
0.00174765
0.00164793
0.00155342
0.00146387
0.00137906
0.00129875
0.00122274
0.00115081
0.00108277
0.00101843
0.000957603
0.000900122
0.000845818
0.000794534
0.000746116
0.00070042
0.000657307
0.000616645
0.000578308
0.000542174
0.000508128
0.000476062
0.000445869
0.000417451
0.000390711
0.000365561
0.000341913
0.000319686
0.000298801
0.000279184
0.000260765
0.000243477
0.000227257
0.000212043
0.000197778
0.000184408
0.000171881
0.000160149
0.000149165
0.000138884
0.000129267
0.000120272
0.000111863
0.000104004
9.66631e-05
8.98076e-05
8.3408e-05
7.74364e-05
7.1866e-05
6.6672e-05
6.18308e-05
5.732e-05
5.31188e-05
4.92073e-05
4.5567e-05
4.21803e-05
3.90309e-05
3.61031e-05
3.33826e-05
3.08554e-05
2.85089e-05
2.6331e-05
2.43103e-05
2.24362e-05
2.06987e-05
1.90886e-05
1.7597e-05
1.62158e-05
1.49374e-05
1.37545e-05
1.26604e-05
1.16489e-05
1.0714e-05
9.85046e-06
9.053e-06
8.31689e-06
7.63768e-06
7.01123e-06
6.43367e-06
5.9014e-06
5.41105e-06
4.95952e-06
4.5439e-06
4.16148e-06
3.80976e-06
3.4864e-06
3.18923e-06
2.91625e-06
2.66559e-06
2.43551e-06
2.22441e-06
2.03081e-06
1.85333e-06
1.69069e-06
1.54171e-06
1.40531e-06
1.28046e-06
1.16624e-06
1.06179e-06
9.66305e-07
8.79058e-07
7.9937e-07
7.26616e-07
6.60219e-07
5.99649e-07
5.44418e-07
4.94076e-07
4.4821e-07
4.06438e-07
3.6841e-07
3.33807e-07
3.02332e-07
2.73714e-07
2.47705e-07
2.24078e-07
2.02622e-07
1.83146e-07
1.65476e-07
1.4945e-07
1.34921e-07
1.21756e-07
1.0983e-07
9.90324e-08
8.926e-08
8.04193e-08
7.24247e-08
6.51983e-08
5.86691e-08
5.27723e-08
4.74488e-08
4.26449e-08
3.83117e-08
3.44048e-08
3.08837e-08
2.77116e-08
2.48552e-08
2.2284e-08
1.99707e-08
1.78902e-08
1.60199e-08
1.43392e-08
1.28296e-08
1.14742e-08
1.02578e-08
9.16659e-09
8.1881e-09
7.31105e-09
6.52526e-09
5.82154e-09
5.19157e-09
4.62788e-09
4.12369e-09
3.67292e-09
3.27007e-09
2.91022e-09
2.58889e-09
2.3021e-09
2.04623e-09
1.81806e-09
1.61466e-09
1.43342e-09
1.27201e-09
1.1283e-09
1.00042e-09
8.86664e-10
7.8552e-10
6.95626e-10
6.15766e-10
5.44849e-10
4.819e-10
4.26048e-10
3.76514e-10
3.32601e-10
2.93689e-10
2.59222e-10
2.28705e-10
2.01698e-10
1.77806e-10
1.5668e-10
1.38007e-10
1.21509e-10
1.06939e-10
9.40769e-11
8.27278e-11
7.27178e-11
6.38925e-11
5.61152e-11
4.92641e-11
4.32316e-11
3.79222e-11
3.3251e-11
2.91432e-11
2.55323e-11
2.23596e-11
1.9573e-11
1.71267e-11
1.49799e-11
1.30968e-11
1.14456e-11
9.99857e-12
8.73086e-12
7.62074e-12
6.64904e-12
5.79888e-12
5.05536e-12
4.4054e-12
3.83748e-12
3.34146e-12
2.90845e-12
2.53063e-12
2.20114e-12
1.91396e-12
1.66382e-12
1.44612e-12
1.25681e-12
1.09239e-12
9.49805e-13
8.26401e-13
7.199e-13
6.28353e-13
5.50113e-13
4.83812e-13
4.28343e-13
3.82849e-13
3.46713e-13
3.19555e-13
3.01232e-13
2.91897e-13
0.987357
0.962619
0.94192
0.922209
0.903013
0.884442
0.866458
0.848972
0.831905
0.815193
0.798784
0.782638
0.766725
0.751021
0.735511
0.720182
0.705028
0.690044
0.675227
0.660577
0.646096
0.631785
0.617646
0.603683
0.589898
0.576295
0.562877
0.549646
0.536606
0.523758
0.511106
0.49865
0.486394
0.474337
0.462482
0.45083
0.43938
0.428133
0.417089
0.406249
0.395611
0.385175
0.374941
0.364907
0.355073
0.345436
0.335996
0.32675
0.317698
0.308838
0.300167
0.291683
0.283385
0.27527
0.267336
0.259581
0.252002
0.244597
0.237363
0.230299
0.223401
0.216668
0.210095
0.203682
0.197426
0.191323
0.185372
0.179569
0.173913
0.1684
0.163029
0.157796
0.1527
0.147737
0.142905
0.138202
0.133625
0.129172
0.124841
0.120628
0.116532
0.112551
0.108681
0.104921
0.101269
0.0977219
0.0942777
0.0909342
0.0876892
0.0845406
0.0814863
0.0785242
0.0756522
0.0728681
0.0701701
0.067556
0.065024
0.062572
0.0601981
0.0579004
0.055677
0.0535261
0.0514459
0.0494346
0.0474903
0.0456114
0.0437961
0.0420428
0.0403497
0.0387152
0.0371378
0.0356158
0.0341477
0.0327319
0.031367
0.0300515
0.028784
0.0275629
0.0263871
0.0252549
0.0241653
0.0231167
0.0221081
0.021138
0.0202054
0.0193089
0.0184475
0.0176199
0.0168251
0.016062
0.0153296
0.0146267
0.0139524
0.0133057
0.0126856
0.0120912
0.0115217
0.010976
0.0104534
0.00995303
0.00947406
0.00901572
0.00857723
0.00815786
0.00775688
0.0073736
0.00700734
0.00665744
0.00632326
0.00600419
0.00569964
0.00540902
0.00513178
0.00486738
0.00461529
0.00437502
0.00414607
0.00392798
0.00372029
0.00352256
0.00333437
0.00315532
0.002985
0.00282305
0.0026691
0.00252279
0.00238379
0.00225178
0.00212643
0.00200746
0.00189457
0.00178748
0.00168593
0.00158966
0.00149842
0.00141198
0.00133011
0.0012526
0.00117923
0.00110981
0.00104415
0.000982056
0.00092336
0.000867894
0.000815496
0.000766014
0.0007193
0.000675215
0.000633623
0.000594398
0.000557417
0.000522563
0.000489725
0.000458798
0.000429679
0.000402273
0.000376487
0.000352235
0.000329433
0.000308002
0.000287866
0.000268954
0.000251197
0.000234532
0.000218896
0.000204231
0.000190482
0.000177596
0.000165524
0.000154218
0.000143633
0.000133727
0.00012446
0.000115794
0.000107692
0.000100121
9.30494e-05
8.64456e-05
8.02814e-05
7.45297e-05
6.91648e-05
6.41626e-05
5.95004e-05
5.51567e-05
5.11113e-05
4.73451e-05
4.38402e-05
4.05797e-05
3.75477e-05
3.47294e-05
3.21106e-05
2.96781e-05
2.74197e-05
2.53236e-05
2.33789e-05
2.15754e-05
1.99035e-05
1.83542e-05
1.69191e-05
1.55903e-05
1.43603e-05
1.32224e-05
1.21699e-05
1.1197e-05
1.02979e-05
9.46729e-06
8.70036e-06
7.99248e-06
7.33935e-06
6.73699e-06
6.18167e-06
5.66992e-06
5.19852e-06
4.76446e-06
4.36493e-06
3.99735e-06
3.65929e-06
3.34851e-06
3.06292e-06
2.80059e-06
2.55972e-06
2.33865e-06
2.13583e-06
1.94982e-06
1.77932e-06
1.62308e-06
1.47997e-06
1.34895e-06
1.22904e-06
1.11934e-06
1.01903e-06
9.2734e-07
8.43562e-07
7.67047e-07
6.97194e-07
6.33449e-07
5.75302e-07
5.22283e-07
4.7396e-07
4.29936e-07
3.89844e-07
3.53348e-07
3.20141e-07
2.89937e-07
2.62477e-07
2.37522e-07
2.14853e-07
1.94269e-07
1.75586e-07
1.58636e-07
1.43264e-07
1.29329e-07
1.16702e-07
1.05265e-07
9.49107e-08
8.554e-08
7.70631e-08
6.93981e-08
6.247e-08
5.62107e-08
5.05579e-08
4.54551e-08
4.08506e-08
3.66976e-08
3.29533e-08
2.9579e-08
2.65393e-08
2.38023e-08
2.13388e-08
1.91224e-08
1.71293e-08
1.53376e-08
1.37277e-08
1.22817e-08
1.09835e-08
9.81857e-09
8.77355e-09
7.83654e-09
6.99673e-09
6.24435e-09
5.57059e-09
4.96748e-09
4.42785e-09
3.94521e-09
3.51374e-09
3.12817e-09
2.78376e-09
2.47625e-09
2.2018e-09
1.95696e-09
1.73863e-09
1.54403e-09
1.37064e-09
1.21622e-09
1.07875e-09
9.56426e-10
8.47623e-10
7.50887e-10
6.64917e-10
5.88546e-10
5.20732e-10
4.60542e-10
4.07141e-10
3.59783e-10
3.17802e-10
2.80604e-10
2.47658e-10
2.18489e-10
1.92677e-10
1.69843e-10
1.49654e-10
1.3181e-10
1.16046e-10
1.02125e-10
8.98365e-11
7.89941e-11
6.94317e-11
6.10015e-11
5.35728e-11
4.70293e-11
4.1268e-11
3.61975e-11
3.17369e-11
2.78144e-11
2.43667e-11
2.13375e-11
1.86772e-11
1.63418e-11
1.42925e-11
1.2495e-11
1.09191e-11
9.53805e-12
8.32821e-12
7.26885e-12
6.34164e-12
5.53045e-12
4.82106e-12
4.20098e-12
3.65919e-12
3.18604e-12
2.77302e-12
2.41266e-12
2.09843e-12
1.82457e-12
1.58606e-12
1.3785e-12
1.19804e-12
1.04134e-12
9.05467e-13
7.87913e-13
6.86502e-13
5.99379e-13
5.24976e-13
4.61993e-13
4.09376e-13
3.66307e-13
3.32191e-13
3.06648e-13
2.89503e-13
2.80829e-13
0.985775
0.953793
0.93105
0.910101
0.890086
0.871025
0.852735
0.835042
0.817828
0.801009
0.784525
0.76833
0.75239
0.736678
0.721178
0.705875
0.69076
0.675829
0.661079
0.646507
0.632114
0.617902
0.603871
0.590025
0.576366
0.562896
0.549618
0.536534
0.523647
0.510959
0.498471
0.486185
0.474103
0.462225
0.450552
0.439085
0.427824
0.416768
0.405918
0.395273
0.384833
0.374596
0.364561
0.354727
0.345094
0.335658
0.326419
0.317375
0.308523
0.299862
0.29139
0.283104
0.275002
0.267082
0.259342
0.251778
0.244389
0.237172
0.230124
0.223243
0.216527
0.209972
0.203576
0.197337
0.191252
0.185317
0.179532
0.173892
0.168396
0.163041
0.157824
0.152743
0.147795
0.142978
0.138289
0.133726
0.129286
0.124967
0.120766
0.116682
0.112711
0.108852
0.105101
0.101458
0.0979195
0.0944832
0.091147
0.0879088
0.0847664
0.0817178
0.0787607
0.0758933
0.0731133
0.0704188
0.0678077
0.0652782
0.0628283
0.060456
0.0581595
0.055937
0.0537865
0.0517063
0.0496946
0.0477496
0.0458696
0.044053
0.042298
0.0406029
0.0389663
0.0373864
0.0358617
0.0343908
0.0329719
0.0316038
0.0302849
0.0290137
0.027789
0.0266093
0.0254732
0.0243795
0.0233268
0.022314
0.0213397
0.0204027
0.0195019
0.0186361
0.0178041
0.0170049
0.0162374
0.0155005
0.0147932
0.0141145
0.0134634
0.012839
0.0122403
0.0116665
0.0111166
0.0105899
0.0100854
0.00960236
0.00914002
0.0086976
0.00827436
0.00786959
0.00748258
0.00711266
0.00675918
0.0064215
0.006099
0.00579109
0.0054972
0.00521677
0.00494925
0.00469413
0.0044509
0.00421907
0.00399818
0.00378776
0.00358739
0.00339663
0.00321509
0.00304236
0.00287806
0.00272184
0.00257334
0.00243221
0.00229814
0.00217081
0.00204992
0.00193518
0.0018263
0.00172302
0.00162509
0.00153225
0.00144427
0.00136091
0.00128197
0.00120723
0.00113649
0.00106955
0.00100624
0.000946377
0.000889789
0.000836315
0.000785802
0.0007381
0.000693069
0.000650572
0.00061048
0.000572671
0.000537026
0.000503432
0.000471783
0.000441975
0.000413912
0.0003875
0.00036265
0.000339279
0.000317306
0.000296655
0.000277252
0.00025903
0.000241921
0.000225864
0.0002108
0.000196671
0.000183426
0.000171012
0.000159382
0.000148491
0.000138295
0.000128753
0.000119827
0.00011148
0.000103677
9.63851e-05
8.95741e-05
8.32143e-05
7.7278e-05
7.17391e-05
6.6573e-05
6.17563e-05
5.7267e-05
5.30847e-05
4.91896e-05
4.55635e-05
4.21891e-05
3.90502e-05
3.61313e-05
3.34182e-05
3.08972e-05
2.85557e-05
2.63818e-05
2.43642e-05
2.24925e-05
2.07567e-05
1.91476e-05
1.76565e-05
1.62754e-05
1.49966e-05
1.38131e-05
1.27181e-05
1.17054e-05
1.07692e-05
9.90407e-06
9.10496e-06
8.3671e-06
7.68606e-06
7.05774e-06
6.47827e-06
5.94407e-06
5.45181e-06
4.99837e-06
4.58085e-06
4.19658e-06
3.84304e-06
3.51791e-06
3.21903e-06
2.94438e-06
2.69211e-06
2.46048e-06
2.2479e-06
2.05288e-06
1.87404e-06
1.7101e-06
1.55988e-06
1.4223e-06
1.29634e-06
1.18106e-06
1.07561e-06
9.7918e-07
8.91043e-07
8.10516e-07
7.36972e-07
6.69834e-07
6.08569e-07
5.52686e-07
5.01733e-07
4.55296e-07
4.1299e-07
3.74465e-07
3.39397e-07
3.0749e-07
2.7847e-07
2.52087e-07
2.28112e-07
2.06334e-07
1.86559e-07
1.68611e-07
1.52329e-07
1.37563e-07
1.24178e-07
1.1205e-07
1.01066e-07
9.11208e-08
8.21213e-08
7.39806e-08
6.66197e-08
5.99668e-08
5.39564e-08
4.85285e-08
4.36289e-08
3.9208e-08
3.52207e-08
3.1626e-08
2.83865e-08
2.54685e-08
2.2841e-08
2.04763e-08
1.83489e-08
1.64357e-08
1.4716e-08
1.31709e-08
1.17831e-08
1.05373e-08
9.4193e-09
8.41647e-09
7.51732e-09
6.71147e-09
5.98955e-09
5.34308e-09
4.76443e-09
4.2467e-09
3.78367e-09
3.36974e-09
2.99986e-09
2.66948e-09
2.37451e-09
2.11126e-09
1.87642e-09
1.66702e-09
1.48037e-09
1.31408e-09
1.16599e-09
1.03416e-09
9.1686e-10
8.12527e-10
7.1977e-10
6.37339e-10
5.64115e-10
4.99098e-10
4.41392e-10
3.90197e-10
3.44797e-10
3.04554e-10
2.68897e-10
2.37316e-10
2.09358e-10
1.84617e-10
1.62733e-10
1.43383e-10
1.26283e-10
1.11175e-10
9.78348e-11
8.60595e-11
7.56703e-11
6.65077e-11
5.84304e-11
5.13129e-11
4.50438e-11
3.95242e-11
3.46667e-11
3.03936e-11
2.66362e-11
2.33336e-11
2.04321e-11
1.7884e-11
1.56472e-11
1.36845e-11
1.19631e-11
1.04539e-11
9.13129e-12
7.97276e-12
6.95836e-12
6.07053e-12
5.29382e-12
4.61462e-12
4.02094e-12
3.50225e-12
3.04929e-12
2.6539e-12
2.30895e-12
2.00817e-12
1.74605e-12
1.51777e-12
1.31913e-12
1.14645e-12
9.96503e-13
8.66517e-13
7.54075e-13
6.571e-13
5.73818e-13
5.0273e-13
4.42594e-13
3.92404e-13
3.51376e-13
3.18938e-13
2.94715e-13
2.78516e-13
2.70367e-13
)
;

boundaryField
{
    frontAndBack
    {
        type            empty;
    }
    inlet
    {
        type            uniformFixedValue;
        uniformValue    
        {
            type            table;
            values          
4
(
(0 0)
(0.05 1)
(0.1 1)
(0.15 0)
)
;
        }
        value           uniform 1;
    }
    outlet
    {
        type            zeroGradient;
    }
    substrate
    {
        type            firstorder;
        value           nonuniform List<scalar> 
400
(
0.97899
0.946894
0.924058
0.903033
0.882955
0.863842
0.84551
0.827784
0.810545
0.793708
0.777214
0.761014
0.745076
0.729373
0.713887
0.698604
0.683516
0.668616
0.653901
0.639371
0.625025
0.610863
0.596888
0.583101
0.569506
0.556103
0.542896
0.529887
0.517078
0.50447
0.492066
0.479866
0.467872
0.456085
0.444505
0.433132
0.421966
0.411008
0.400257
0.389711
0.379371
0.369235
0.359302
0.349571
0.34004
0.330707
0.32157
0.312628
0.303879
0.29532
0.286949
0.278764
0.270762
0.262942
0.2553
0.247835
0.240542
0.233421
0.226468
0.219681
0.213057
0.206594
0.200288
0.194137
0.188139
0.182291
0.17659
0.171033
0.165619
0.160344
0.155206
0.150202
0.145329
0.140586
0.13597
0.131478
0.127108
0.122857
0.118723
0.114703
0.110796
0.106999
0.103309
0.0997253
0.0962442
0.092864
0.0895826
0.0863978
0.0833074
0.0803093
0.0774014
0.0745818
0.0718483
0.069199
0.0666319
0.0641451
0.0617366
0.0594045
0.057147
0.0549622
0.0528484
0.0508038
0.0488265
0.0469148
0.0450671
0.0432817
0.041557
0.0398912
0.0382828
0.0367302
0.035232
0.0337865
0.0323923
0.0310479
0.0297519
0.0285029
0.0272995
0.0261404
0.0250242
0.0239496
0.0229153
0.0219202
0.0209629
0.0200424
0.0191574
0.0183068
0.0174894
0.0167043
0.0159502
0.0152263
0.0145314
0.0138647
0.0132251
0.0126117
0.0120236
0.0114598
0.0109197
0.0104022
0.00990662
0.00943213
0.00897796
0.00854336
0.0081276
0.00772998
0.00734982
0.00698644
0.00663922
0.00630751
0.00599073
0.00568827
0.00539959
0.00512412
0.00486134
0.00461074
0.00437182
0.0041441
0.00392713
0.00372045
0.00352363
0.00333625
0.00315793
0.00298826
0.00282688
0.00267343
0.00252757
0.00238895
0.00225726
0.00213219
0.00201345
0.00190074
0.0017938
0.00169235
0.00159616
0.00150497
0.00141855
0.00133668
0.00125914
0.00118573
0.00111625
0.0010505
0.000988316
0.000929516
0.000873934
0.000821412
0.000771797
0.000724944
0.000680714
0.000638974
0.000599596
0.00056246
0.000527449
0.000494453
0.000463368
0.000434091
0.000406527
0.000380586
0.000356179
0.000333224
0.000311643
0.000291359
0.000272303
0.000254405
0.000237601
0.00022183
0.000207035
0.000193158
0.000180149
0.000167956
0.000156534
0.000145837
0.000135823
0.000126451
0.000117684
0.000109486
0.000101822
9.46611e-05
8.79718e-05
8.17255e-05
7.58953e-05
7.04553e-05
6.53814e-05
6.06508e-05
5.62418e-05
5.21341e-05
4.83087e-05
4.47475e-05
4.14334e-05
3.83505e-05
3.54839e-05
3.28193e-05
3.03434e-05
2.80438e-05
2.59088e-05
2.39273e-05
2.20891e-05
2.03843e-05
1.88041e-05
1.73397e-05
1.59833e-05
1.47275e-05
1.35651e-05
1.24897e-05
1.14952e-05
1.05758e-05
9.72615e-06
8.94137e-06
8.21674e-06
7.54792e-06
6.93087e-06
6.36179e-06
5.83718e-06
5.35375e-06
4.90845e-06
4.49843e-06
4.12106e-06
3.77387e-06
3.45458e-06
3.16106e-06
2.89135e-06
2.64362e-06
2.41615e-06
2.2074e-06
2.01588e-06
1.84025e-06
1.67926e-06
1.53175e-06
1.39664e-06
1.27295e-06
1.15975e-06
1.05619e-06
9.61504e-07
8.74954e-07
7.95878e-07
7.2366e-07
6.57732e-07
5.97571e-07
5.42696e-07
4.92662e-07
4.47062e-07
4.0552e-07
3.67691e-07
3.33256e-07
3.01925e-07
2.73429e-07
2.47522e-07
2.2398e-07
2.02596e-07
1.83178e-07
1.65555e-07
1.49567e-07
1.35068e-07
1.21926e-07
1.10017e-07
9.92315e-08
8.94669e-08
8.06304e-08
7.26371e-08
6.54096e-08
5.88773e-08
5.29757e-08
4.76463e-08
4.28356e-08
3.84949e-08
3.45799e-08
3.10504e-08
2.78698e-08
2.50047e-08
2.2425e-08
2.01033e-08
1.80145e-08
1.61362e-08
1.44477e-08
1.29307e-08
1.15682e-08
1.0345e-08
9.24737e-09
8.2628e-09
7.38003e-09
6.58886e-09
5.88009e-09
5.24541e-09
4.67731e-09
4.16902e-09
3.71444e-09
3.30807e-09
2.94494e-09
2.62059e-09
2.33101e-09
2.07257e-09
1.84202e-09
1.63645e-09
1.45322e-09
1.28997e-09
1.14459e-09
1.01518e-09
9.00022e-10
7.97601e-10
7.06543e-10
6.25623e-10
5.53742e-10
4.89917e-10
4.3327e-10
3.83015e-10
3.38448e-10
2.98944e-10
2.63942e-10
2.32942e-10
2.05498e-10
1.81212e-10
1.5973e-10
1.40737e-10
1.23951e-10
1.09122e-10
9.60271e-11
8.44689e-11
7.42711e-11
6.52775e-11
5.73492e-11
5.03631e-11
4.42097e-11
3.87921e-11
3.40243e-11
2.98301e-11
2.61422e-11
2.29007e-11
2.00529e-11
1.7552e-11
1.53566e-11
1.34302e-11
1.17407e-11
1.02595e-11
8.96143e-12
7.82439e-12
6.82882e-12
5.95747e-12
5.19519e-12
4.52861e-12
3.94597e-12
3.43692e-12
2.99238e-12
2.60436e-12
2.26583e-12
1.97065e-12
1.71341e-12
1.48939e-12
1.29446e-12
1.12499e-12
9.77845e-13
8.50287e-13
7.39946e-13
6.44783e-13
5.63058e-13
4.933e-13
4.3429e-13
3.85038e-13
3.44778e-13
3.12949e-13
2.89191e-13
2.73327e-13
2.65345e-13
)
;
    }
    Wall
    {
        type            firstorder;
        value           nonuniform List<scalar> 
400
(
0.97899
0.946895
0.924059
0.903034
0.882956
0.863843
0.845511
0.827784
0.810545
0.793708
0.777214
0.761015
0.745077
0.729374
0.713889
0.698606
0.683518
0.668619
0.653905
0.639375
0.625029
0.610868
0.596893
0.583107
0.569511
0.556109
0.542902
0.529893
0.517084
0.504477
0.492072
0.479873
0.467879
0.456092
0.444511
0.433138
0.421973
0.411015
0.400263
0.389718
0.379378
0.369242
0.359309
0.349577
0.340046
0.330713
0.321576
0.312634
0.303885
0.295325
0.286954
0.278769
0.270768
0.262947
0.255306
0.24784
0.240548
0.233426
0.226473
0.219686
0.213062
0.206598
0.200293
0.194142
0.188144
0.182295
0.176594
0.171038
0.165623
0.160348
0.15521
0.150206
0.145334
0.14059
0.135974
0.131482
0.127112
0.122861
0.118726
0.114707
0.1108
0.107003
0.103313
0.0997287
0.0962476
0.0928674
0.0895859
0.086401
0.0833105
0.0803123
0.0774044
0.0745847
0.0718512
0.0692018
0.0666347
0.0641478
0.0617392
0.0594071
0.0571495
0.0549647
0.0528508
0.0508061
0.0488288
0.0469171
0.0450693
0.0432839
0.041559
0.0398932
0.0382848
0.0367322
0.0352339
0.0337883
0.0323941
0.0310497
0.0297536
0.0285046
0.0273012
0.026142
0.0250257
0.0239511
0.0229168
0.0219216
0.0209643
0.0200437
0.0191587
0.018308
0.0174906
0.0167054
0.0159514
0.0152274
0.0145325
0.0138657
0.0132261
0.0126126
0.0120245
0.0114607
0.0109205
0.010403
0.00990743
0.00943291
0.00897871
0.00854408
0.0081283
0.00773066
0.00735047
0.00698707
0.00663982
0.00630809
0.00599129
0.00568881
0.0054001
0.00512462
0.00486182
0.0046112
0.00437226
0.00414453
0.00392753
0.00372083
0.003524
0.00333661
0.00315827
0.00298859
0.0028272
0.00267374
0.00252786
0.00238922
0.00225752
0.00213244
0.00201369
0.00190097
0.00179402
0.00169256
0.00159636
0.00150516
0.00141873
0.00133685
0.00125931
0.00118589
0.0011164
0.00105064
0.000988453
0.000929646
0.000874058
0.00082153
0.000771909
0.000725051
0.000680815
0.00063907
0.000599687
0.000562546
0.000527531
0.000494531
0.000463441
0.000434161
0.000406594
0.000380649
0.000356238
0.000333281
0.000311696
0.00029141
0.00027235
0.00025445
0.000237644
0.000221871
0.000207072
0.000193194
0.000180182
0.000167988
0.000156564
0.000145865
0.000135849
0.000126476
0.000117708
0.000109508
0.000101843
9.46809e-05
8.79903e-05
8.1743e-05
7.59116e-05
7.04707e-05
6.53959e-05
6.06643e-05
5.62545e-05
5.2146e-05
4.83199e-05
4.47579e-05
4.14432e-05
3.83597e-05
3.54924e-05
3.28273e-05
3.03509e-05
2.80508e-05
2.59153e-05
2.39334e-05
2.20948e-05
2.03897e-05
1.8809e-05
1.73443e-05
1.59877e-05
1.47315e-05
1.35688e-05
1.24932e-05
1.14984e-05
1.05788e-05
9.72895e-06
8.94397e-06
8.21915e-06
7.55016e-06
6.93294e-06
6.36372e-06
5.83897e-06
5.35541e-06
4.90999e-06
4.49986e-06
4.12238e-06
3.77509e-06
3.45571e-06
3.16211e-06
2.89232e-06
2.64451e-06
2.41698e-06
2.20816e-06
2.01658e-06
1.8409e-06
1.67986e-06
1.5323e-06
1.39715e-06
1.27341e-06
1.16018e-06
1.05659e-06
9.61867e-07
8.75288e-07
7.96185e-07
7.23941e-07
6.5799e-07
5.97808e-07
5.42913e-07
4.92862e-07
4.47245e-07
4.05688e-07
3.67844e-07
3.33396e-07
3.02053e-07
2.73546e-07
2.4763e-07
2.24078e-07
2.02685e-07
1.8326e-07
1.6563e-07
1.49635e-07
1.35131e-07
1.21982e-07
1.10069e-07
9.92785e-08
8.95097e-08
8.06693e-08
7.26725e-08
6.54418e-08
5.89065e-08
5.30023e-08
4.76705e-08
4.28575e-08
3.85148e-08
3.45979e-08
3.10668e-08
2.78846e-08
2.50181e-08
2.24372e-08
2.01142e-08
1.80244e-08
1.61451e-08
1.44558e-08
1.2938e-08
1.15748e-08
1.0351e-08
9.25275e-09
8.26765e-09
7.3844e-09
6.5928e-09
5.88364e-09
5.24861e-09
4.68019e-09
4.17161e-09
3.71677e-09
3.31016e-09
2.94682e-09
2.62228e-09
2.33252e-09
2.07393e-09
1.84324e-09
1.63754e-09
1.4542e-09
1.29085e-09
1.14537e-09
1.01588e-09
9.00648e-10
7.9816e-10
7.07043e-10
6.2607e-10
5.54141e-10
4.90273e-10
4.33587e-10
3.83298e-10
3.38701e-10
2.99169e-10
2.64142e-10
2.3312e-10
2.05656e-10
1.81353e-10
1.59855e-10
1.40848e-10
1.2405e-10
1.09209e-10
9.61049e-11
8.45379e-11
7.43323e-11
6.53317e-11
5.73973e-11
5.04056e-11
4.42473e-11
3.88253e-11
3.40537e-11
2.98561e-11
2.61652e-11
2.2921e-11
2.00708e-11
1.75678e-11
1.53705e-11
1.34425e-11
1.17515e-11
1.0269e-11
8.96984e-12
7.83179e-12
6.83532e-12
5.96319e-12
5.20022e-12
4.53303e-12
3.94985e-12
3.44033e-12
2.99537e-12
2.60698e-12
2.26813e-12
1.97266e-12
1.71517e-12
1.49094e-12
1.29581e-12
1.12617e-12
9.78883e-13
8.51195e-13
7.40742e-13
6.45482e-13
5.63672e-13
4.93841e-13
4.34768e-13
3.85465e-13
3.45163e-13
3.13299e-13
2.89504e-13
2.73592e-13
2.65586e-13
)
;
    }
}


// ************************************************************************* //
