/*--------------------------------*- C++ -*----------------------------------*\
  =========                 |
  \\      /  F ield         | OpenFOAM: The Open Source CFD Toolbox
   \\    /   O peration     | Website:  https://openfoam.org
    \\  /    A nd           | Version:  dev
     \\/     M anipulation  |
\*---------------------------------------------------------------------------*/
FoamFile
{
    format      ascii;
    class       volScalarField;
    location    "0.22";
    object      N1;
}
// * * * * * * * * * * * * * * * * * * * * * * * * * * * * * * * * * * * * * //

dimensions      [0 0 0 0 0 0 0];

internalField   nonuniform List<scalar> 
8000
(
2.1279e-05
6.77732e-05
0.000118884
0.000174353
0.000234165
0.000298471
0.000367411
0.000441125
0.000519771
0.000603521
0.00069255
0.000787039
0.000887167
0.000993112
0.00110504
0.00122313
0.00134753
0.00147838
0.00161583
0.00176001
0.00191103
0.00206899
0.002234
0.00240613
0.00258546
0.00277204
0.00296592
0.00316713
0.0033757
0.00359162
0.0038149
0.00404551
0.00428342
0.00452859
0.00478094
0.00504042
0.00530692
0.00558035
0.00586058
0.00614749
0.00644093
0.00674074
0.00704674
0.00735874
0.00767655
0.00799995
0.00832871
0.00866259
0.00900133
0.00934467
0.00969233
0.010044
0.0103994
0.0107583
0.0111202
0.0114849
0.0118521
0.0122213
0.0125922
0.0129646
0.0133379
0.0137118
0.014086
0.0144601
0.0148336
0.0152062
0.0155775
0.0159472
0.0163147
0.0166798
0.017042
0.017401
0.0177563
0.0181076
0.0184545
0.0187967
0.0191337
0.0194652
0.0197908
0.0201103
0.0204232
0.0207292
0.021028
0.0213194
0.0216029
0.0218784
0.0221455
0.022404
0.0226536
0.022894
0.0231252
0.0233468
0.0235586
0.0237605
0.0239523
0.0241338
0.024305
0.0244656
0.0246156
0.0247548
0.0248832
0.0250008
0.0251075
0.0252031
0.0252879
0.0253616
0.0254243
0.0254761
0.025517
0.025547
0.0255663
0.0255748
0.0255727
0.0255601
0.025537
0.0255037
0.0254601
0.0254065
0.0253431
0.02527
0.0251874
0.0250954
0.0249943
0.0248843
0.0247656
0.0246384
0.0245029
0.0243594
0.024208
0.0240491
0.0238829
0.0237096
0.0235294
0.0233427
0.0231496
0.0229505
0.0227456
0.0225352
0.0223194
0.0220987
0.0218732
0.0216431
0.0214089
0.0211706
0.0209287
0.0206832
0.0204345
0.0201829
0.0199285
0.0196716
0.0194125
0.0191513
0.0188884
0.0186239
0.0183581
0.0180911
0.0178232
0.0175546
0.0172855
0.0170161
0.0167465
0.016477
0.0162078
0.015939
0.0156708
0.0154033
0.0151367
0.0148711
0.0146068
0.0143438
0.0140823
0.0138223
0.0135641
0.0133077
0.0130533
0.0128009
0.0125507
0.0123027
0.012057
0.0118138
0.0115731
0.0113349
0.0110993
0.0108665
0.0106364
0.0104092
0.0101848
0.00996327
0.00974473
0.00952918
0.00931664
0.00910715
0.00890074
0.00869742
0.00849721
0.00830013
0.00810619
0.0079154
0.00772775
0.00754327
0.00736193
0.00718375
0.00700871
0.0068368
0.00666803
0.00650236
0.00633979
0.0061803
0.00602388
0.00587049
0.00572013
0.00557275
0.00542835
0.00528689
0.00514835
0.00501269
0.00487989
0.00474991
0.00462272
0.00449829
0.00437658
0.00425756
0.0041412
0.00402745
0.00391628
0.00380765
0.00370153
0.00359788
0.00349666
0.00339783
0.00330135
0.00320718
0.00311529
0.00302563
0.00293817
0.00285287
0.00276969
0.00268858
0.00260952
0.00253245
0.00245736
0.00238418
0.0023129
0.00224346
0.00217584
0.00210999
0.00204588
0.00198348
0.00192274
0.00186363
0.00180612
0.00175017
0.00169574
0.00164281
0.00159133
0.00154128
0.00149263
0.00144533
0.00139937
0.0013547
0.00131131
0.00126915
0.00122819
0.00118842
0.0011498
0.00111229
0.00107588
0.00104054
0.00100624
0.000972954
0.000940655
0.000909319
0.000878921
0.000849437
0.000820843
0.000793117
0.000766234
0.000740173
0.000714912
0.00069043
0.000666705
0.000643717
0.000621446
0.000599872
0.000578977
0.000558741
0.000539147
0.000520175
0.00050181
0.000484033
0.000466828
0.000450179
0.00043407
0.000418485
0.000403409
0.000388828
0.000374727
0.000361092
0.000347909
0.000335165
0.000322846
0.000310941
0.000299437
0.000288322
0.000277583
0.00026721
0.000257192
0.000247517
0.000238175
0.000229156
0.00022045
0.000212046
0.000203937
0.000196111
0.000188561
0.000181278
0.000174252
0.000167477
0.000160944
0.000154644
0.000148572
0.000142718
0.000137077
0.00013164
0.000126402
0.000121356
0.000116496
0.000111814
0.000107306
0.000102966
9.87874e-05
9.47652e-05
9.08941e-05
8.7169e-05
8.35848e-05
8.01367e-05
7.682e-05
7.36302e-05
7.05628e-05
6.76136e-05
6.47784e-05
6.20533e-05
5.94342e-05
5.69176e-05
5.44996e-05
5.21769e-05
4.99459e-05
4.78033e-05
4.57461e-05
4.3771e-05
4.1875e-05
4.00553e-05
3.83091e-05
3.66337e-05
3.50264e-05
3.34847e-05
3.20061e-05
3.05884e-05
2.92291e-05
2.79262e-05
2.66775e-05
2.54808e-05
2.43344e-05
2.32362e-05
2.21844e-05
2.11772e-05
2.0213e-05
1.92901e-05
1.84068e-05
1.75618e-05
1.67536e-05
1.59807e-05
1.52418e-05
1.45357e-05
1.38611e-05
1.3217e-05
1.26022e-05
1.20157e-05
1.14565e-05
1.09238e-05
1.04168e-05
9.93464e-06
9.47674e-06
9.04251e-06
8.63143e-06
8.24313e-06
7.8773e-06
7.53378e-06
7.21252e-06
6.91359e-06
6.63723e-06
6.38384e-06
6.154e-06
5.94847e-06
5.7682e-06
5.61435e-06
5.48825e-06
5.39141e-06
5.32539e-06
5.29174e-06
2.08468e-05
6.68131e-05
0.000117499
0.000172787
0.000232621
0.000297081
0.00036628
0.000440353
0.000519453
0.00060375
0.000693426
0.000788662
0.000889645
0.000996557
0.00110957
0.00122887
0.00135461
0.00148694
0.00162602
0.00177197
0.00192492
0.00208498
0.00225225
0.00242683
0.00260878
0.00279818
0.00299507
0.0031995
0.00341148
0.00363104
0.00385818
0.00409287
0.00433509
0.0045848
0.00484194
0.00510644
0.00537821
0.00565715
0.00594315
0.00623608
0.00653579
0.00684212
0.0071549
0.00747394
0.00779904
0.00812998
0.00846653
0.00880845
0.00915548
0.00950735
0.00986377
0.0102245
0.0105891
0.0109574
0.011329
0.0117036
0.0120808
0.0124603
0.0128417
0.0132246
0.0136087
0.0139936
0.0143788
0.0147641
0.015149
0.015533
0.0159159
0.0162971
0.0166764
0.0170532
0.0174272
0.017798
0.0181652
0.0185283
0.0188871
0.019241
0.0195898
0.019933
0.0202703
0.0206013
0.0209256
0.021243
0.0215531
0.0218556
0.02215
0.0224363
0.022714
0.0229829
0.0232427
0.0234931
0.0237341
0.0239652
0.0241863
0.0243972
0.0245977
0.0247878
0.0249671
0.0251356
0.0252932
0.0254397
0.0255751
0.0256993
0.0258122
0.0259139
0.0260042
0.0260832
0.0261509
0.0262073
0.0262524
0.0262863
0.0263091
0.0263207
0.0263214
0.0263113
0.0262903
0.0262587
0.0262165
0.0261639
0.0261012
0.0260283
0.0259457
0.0258534
0.0257516
0.0256405
0.0255204
0.0253915
0.0252541
0.0251082
0.0249543
0.0247924
0.024623
0.0244462
0.0242623
0.0240716
0.0238742
0.0236706
0.0234609
0.0232454
0.0230245
0.0227983
0.0225671
0.0223312
0.0220909
0.0218464
0.021598
0.021346
0.0210906
0.0208321
0.0205706
0.0203066
0.0200402
0.0197717
0.0195012
0.0192291
0.0189556
0.0186809
0.0184051
0.0181286
0.0178516
0.0175741
0.0172965
0.0170189
0.0167416
0.0164646
0.0161882
0.0159125
0.0156377
0.015364
0.0150915
0.0148203
0.0145507
0.0142826
0.0140163
0.0137518
0.0134894
0.013229
0.0129708
0.012715
0.0124615
0.0122105
0.011962
0.0117162
0.0114731
0.0112327
0.0109952
0.0107606
0.0105289
0.0103002
0.0100745
0.00985193
0.00963245
0.0094161
0.00920291
0.00899291
0.00878611
0.00858253
0.00838219
0.00818508
0.00799123
0.00780062
0.00761327
0.00742916
0.00724829
0.00707066
0.00689625
0.00672504
0.00655704
0.00639221
0.00623054
0.006072
0.00591659
0.00576426
0.005615
0.00546877
0.00532555
0.00518531
0.00504802
0.00491365
0.00478215
0.00465351
0.00452767
0.00440461
0.0042843
0.00416668
0.00405173
0.00393941
0.00382967
0.00372249
0.00361781
0.00351561
0.00341583
0.00331845
0.00322341
0.00313069
0.00304023
0.00295201
0.00286597
0.00278208
0.0027003
0.00262059
0.00254291
0.00246722
0.00239349
0.00232166
0.00225171
0.00218359
0.00211727
0.00205272
0.00198988
0.00192873
0.00186923
0.00181135
0.00175504
0.00170027
0.00164702
0.00159524
0.0015449
0.00149596
0.00144841
0.00140219
0.00135729
0.00131366
0.00127129
0.00123013
0.00119017
0.00115136
0.00111369
0.00107711
0.00104162
0.00100717
0.000973749
0.000941321
0.000909863
0.000879351
0.000849759
0.000821065
0.000793244
0.000766272
0.000740129
0.000714791
0.000690236
0.000666444
0.000643394
0.000621066
0.000599439
0.000578494
0.000558213
0.000538577
0.000519567
0.000501167
0.000483359
0.000466125
0.00044945
0.000433318
0.000417713
0.000402619
0.000388022
0.000373907
0.00036026
0.000347068
0.000334316
0.000321991
0.000310082
0.000298575
0.000287458
0.000276719
0.000266347
0.000256331
0.000246659
0.000237321
0.000228307
0.000219607
0.000211211
0.000203109
0.000195291
0.00018775
0.000180476
0.000173461
0.000166696
0.000160173
0.000153885
0.000147824
0.000141983
0.000136353
0.000130929
0.000125704
0.000120671
0.000115823
0.000111155
0.00010666
0.000102333
9.81675e-05
9.41586e-05
9.03008e-05
8.65889e-05
8.30179e-05
7.9583e-05
7.62794e-05
7.31025e-05
7.00481e-05
6.71117e-05
6.42891e-05
6.15765e-05
5.89699e-05
5.64655e-05
5.40596e-05
5.17488e-05
4.95295e-05
4.73986e-05
4.53527e-05
4.33888e-05
4.15039e-05
3.9695e-05
3.79594e-05
3.62944e-05
3.46974e-05
3.31657e-05
3.1697e-05
3.02889e-05
2.89391e-05
2.76454e-05
2.64057e-05
2.5218e-05
2.40802e-05
2.29905e-05
2.1947e-05
2.0948e-05
1.99917e-05
1.90766e-05
1.8201e-05
1.73635e-05
1.65626e-05
1.5797e-05
1.50653e-05
1.43663e-05
1.36987e-05
1.30615e-05
1.24537e-05
1.18741e-05
1.1322e-05
1.07963e-05
1.02965e-05
9.82174e-06
9.37144e-06
8.94509e-06
8.54229e-06
8.16271e-06
7.80617e-06
7.47261e-06
7.1621e-06
6.87489e-06
6.61137e-06
6.37214e-06
6.15798e-06
5.96989e-06
5.80908e-06
5.67697e-06
5.57519e-06
5.50551e-06
5.46978e-06
2.04587e-05
6.56203e-05
0.000115375
0.000169826
0.000229001
0.000292959
0.00036179
0.000435614
0.000514574
0.000598834
0.000688572
0.000783971
0.000885217
0.000992495
0.00110599
0.00122587
0.0013523
0.00148546
0.00162548
0.0017725
0.00192666
0.00208808
0.00225685
0.00243308
0.00261685
0.00280822
0.00300727
0.00321403
0.00342853
0.00365079
0.00388083
0.00411862
0.00436415
0.00461738
0.00487826
0.00514671
0.00542266
0.00570602
0.00599666
0.00629446
0.00659929
0.00691097
0.00722934
0.00755422
0.00788539
0.00822265
0.00856576
0.00891447
0.00926854
0.00962767
0.0099916
0.01036
0.0107326
0.0111091
0.0114891
0.0118723
0.0122583
0.0126468
0.0130374
0.0134297
0.0138234
0.014218
0.0146131
0.0150084
0.0154034
0.0157978
0.016191
0.0165828
0.0169727
0.0173602
0.0177449
0.0181265
0.0185045
0.0188786
0.0192482
0.0196131
0.0199728
0.0203269
0.020675
0.0210168
0.0213519
0.02168
0.0220007
0.0223136
0.0226185
0.0229149
0.0232028
0.0234816
0.0237512
0.0240113
0.0242617
0.024502
0.0247322
0.0249519
0.0251611
0.0253595
0.0255469
0.0257233
0.0258884
0.0260423
0.0261847
0.0263157
0.0264351
0.026543
0.0266392
0.0267237
0.0267967
0.026858
0.0269077
0.0269459
0.0269726
0.0269879
0.0269918
0.0269848
0.0269665
0.0269372
0.026897
0.0268461
0.0267846
0.0267128
0.0266309
0.0265389
0.0264372
0.0263259
0.0262053
0.0260755
0.0259368
0.0257895
0.0256338
0.02547
0.0252982
0.0251189
0.0249321
0.0247383
0.0245376
0.0243304
0.0241168
0.0238973
0.0236721
0.0234414
0.0232055
0.0229647
0.0227193
0.0224695
0.0222157
0.021958
0.0216968
0.0214323
0.0211648
0.0208946
0.0206218
0.0203468
0.0200698
0.019791
0.0195107
0.0192291
0.0189464
0.0186629
0.0183787
0.0180941
0.0178093
0.0175245
0.0172398
0.0169555
0.0166717
0.0163887
0.0161065
0.0158254
0.0155455
0.0152669
0.0149898
0.0147143
0.0144406
0.0141688
0.013899
0.0136314
0.0133659
0.0131028
0.0128421
0.012584
0.0123284
0.0120756
0.0118254
0.0115782
0.0113338
0.0110923
0.0108539
0.0106186
0.0103863
0.0101572
0.00993123
0.00970851
0.00948902
0.0092728
0.00905987
0.00885023
0.00864392
0.00844093
0.00824127
0.00804495
0.00785196
0.00766231
0.00747599
0.00729298
0.00711329
0.0069369
0.00676379
0.00659394
0.00642734
0.00626397
0.0061038
0.00594681
0.00579297
0.00564225
0.00549463
0.00535008
0.00520855
0.00507003
0.00493447
0.00480184
0.0046721
0.00454522
0.00442117
0.00429989
0.00418136
0.00406554
0.00395238
0.00384184
0.00373389
0.00362849
0.00352558
0.00342514
0.00332712
0.00323148
0.00313818
0.00304717
0.00295842
0.00287188
0.00278752
0.00270529
0.00262515
0.00254707
0.00247099
0.00239688
0.00232471
0.00225443
0.002186
0.00211939
0.00205455
0.00199145
0.00193005
0.00187032
0.00181221
0.0017557
0.00170074
0.0016473
0.00159534
0.00154484
0.00149575
0.00144806
0.00140171
0.00135668
0.00131294
0.00127046
0.00122921
0.00118915
0.00115026
0.00111251
0.00107586
0.0010403
0.0010058
0.000972318
0.000939841
0.00090834
0.000877789
0.000848163
0.000819438
0.00079159
0.000764596
0.000738433
0.00071308
0.000688513
0.000664711
0.000641654
0.000619321
0.000597693
0.000576749
0.00055647
0.000536839
0.000517836
0.000499445
0.000481646
0.000464425
0.000447763
0.000431645
0.000416056
0.000400979
0.0003864
0.000372304
0.000358677
0.000345504
0.000332774
0.000320471
0.000308584
0.0002971
0.000286006
0.000275292
0.000264944
0.000254952
0.000245305
0.000235992
0.000227004
0.000218328
0.000209957
0.00020188
0.000194088
0.000186572
0.000179324
0.000172333
0.000165593
0.000159096
0.000152832
0.000146796
0.000140978
0.000135373
0.000129973
0.000124771
0.000119761
0.000114937
0.000110291
0.000105819
0.000101513
9.73698e-05
9.33823e-05
8.95455e-05
8.58543e-05
8.23037e-05
7.88888e-05
7.56048e-05
7.24473e-05
6.94117e-05
6.64938e-05
6.36895e-05
6.09947e-05
5.84055e-05
5.59181e-05
5.3529e-05
5.12344e-05
4.90312e-05
4.69158e-05
4.48852e-05
4.29361e-05
4.10657e-05
3.92711e-05
3.75493e-05
3.58978e-05
3.43138e-05
3.2795e-05
3.13387e-05
2.99428e-05
2.86048e-05
2.73227e-05
2.60943e-05
2.49175e-05
2.37903e-05
2.2711e-05
2.16776e-05
2.06885e-05
1.97418e-05
1.88361e-05
1.79697e-05
1.71411e-05
1.6349e-05
1.55919e-05
1.48686e-05
1.41779e-05
1.35185e-05
1.28894e-05
1.22895e-05
1.1718e-05
1.11738e-05
1.06563e-05
1.01646e-05
9.69817e-06
9.25643e-06
8.83895e-06
8.4454e-06
8.07556e-06
7.72936e-06
7.40687e-06
7.10831e-06
6.83409e-06
6.58481e-06
6.36129e-06
6.16457e-06
5.99594e-06
5.85694e-06
5.74937e-06
5.67527e-06
5.637e-06
2.0075e-05
6.43759e-05
0.000113108
0.000166484
0.000224634
0.000287658
0.000355663
0.00042877
0.000507123
0.000590882
0.000680222
0.000775325
0.000876375
0.000983558
0.00109705
0.00121704
0.00134369
0.00147716
0.0016176
0.00176517
0.00191998
0.00208218
0.00225186
0.00242912
0.00261407
0.00280676
0.00300727
0.00321565
0.00343194
0.00365615
0.00388831
0.0041284
0.00437641
0.00463231
0.00489604
0.00516756
0.00544677
0.00573359
0.00602791
0.00632961
0.00663853
0.00695454
0.00727746
0.0076071
0.00794326
0.00828574
0.00863428
0.00898866
0.00934861
0.00971386
0.0100841
0.0104591
0.0108385
0.0112219
0.0116091
0.0119997
0.0123933
0.0127896
0.0131881
0.0135886
0.0139906
0.0143937
0.0147975
0.0152016
0.0156056
0.016009
0.0164115
0.0168126
0.0172119
0.0176089
0.0180033
0.0183946
0.0187824
0.0191662
0.0195457
0.0199204
0.02029
0.020654
0.021012
0.0213637
0.0217087
0.0220465
0.0223769
0.0226995
0.023014
0.02332
0.0236172
0.0239053
0.0241841
0.0244532
0.0247124
0.0249615
0.0252002
0.0254283
0.0256456
0.0258519
0.0260471
0.0262311
0.0264036
0.0265645
0.0267138
0.0268514
0.0269771
0.0270911
0.0271931
0.0272832
0.0273615
0.0274278
0.0274822
0.0275248
0.0275557
0.0275748
0.0275823
0.0275784
0.0275633
0.0275366
0.0274988
0.0274499
0.0273903
0.0273199
0.0272392
0.0271481
0.027047
0.026936
0.0268154
0.0266854
0.0265462
0.0263981
0.0262413
0.0260761
0.0259028
0.0257216
0.0255327
0.0253366
0.0251333
0.0249233
0.0247067
0.024484
0.0242553
0.0240209
0.0237812
0.0235363
0.0232867
0.0230325
0.0227741
0.0225117
0.0222456
0.0219761
0.0217034
0.0214278
0.0211496
0.020869
0.0205863
0.0203018
0.0200156
0.019728
0.0194392
0.0191495
0.0188592
0.0185683
0.0182771
0.0179859
0.0176948
0.017404
0.0171137
0.0168241
0.0165353
0.0162476
0.0159611
0.0156759
0.0153922
0.0151101
0.0148298
0.0145514
0.0142751
0.0140008
0.0137289
0.0134593
0.0131921
0.0129275
0.0126656
0.0124063
0.0121499
0.0118964
0.0116458
0.0113982
0.0111536
0.0109122
0.010674
0.0104389
0.0102071
0.00997859
0.00975337
0.00953149
0.00931296
0.00909781
0.00888604
0.00867768
0.00847272
0.00827117
0.00807304
0.00787832
0.007687
0.00749908
0.00731455
0.0071334
0.00695561
0.00678116
0.00661004
0.00644222
0.00627769
0.00611641
0.00595836
0.00580351
0.00565183
0.0055033
0.00535788
0.00521553
0.00507622
0.00493991
0.00480658
0.00467618
0.00454867
0.00442402
0.00430218
0.00418312
0.00406679
0.00395316
0.00384217
0.00373381
0.00362801
0.00352473
0.00342395
0.0033256
0.00322966
0.00313608
0.00304481
0.00295582
0.00286906
0.00278449
0.00270207
0.00262175
0.00254351
0.00246728
0.00239304
0.00232075
0.00225036
0.00218183
0.00211513
0.00205022
0.00198705
0.0019256
0.00186581
0.00180766
0.00175112
0.00169613
0.00164267
0.00159071
0.0015402
0.00149111
0.00144342
0.00139708
0.00135207
0.00130835
0.00126589
0.00122466
0.00118464
0.00114578
0.00110807
0.00107146
0.00103595
0.00100149
0.000968055
0.000935628
0.000904178
0.00087368
0.000844109
0.00081544
0.00078765
0.000760715
0.000734611
0.000709318
0.000684811
0.000661071
0.000638077
0.000615806
0.00059424
0.000573359
0.000553144
0.000533576
0.000514636
0.000496307
0.000478572
0.000461412
0.000444813
0.000428757
0.000413229
0.000398213
0.000383695
0.000369659
0.000356091
0.000342978
0.000330306
0.000318061
0.000306231
0.000294803
0.000283765
0.000273105
0.000262811
0.000252873
0.000243278
0.000234017
0.000225079
0.000216454
0.000208132
0.000200103
0.000192359
0.00018489
0.000177687
0.000170741
0.000164045
0.000157591
0.00015137
0.000145375
0.000139598
0.000134032
0.000128671
0.000123508
0.000118535
0.000113747
0.000109137
0.000104699
0.000100428
9.63174e-05
9.23623e-05
8.85572e-05
8.48968e-05
8.13763e-05
7.79907e-05
7.47354e-05
7.16057e-05
6.85973e-05
6.57059e-05
6.29273e-05
6.02576e-05
5.76928e-05
5.52292e-05
5.28631e-05
5.05911e-05
4.84096e-05
4.63155e-05
4.43055e-05
4.23765e-05
4.05256e-05
3.87498e-05
3.70464e-05
3.54127e-05
3.38461e-05
3.2344e-05
3.09041e-05
2.95239e-05
2.82013e-05
2.6934e-05
2.572e-05
2.45572e-05
2.34436e-05
2.23774e-05
2.13568e-05
2.03801e-05
1.94454e-05
1.85514e-05
1.76964e-05
1.68789e-05
1.60975e-05
1.5351e-05
1.4638e-05
1.39573e-05
1.33079e-05
1.26885e-05
1.20983e-05
1.15363e-05
1.10017e-05
1.04937e-05
1.00117e-05
9.55502e-06
9.12329e-06
8.71611e-06
8.33326e-06
7.97464e-06
7.64031e-06
7.33048e-06
7.04555e-06
6.78615e-06
6.55311e-06
6.34753e-06
6.17079e-06
6.02457e-06
5.91088e-06
5.83211e-06
5.79111e-06
1.97132e-05
6.31968e-05
0.000110964
0.000163253
0.000220268
0.000282166
0.000349094
0.000421201
0.000498643
0.000581587
0.000670212
0.000764697
0.000865229
0.000971988
0.00108516
0.00120491
0.00133142
0.00146485
0.00160535
0.00175306
0.00190813
0.00207068
0.00224082
0.00241866
0.0026043
0.00279781
0.00299926
0.00320871
0.0034262
0.00365176
0.00388541
0.00412716
0.00437697
0.00463484
0.00490072
0.00517454
0.00545624
0.00574573
0.0060429
0.00634763
0.00665979
0.00697923
0.00730577
0.00763923
0.00797941
0.00832611
0.00867908
0.00903809
0.00940287
0.00977316
0.0101487
0.0105291
0.0109141
0.0113034
0.0116966
0.0120934
0.0124934
0.0128962
0.0133016
0.013709
0.0141181
0.0145284
0.0149397
0.0153513
0.015763
0.0161743
0.0165848
0.016994
0.0174015
0.0178068
0.0182096
0.0186094
0.0190057
0.0193981
0.0197863
0.0201697
0.020548
0.0209208
0.0212876
0.021648
0.0220017
0.0223483
0.0226874
0.0230187
0.0233418
0.0236563
0.0239619
0.0242585
0.0245455
0.0248228
0.0250901
0.0253471
0.0255936
0.0258293
0.0260541
0.0262678
0.0264702
0.0266611
0.0268403
0.0270079
0.0271636
0.0273073
0.0274391
0.0275588
0.0276663
0.0277617
0.027845
0.0279161
0.0279751
0.0280221
0.028057
0.0280799
0.028091
0.0280903
0.0280783
0.0280544
0.0280191
0.0279725
0.0279148
0.0278462
0.0277669
0.027677
0.0275768
0.0274665
0.0273464
0.0272165
0.0270773
0.0269289
0.0267716
0.0266056
0.0264312
0.0262487
0.0260584
0.0258606
0.0256554
0.0254432
0.0252244
0.0249991
0.0247676
0.0245303
0.0242875
0.0240394
0.0237863
0.0235285
0.0232663
0.023
0.0227298
0.0224561
0.0221791
0.021899
0.0216162
0.021331
0.0210434
0.020754
0.0204628
0.0201701
0.0198761
0.0195812
0.0192855
0.0189892
0.0186926
0.0183958
0.0180992
0.0178028
0.0175068
0.0172116
0.0169171
0.0166237
0.0163314
0.0160405
0.015751
0.0154632
0.0151771
0.0148929
0.0146108
0.0143308
0.0140531
0.0137778
0.013505
0.0132347
0.0129671
0.0127023
0.0124403
0.0121813
0.0119252
0.0116722
0.0114222
0.0111755
0.0109319
0.0106916
0.0104546
0.010221
0.00999067
0.00976376
0.00954027
0.00932022
0.00910361
0.00889047
0.0086808
0.00847461
0.0082719
0.00807266
0.00787689
0.00768459
0.00749575
0.00731035
0.00712839
0.00694983
0.00677467
0.00660289
0.00643445
0.00626934
0.00610752
0.00594898
0.00579368
0.00564158
0.00549267
0.00534689
0.00520422
0.00506463
0.00492807
0.00479451
0.0046639
0.00453621
0.00441141
0.00428944
0.00417026
0.00405385
0.00394014
0.00382911
0.00372071
0.00361489
0.00351162
0.00341084
0.00331252
0.00321662
0.00312309
0.00303188
0.00294296
0.00285628
0.0027718
0.00268948
0.00260927
0.00253114
0.00245504
0.00238093
0.00230877
0.00223851
0.00217013
0.00210358
0.00203882
0.0019758
0.00191451
0.00185488
0.0017969
0.00174051
0.00168569
0.0016324
0.00158061
0.00153027
0.00148136
0.00143383
0.00138767
0.00134283
0.00129928
0.00125699
0.00121594
0.00117608
0.00113739
0.00109985
0.00106341
0.00102806
0.000993765
0.000960498
0.000928233
0.000896944
0.000866604
0.00083719
0.000808677
0.00078104
0.000754256
0.000728302
0.000703156
0.000678795
0.000655198
0.000632345
0.000610213
0.000588784
0.000568038
0.000547955
0.000528517
0.000509706
0.000491502
0.00047389
0.000456852
0.000440372
0.000424433
0.00040902
0.000394116
0.000379708
0.00036578
0.000352318
0.000339309
0.000326738
0.000314593
0.00030286
0.000291527
0.000280582
0.000270013
0.000259808
0.000249956
0.000240447
0.000231269
0.000222412
0.000213866
0.000205621
0.000197668
0.000189997
0.000182599
0.000175466
0.000168589
0.00016196
0.00015557
0.000149413
0.000143479
0.000137762
0.000132255
0.000126951
0.000121842
0.000116924
0.000112188
0.000107629
0.000103241
9.90176e-05
9.4954e-05
9.10444e-05
8.72835e-05
8.36662e-05
8.01874e-05
7.68424e-05
7.36264e-05
7.05349e-05
6.75636e-05
6.47082e-05
6.19645e-05
5.93286e-05
5.67967e-05
5.43649e-05
5.20297e-05
4.97875e-05
4.7635e-05
4.5569e-05
4.35862e-05
4.16835e-05
3.98581e-05
3.8107e-05
3.64275e-05
3.48169e-05
3.32726e-05
3.17921e-05
3.03731e-05
2.90132e-05
2.77102e-05
2.64619e-05
2.52662e-05
2.41211e-05
2.30247e-05
2.19751e-05
2.09705e-05
2.00093e-05
1.90898e-05
1.82103e-05
1.73694e-05
1.65657e-05
1.57977e-05
1.50641e-05
1.43637e-05
1.36954e-05
1.3058e-05
1.24505e-05
1.1872e-05
1.13215e-05
1.07984e-05
1.03018e-05
9.83126e-06
9.38621e-06
8.96628e-06
8.57122e-06
8.20092e-06
7.8554e-06
7.53489e-06
7.23978e-06
6.97069e-06
6.72849e-06
6.51433e-06
6.32969e-06
6.17639e-06
6.05668e-06
5.97328e-06
5.92958e-06
1.93932e-05
6.21507e-05
0.000109062
0.000160362
0.00021629
0.000277055
0.00034285
0.000413858
0.000490261
0.000572243
0.00065999
0.000753687
0.000853519
0.000959669
0.00107232
0.00119163
0.00131779
0.00145095
0.00159126
0.00173888
0.00189393
0.00205655
0.00222685
0.00240494
0.00259093
0.00278488
0.00298689
0.003197
0.00341526
0.00364172
0.00387638
0.00411927
0.00437036
0.00462964
0.00489707
0.00517259
0.00545614
0.00574763
0.00604695
0.00635401
0.00666865
0.00699073
0.00732009
0.00765654
0.00799989
0.00834992
0.00870641
0.00906911
0.00943776
0.00981209
0.0101918
0.0105766
0.0109662
0.0113602
0.0117584
0.0121603
0.0125655
0.0129738
0.0133847
0.0137979
0.0142129
0.0146293
0.0150467
0.0154647
0.0158828
0.0163007
0.0167178
0.0171338
0.0175482
0.0179606
0.0183705
0.0187774
0.019181
0.0195808
0.0199763
0.0203671
0.0207529
0.0211331
0.0215075
0.0218754
0.0222367
0.0225908
0.0229374
0.0232761
0.0236066
0.0239285
0.0242415
0.0245453
0.0248396
0.025124
0.0253983
0.0256622
0.0259156
0.026158
0.0263895
0.0266096
0.0268183
0.0270154
0.0272007
0.0273741
0.0275355
0.0276848
0.0278219
0.0279467
0.0280593
0.0281595
0.0282473
0.0283229
0.0283861
0.028437
0.0284756
0.0285021
0.0285165
0.0285189
0.0285098
0.0284887
0.0284558
0.0284114
0.0283557
0.0282889
0.0282111
0.0281225
0.0280234
0.027914
0.0277945
0.0276651
0.0275261
0.0273777
0.0272202
0.0270538
0.0268788
0.0266955
0.0265042
0.0263051
0.0260986
0.0258848
0.0256642
0.025437
0.0252034
0.0249639
0.0247186
0.0244679
0.0242121
0.0239514
0.0236862
0.0234167
0.0231433
0.0228661
0.0225856
0.0223019
0.0220153
0.0217262
0.0214347
0.0211412
0.0208458
0.0205489
0.0202506
0.0199513
0.0196512
0.0193504
0.0190492
0.0187479
0.0184465
0.0181455
0.0178448
0.0175447
0.0172455
0.0169472
0.0166501
0.0163543
0.01606
0.0157673
0.0154763
0.0151873
0.0149003
0.0146154
0.0143329
0.0140527
0.013775
0.0135
0.0132276
0.012958
0.0126913
0.0124275
0.0121667
0.011909
0.0116545
0.0114032
0.0111551
0.0109103
0.0106689
0.0104308
0.0101962
0.00996495
0.00973721
0.00951295
0.00929219
0.00907495
0.00886123
0.00865104
0.00844439
0.00824127
0.00804167
0.00784561
0.00765305
0.007464
0.00727843
0.00709634
0.00691769
0.00674248
0.00657068
0.00640226
0.0062372
0.00607546
0.00591703
0.00576186
0.00560992
0.00546118
0.00531561
0.00517317
0.00503382
0.00489752
0.00476423
0.00463392
0.00450654
0.00438206
0.00426042
0.00414159
0.00402553
0.00391219
0.00380152
0.0036935
0.00358807
0.00348518
0.0033848
0.00328688
0.00319138
0.00309826
0.00300746
0.00291895
0.00283268
0.00274861
0.0026667
0.00258691
0.00250919
0.0024335
0.0023598
0.00228804
0.0022182
0.00215022
0.00208406
0.0020197
0.00195708
0.00189617
0.00183694
0.00177934
0.00172333
0.00166889
0.00161597
0.00156454
0.00151456
0.001466
0.00141883
0.00137302
0.00132852
0.00128531
0.00124335
0.00120262
0.00116309
0.00112472
0.00108748
0.00105135
0.0010163
0.0009823
0.000949323
0.000917342
0.000886332
0.000856266
0.00082712
0.00079887
0.000771491
0.00074496
0.000719254
0.000694351
0.000670228
0.000646864
0.000624238
0.000602329
0.000581118
0.000560585
0.00054071
0.000521476
0.000502864
0.000484855
0.000467433
0.000450581
0.000434282
0.00041852
0.00040328
0.000388545
0.000374301
0.000360534
0.000347229
0.000334372
0.00032195
0.00030995
0.000298358
0.000287163
0.000276353
0.000265914
0.000255837
0.000246109
0.00023672
0.00022766
0.000218917
0.000210483
0.000202346
0.000194498
0.00018693
0.000179632
0.000172596
0.000165813
0.000159275
0.000152974
0.000146902
0.000141053
0.000135417
0.000129989
0.000124762
0.000119728
0.000114881
0.000110215
0.000105724
0.000101402
9.7243e-05
9.32415e-05
8.93921e-05
8.56894e-05
8.21286e-05
7.87045e-05
7.54125e-05
7.22478e-05
6.9206e-05
6.62829e-05
6.3474e-05
6.07754e-05
5.81832e-05
5.56934e-05
5.33025e-05
5.10068e-05
4.88029e-05
4.66873e-05
4.4657e-05
4.27087e-05
4.08394e-05
3.90462e-05
3.73262e-05
3.56768e-05
3.40953e-05
3.2579e-05
3.11257e-05
2.97329e-05
2.83982e-05
2.71196e-05
2.58948e-05
2.47218e-05
2.35987e-05
2.25235e-05
2.14943e-05
2.05096e-05
1.95674e-05
1.86663e-05
1.78047e-05
1.69811e-05
1.61941e-05
1.54423e-05
1.47245e-05
1.40394e-05
1.3386e-05
1.27632e-05
1.21699e-05
1.16054e-05
1.10688e-05
1.05593e-05
1.00763e-05
9.61937e-06
9.18805e-06
8.78205e-06
8.40126e-06
8.04569e-06
7.71553e-06
7.41119e-06
7.1333e-06
6.88275e-06
6.66075e-06
6.46885e-06
6.30902e-06
6.18374e-06
6.09605e-06
6.04984e-06
1.91255e-05
6.12746e-05
0.00010747
0.000157935
0.000212921
0.000272673
0.000337422
0.000407387
0.00048278
0.000563804
0.000650659
0.000743537
0.000842627
0.000948112
0.00106017
0.00117897
0.00130469
0.00143747
0.00157748
0.00172486
0.00187974
0.00204227
0.00221254
0.00239069
0.0025768
0.00277096
0.00297325
0.00318373
0.00340246
0.00362948
0.0038648
0.00410844
0.0043604
0.00462066
0.00488917
0.0051659
0.00545077
0.00574371
0.00604462
0.00635338
0.00666987
0.00699393
0.00732541
0.00766412
0.00800987
0.00836245
0.00872163
0.00908717
0.00945881
0.00983627
0.0102193
0.0106075
0.0110007
0.0113984
0.0118004
0.0122063
0.0126157
0.0130283
0.0134437
0.0138614
0.014281
0.0147023
0.0151246
0.0155477
0.015971
0.0163941
0.0168167
0.0172381
0.0176581
0.0180761
0.0184917
0.0189045
0.0193139
0.0197197
0.0201212
0.0205181
0.0209099
0.0212963
0.0216767
0.0220509
0.0224183
0.0227786
0.0231313
0.0234762
0.0238128
0.0241409
0.0244599
0.0247698
0.02507
0.0253603
0.0256405
0.0259102
0.0261692
0.0264173
0.0266542
0.0268798
0.0270938
0.027296
0.0274864
0.0276648
0.027831
0.0279849
0.0281266
0.0282558
0.0283726
0.0284769
0.0285687
0.028648
0.0287148
0.0287691
0.028811
0.0288406
0.0288579
0.028863
0.0288564
0.0288378
0.0288071
0.0287647
0.0287108
0.0286456
0.0285693
0.028482
0.028384
0.0282755
0.0281567
0.0280278
0.0278892
0.027741
0.0275835
0.0274169
0.0272416
0.0270579
0.0268659
0.026666
0.0264585
0.0262436
0.0260217
0.0257931
0.025558
0.0253167
0.0250696
0.0248169
0.024559
0.0242961
0.0240286
0.0237566
0.0234806
0.0232008
0.0229174
0.0226309
0.0223414
0.0220492
0.0217546
0.0214578
0.0211592
0.0208589
0.0205572
0.0202544
0.0199507
0.0196463
0.0193415
0.0190364
0.0187314
0.0184265
0.018122
0.0178181
0.017515
0.0172129
0.0169118
0.0166121
0.0163138
0.0160172
0.0157223
0.0154293
0.0151383
0.0148495
0.014563
0.0142789
0.0139973
0.0137183
0.013442
0.0131685
0.012898
0.0126303
0.0123658
0.0121043
0.011846
0.0115909
0.0113391
0.0110907
0.0108456
0.010604
0.0103657
0.010131
0.00989977
0.00967207
0.00944791
0.0092273
0.00901027
0.0087968
0.00858692
0.00838061
0.00817787
0.00797871
0.0077831
0.00759104
0.00740252
0.00721752
0.00703601
0.00685798
0.00668341
0.00651227
0.00634453
0.00618017
0.00601915
0.00586145
0.00570703
0.00555585
0.00540789
0.0052631
0.00512144
0.00498289
0.00484739
0.00471491
0.00458541
0.00445885
0.00433517
0.00421435
0.00409634
0.00398109
0.00386857
0.00375872
0.0036515
0.00354687
0.00344479
0.0033452
0.00324808
0.00315336
0.00306101
0.00297099
0.00288324
0.00279773
0.00271441
0.00263324
0.00255418
0.00247718
0.0024022
0.0023292
0.00225815
0.00218898
0.00212168
0.00205619
0.00199248
0.00193051
0.00187024
0.00181163
0.00175464
0.00169924
0.00164539
0.00159305
0.00154219
0.00149278
0.00144477
0.00139814
0.00135286
0.00130888
0.00126618
0.00122472
0.00118448
0.00114543
0.00110753
0.00107075
0.00103507
0.00100046
0.000966896
0.00093434
0.000902772
0.000872165
0.000842494
0.000813734
0.000785861
0.00075885
0.000732679
0.000707324
0.000682763
0.000658974
0.000635937
0.000613629
0.000592031
0.000571123
0.000550886
0.0005313
0.000512346
0.000494008
0.000476266
0.000459105
0.000442506
0.000426454
0.000410932
0.000395926
0.000381419
0.000367397
0.000353845
0.00034075
0.000328098
0.000315875
0.000304068
0.000292664
0.000281652
0.000271019
0.000260753
0.000250844
0.000241279
0.000232049
0.000223143
0.000214549
0.00020626
0.000198264
0.000190553
0.000183117
0.000175948
0.000169037
0.000162375
0.000155955
0.000149768
0.000143808
0.000138065
0.000132534
0.000127206
0.000122076
0.000117137
0.000112382
0.000107805
0.0001034
9.91613e-05
9.50829e-05
9.11594e-05
8.73855e-05
8.3756e-05
8.02658e-05
7.69101e-05
7.36842e-05
7.05835e-05
6.76037e-05
6.47403e-05
6.19892e-05
5.93465e-05
5.68083e-05
5.43707e-05
5.20301e-05
4.97831e-05
4.76261e-05
4.5556e-05
4.35694e-05
4.16634e-05
3.98349e-05
3.80811e-05
3.63991e-05
3.47863e-05
3.32401e-05
3.1758e-05
3.03375e-05
2.89764e-05
2.76723e-05
2.64232e-05
2.52268e-05
2.40812e-05
2.29845e-05
2.19347e-05
2.09302e-05
1.99691e-05
1.90499e-05
1.81709e-05
1.73306e-05
1.65276e-05
1.57605e-05
1.5028e-05
1.43289e-05
1.3662e-05
1.30262e-05
1.24206e-05
1.18442e-05
1.12962e-05
1.07758e-05
1.02824e-05
9.81542e-06
9.37445e-06
8.9592e-06
8.56952e-06
8.2054e-06
7.86704e-06
7.55483e-06
7.26942e-06
7.01172e-06
6.78298e-06
6.58482e-06
6.41936e-06
6.28924e-06
6.19783e-06
6.14944e-06
1.89174e-05
6.05945e-05
0.000106238
0.000156053
0.000210298
0.000269236
0.000333127
0.000402221
0.000476755
0.000556952
0.000643026
0.000735177
0.0008336
0.000938478
0.00104999
0.0011683
0.00129359
0.001426
0.00156568
0.00171279
0.00186746
0.00202982
0.00219999
0.00237808
0.00256419
0.00275842
0.00296083
0.00317151
0.0033905
0.00361784
0.00385356
0.00409768
0.00435019
0.00461109
0.00488033
0.00515787
0.00544365
0.00573759
0.00603959
0.00634955
0.00666733
0.00699279
0.00732578
0.0076661
0.00801358
0.00836799
0.00872912
0.00909672
0.00947053
0.00985028
0.0102357
0.0106264
0.0110222
0.0114227
0.0118276
0.0122364
0.012649
0.0130647
0.0134833
0.0139045
0.0143276
0.0147524
0.0151785
0.0156053
0.0160325
0.0164596
0.0168862
0.0173118
0.017736
0.0181583
0.0185782
0.0189954
0.0194093
0.0198196
0.0202256
0.0206271
0.0210236
0.0214146
0.0217998
0.0221786
0.0225507
0.0229157
0.0232732
0.0236228
0.0239641
0.0242968
0.0246206
0.024935
0.0252398
0.0255347
0.0258194
0.0260936
0.026357
0.0266094
0.0268506
0.0270804
0.0272985
0.0275048
0.0276991
0.0278813
0.0280513
0.0282089
0.0283541
0.0284868
0.0286069
0.0287144
0.0288093
0.0288916
0.0289612
0.0290183
0.0290628
0.0290948
0.0291144
0.0291217
0.0291172
0.0291006
0.0290716
0.0290309
0.0289785
0.0289146
0.0288395
0.0287533
0.0286562
0.0285485
0.0284304
0.0283021
0.0281638
0.0280159
0.0278585
0.0276919
0.0275165
0.0273325
0.0271401
0.0269397
0.0267315
0.0265159
0.0262931
0.0260635
0.0258273
0.0255848
0.0253364
0.0250823
0.0248229
0.0245584
0.0242891
0.0240154
0.0237375
0.0234557
0.0231703
0.0228816
0.0225899
0.0222954
0.0219985
0.0216993
0.0213982
0.0210954
0.0207912
0.0204858
0.0201794
0.0198723
0.0195648
0.0192569
0.0189491
0.0186413
0.018334
0.0180272
0.0177212
0.0174161
0.0171121
0.0168094
0.0165081
0.0162085
0.0159106
0.0156146
0.0153206
0.0150288
0.0147393
0.0144522
0.0141677
0.0138857
0.0136064
0.01333
0.0130565
0.012786
0.0125185
0.0122541
0.0119929
0.011735
0.0114804
0.0112292
0.0109813
0.0107369
0.010496
0.0102586
0.0100247
0.00979434
0.00956758
0.00934441
0.00912483
0.00890887
0.00869651
0.00848776
0.00828262
0.00808109
0.00788315
0.00768879
0.007498
0.00731076
0.00712706
0.00694688
0.00677018
0.00659695
0.00642717
0.00626079
0.0060978
0.00593815
0.00578182
0.00562877
0.00547897
0.00533238
0.00518896
0.00504867
0.00491147
0.00477733
0.0046462
0.00451804
0.0043928
0.00427045
0.00415094
0.00403423
0.00392027
0.00380902
0.00370043
0.00359446
0.00349107
0.0033902
0.00329182
0.00319588
0.00310234
0.00301115
0.00292226
0.00283564
0.00275124
0.00266901
0.00258891
0.00251091
0.00243495
0.00236099
0.002289
0.00221893
0.00215074
0.00208438
0.00201983
0.00195704
0.00189597
0.00183658
0.00177883
0.00172269
0.00166812
0.00161509
0.00156355
0.00151348
0.00146483
0.00141757
0.00137168
0.00132711
0.00128383
0.00124182
0.00120103
0.00116145
0.00112304
0.00108576
0.0010496
0.00101452
0.000980493
0.000947495
0.000915496
0.000884471
0.000854394
0.00082524
0.000796985
0.000769603
0.000743072
0.000717368
0.000692469
0.000668352
0.000644997
0.000622381
0.000600484
0.000579287
0.000558768
0.00053891
0.000519693
0.0005011
0.000483111
0.00046571
0.000448879
0.000432603
0.000416864
0.000401647
0.000386936
0.000372717
0.000358975
0.000345696
0.000332865
0.000320469
0.000308496
0.000296931
0.000285763
0.000274979
0.000264568
0.000254517
0.000244817
0.000235455
0.000226421
0.000217705
0.000209297
0.000201187
0.000193366
0.000185823
0.000178551
0.000171541
0.000164783
0.00015827
0.000151994
0.000145947
0.000140121
0.00013451
0.000129105
0.000123901
0.00011889
0.000114066
0.000109422
0.000104953
0.000100652
9.6514e-05
9.25331e-05
8.87038e-05
8.5021e-05
8.14795e-05
7.80745e-05
7.48011e-05
7.16547e-05
6.86308e-05
6.5725e-05
6.29333e-05
6.02514e-05
5.76754e-05
5.52016e-05
5.28262e-05
5.05457e-05
4.83566e-05
4.62555e-05
4.42393e-05
4.23047e-05
4.04488e-05
3.86686e-05
3.69614e-05
3.53243e-05
3.37548e-05
3.22503e-05
3.08084e-05
2.94266e-05
2.81028e-05
2.68347e-05
2.56201e-05
2.44571e-05
2.33436e-05
2.22778e-05
2.12579e-05
2.02821e-05
1.93487e-05
1.84562e-05
1.76029e-05
1.67874e-05
1.60084e-05
1.52645e-05
1.45545e-05
1.38771e-05
1.32313e-05
1.2616e-05
1.20304e-05
1.14735e-05
1.09446e-05
1.0443e-05
9.96816e-06
9.51966e-06
9.09716e-06
8.7005e-06
8.32968e-06
7.98488e-06
7.66649e-06
7.37515e-06
7.11181e-06
6.87774e-06
6.67463e-06
6.50469e-06
6.37074e-06
6.27636e-06
6.22623e-06
1.87751e-05
6.013e-05
0.000105397
0.000154771
0.000208506
0.000266878
0.000330166
0.000398639
0.000472553
0.000552148
0.000637647
0.00072926
0.000827184
0.000931605
0.0010427
0.00116064
0.00128559
0.0014177
0.00155713
0.00170401
0.0018585
0.0020207
0.00219076
0.00236877
0.00255484
0.00274906
0.00295151
0.00316227
0.00338138
0.0036089
0.00384484
0.00408923
0.00434207
0.00460335
0.00487302
0.00515106
0.0054374
0.00573196
0.00603466
0.00634537
0.00666397
0.00699033
0.00732428
0.00766564
0.00801423
0.00836983
0.00873222
0.00910116
0.00947639
0.00985764
0.0102446
0.010637
0.0110345
0.0114368
0.0118436
0.0122544
0.0126689
0.0130868
0.0135076
0.013931
0.0143565
0.0147837
0.0152122
0.0156416
0.0160713
0.0165011
0.0169304
0.0173588
0.0177857
0.0182109
0.0186338
0.0190539
0.0194708
0.019884
0.0202932
0.0206978
0.0210974
0.0214915
0.0218798
0.0222618
0.0226371
0.0230053
0.023366
0.0237188
0.0240633
0.0243992
0.0247261
0.0250437
0.0253516
0.0256496
0.0259374
0.0262146
0.026481
0.0267364
0.0269805
0.0272131
0.027434
0.0276431
0.0278401
0.028025
0.0281975
0.0283577
0.0285053
0.0286403
0.0287628
0.0288725
0.0289695
0.0290538
0.0291254
0.0291844
0.0292307
0.0292644
0.0292857
0.0292945
0.0292913
0.0292761
0.0292485
0.0292089
0.0291575
0.0290947
0.0290204
0.028935
0.0288386
0.0287315
0.0286139
0.028486
0.028348
0.0282003
0.028043
0.0278765
0.027701
0.0275169
0.0273243
0.0271236
0.026915
0.0266989
0.0264756
0.0262454
0.0260085
0.0257652
0.0255159
0.0252609
0.0250005
0.024735
0.0244646
0.0241897
0.0239105
0.0236275
0.0233407
0.0230506
0.0227575
0.0224615
0.022163
0.0218623
0.0215596
0.0212551
0.0209492
0.020642
0.0203339
0.020025
0.0197156
0.0194059
0.0190962
0.0187865
0.0184773
0.0181685
0.0178606
0.0175535
0.0172475
0.0169428
0.0166396
0.0163379
0.016038
0.01574
0.015444
0.0151502
0.0148587
0.0145696
0.014283
0.013999
0.0137178
0.0134394
0.0131639
0.0128914
0.0126219
0.0123556
0.0120925
0.0118327
0.0115762
0.0113231
0.0110733
0.0108271
0.0105843
0.0103451
0.0101094
0.00987728
0.00964876
0.00942385
0.00920256
0.0089849
0.00877087
0.00856047
0.00835371
0.00815057
0.00795105
0.00775514
0.00756282
0.00737407
0.00718889
0.00700724
0.00682911
0.00665447
0.00648329
0.00631555
0.00615122
0.00599025
0.00583263
0.00567832
0.00552727
0.00537946
0.00523484
0.00509338
0.00495503
0.00481976
0.00468752
0.00455828
0.00443198
0.00430859
0.00418807
0.00407036
0.00395543
0.00384322
0.0037337
0.00362682
0.00352254
0.00342081
0.00332158
0.00322481
0.00313045
0.00303847
0.00294881
0.00286144
0.0027763
0.00269335
0.00261255
0.00253386
0.00245723
0.00238263
0.00231
0.00223931
0.00217052
0.00210358
0.00203845
0.0019751
0.00191349
0.00185357
0.00179531
0.00173867
0.00168361
0.0016301
0.0015781
0.00152757
0.00147849
0.00143081
0.0013845
0.00133952
0.00129586
0.00125346
0.00121231
0.00117237
0.0011336
0.00109599
0.0010595
0.0010241
0.000989762
0.000956461
0.000924169
0.000892859
0.000862506
0.000833084
0.000804569
0.000776935
0.000750159
0.000724217
0.000699088
0.000674748
0.000651176
0.00062835
0.00060625
0.000584855
0.000564145
0.000544102
0.000524706
0.000505938
0.000487781
0.000470216
0.000453228
0.000436798
0.000420911
0.000405551
0.000390702
0.000376349
0.000362477
0.000349072
0.000336119
0.000323606
0.000311518
0.000299844
0.000288569
0.000277683
0.000267172
0.000257025
0.000247232
0.000237781
0.00022866
0.000219861
0.000211372
0.000203184
0.000195287
0.000187672
0.000180329
0.000173251
0.000166428
0.000159852
0.000153515
0.000147409
0.000141527
0.000135861
0.000130403
0.000125148
0.000120088
0.000115217
0.000110527
0.000106014
0.000101671
9.74924e-05
9.34723e-05
8.96052e-05
8.5886e-05
8.23095e-05
7.88708e-05
7.55649e-05
7.23872e-05
6.93333e-05
6.63986e-05
6.3579e-05
6.08704e-05
5.82687e-05
5.57701e-05
5.33709e-05
5.10675e-05
4.88564e-05
4.67342e-05
4.46976e-05
4.27436e-05
4.08689e-05
3.90707e-05
3.73462e-05
3.56926e-05
3.41071e-05
3.25873e-05
3.11307e-05
2.97349e-05
2.83975e-05
2.71164e-05
2.58894e-05
2.47145e-05
2.35896e-05
2.25128e-05
2.14824e-05
2.04965e-05
1.95534e-05
1.86516e-05
1.77894e-05
1.69655e-05
1.61783e-05
1.54266e-05
1.4709e-05
1.40244e-05
1.33717e-05
1.27499e-05
1.21579e-05
1.15949e-05
1.10602e-05
1.0553e-05
1.00728e-05
9.6191e-06
9.19162e-06
8.79018e-06
8.41474e-06
8.0655e-06
7.74285e-06
7.44743e-06
7.18019e-06
6.94243e-06
6.7359e-06
6.56286e-06
6.42624e-06
6.3298e-06
6.27846e-06
1.87028e-05
5.98943e-05
0.000104971
0.000154121
0.000207597
0.00026568
0.000328657
0.000396808
0.000470399
0.000549677
0.000634873
0.0007262
0.000823858
0.000928033
0.0010389
0.00115664
0.00128141
0.00141335
0.00155264
0.0016994
0.00185377
0.00201589
0.00218587
0.00236383
0.00254986
0.00274407
0.00294653
0.00315731
0.00337647
0.00360406
0.0038401
0.00408462
0.0043376
0.00459905
0.00486894
0.00514721
0.00543382
0.00572868
0.0060317
0.00634277
0.00666178
0.00698857
0.00732299
0.00766486
0.00801399
0.00837017
0.00873318
0.00910278
0.0094787
0.00986069
0.0102484
0.0106417
0.01104
0.0114432
0.0118509
0.0122627
0.0126782
0.0130972
0.0135191
0.0139435
0.0143702
0.0147986
0.0152283
0.015659
0.01609
0.0165211
0.0169518
0.0173815
0.0178099
0.0182365
0.0186608
0.0190824
0.0195008
0.0199156
0.0203263
0.0207324
0.0211336
0.0215293
0.0219192
0.0223028
0.0226797
0.0230495
0.0234118
0.0237662
0.0241123
0.0244498
0.0247783
0.0250975
0.025407
0.0257066
0.0259959
0.0262746
0.0265426
0.0267994
0.027045
0.0272791
0.0275014
0.0277119
0.0279103
0.0280965
0.0282704
0.0284318
0.0285807
0.0287169
0.0288405
0.0289514
0.0290495
0.0291348
0.0292075
0.0292674
0.0293146
0.0293492
0.0293713
0.0293809
0.0293784
0.029364
0.029337
0.029298
0.0292472
0.0291848
0.029111
0.029026
0.02893
0.0288232
0.0287059
0.0285782
0.0284404
0.0282928
0.0281356
0.0279692
0.0277937
0.0276094
0.0274168
0.0272159
0.0270072
0.0267909
0.0265673
0.0263367
0.0260995
0.0258559
0.0256062
0.0253508
0.0250898
0.0248238
0.0245528
0.0242774
0.0239976
0.0237139
0.0234265
0.0231357
0.0228418
0.0225451
0.0222459
0.0219443
0.0216408
0.0213355
0.0210287
0.0207207
0.0204117
0.0201019
0.0197916
0.019481
0.0191703
0.0188597
0.0185495
0.0182398
0.0179308
0.0176228
0.0173158
0.0170101
0.0167059
0.0164032
0.0161023
0.0158033
0.0155063
0.0152115
0.0149189
0.0146288
0.0143412
0.0140562
0.013774
0.0134946
0.0132181
0.0129446
0.0126742
0.0124069
0.0121428
0.011882
0.0116246
0.0113705
0.0111198
0.0108726
0.0106289
0.0103888
0.0101522
0.00991917
0.00968976
0.00946398
0.00924183
0.00902331
0.00880844
0.00859722
0.00838963
0.00818569
0.00798537
0.00778867
0.00759558
0.00740607
0.00722014
0.00703776
0.0068589
0.00668355
0.00651167
0.00634324
0.00617823
0.0060166
0.00585833
0.00570337
0.0055517
0.00540327
0.00525804
0.00511599
0.00497706
0.00484122
0.00470843
0.00457863
0.0044518
0.00432789
0.00420685
0.00408864
0.00397322
0.00386053
0.00375054
0.0036432
0.00353847
0.0034363
0.00333664
0.00323945
0.00314468
0.0030523
0.00296225
0.00287449
0.00278898
0.00270567
0.00262452
0.00254548
0.00246852
0.00239358
0.00232064
0.00224963
0.00218053
0.00211329
0.00204788
0.00198425
0.00192236
0.00186217
0.00180365
0.00174676
0.00169145
0.0016377
0.00158547
0.00153472
0.00148541
0.00143751
0.00139099
0.00134582
0.00130195
0.00125936
0.00121802
0.0011779
0.00113896
0.00110117
0.00106452
0.00102895
0.000994458
0.000961005
0.000928564
0.000897111
0.000866618
0.00083706
0.000808413
0.000780651
0.000753751
0.000727689
0.000702443
0.00067799
0.000654308
0.000631376
0.000609173
0.000587678
0.000566872
0.000546734
0.000527247
0.000508391
0.000490149
0.000472502
0.000455433
0.000438926
0.000422964
0.000407531
0.000392612
0.000378191
0.000364253
0.000350784
0.00033777
0.000325197
0.000313052
0.000301321
0.000289993
0.000279054
0.000268493
0.000258298
0.000248458
0.000238961
0.000229796
0.000220955
0.000212425
0.000204197
0.000196262
0.00018861
0.000181232
0.000174119
0.000167263
0.000160655
0.000154287
0.000148151
0.00014224
0.000136546
0.000131062
0.000125781
0.000120696
0.000115801
0.000111089
0.000106553
0.000102189
9.79893e-05
9.39492e-05
9.0063e-05
8.63253e-05
8.2731e-05
7.92751e-05
7.59528e-05
7.27593e-05
6.96901e-05
6.67407e-05
6.3907e-05
6.11848e-05
5.857e-05
5.60589e-05
5.36476e-05
5.13326e-05
4.91103e-05
4.69774e-05
4.49305e-05
4.29665e-05
4.10824e-05
3.92751e-05
3.75418e-05
3.58797e-05
3.42862e-05
3.27586e-05
3.12945e-05
2.98915e-05
2.85473e-05
2.72596e-05
2.60263e-05
2.48453e-05
2.37146e-05
2.26323e-05
2.15965e-05
2.06054e-05
1.96575e-05
1.87509e-05
1.78843e-05
1.7056e-05
1.62647e-05
1.55089e-05
1.47876e-05
1.40994e-05
1.34432e-05
1.28179e-05
1.22227e-05
1.16567e-05
1.1119e-05
1.06089e-05
1.0126e-05
9.66965e-06
9.23964e-06
8.83575e-06
8.45797e-06
8.10647e-06
7.78165e-06
7.48414e-06
7.21491e-06
6.97527e-06
6.76699e-06
6.59236e-06
6.45438e-06
6.35688e-06
6.30492e-06
1.87027e-05
5.98941e-05
0.00010497
0.00015412
0.000207596
0.000265679
0.000328656
0.000396806
0.000470397
0.000549674
0.00063487
0.000726196
0.000823853
0.000928027
0.0010389
0.00115663
0.0012814
0.00141335
0.00155263
0.00169939
0.00185376
0.00201587
0.00218585
0.00236381
0.00254984
0.00274405
0.00294651
0.00315729
0.00337645
0.00360403
0.00384007
0.00408459
0.00433757
0.00459902
0.0048689
0.00514718
0.00543378
0.00572864
0.00603166
0.00634273
0.00666173
0.00698852
0.00732294
0.0076648
0.00801393
0.00837011
0.00873312
0.00910272
0.00947864
0.00986062
0.0102484
0.0106416
0.01104
0.0114432
0.0118508
0.0122626
0.0126782
0.0130971
0.013519
0.0139435
0.0143701
0.0147985
0.0152282
0.0156589
0.0160899
0.016521
0.0169517
0.0173814
0.0178098
0.0182364
0.0186607
0.0190823
0.0195007
0.0199155
0.0203262
0.0207323
0.0211335
0.0215292
0.0219191
0.0223027
0.0226796
0.0230494
0.0234117
0.0237661
0.0241122
0.0244497
0.0247782
0.0250974
0.0254069
0.0257065
0.0259958
0.0262745
0.0265424
0.0267993
0.0270449
0.027279
0.0275013
0.0277118
0.0279102
0.0280964
0.0282702
0.0284316
0.0285805
0.0287168
0.0288404
0.0289512
0.0290493
0.0291347
0.0292073
0.0292673
0.0293145
0.0293491
0.0293712
0.0293808
0.0293783
0.0293639
0.0293369
0.0292979
0.0292471
0.0291847
0.0291109
0.0290259
0.0289299
0.0288231
0.0287058
0.0285781
0.0284403
0.0282927
0.0281355
0.0279691
0.0277936
0.0276094
0.0274167
0.0272158
0.0270071
0.0267908
0.0265672
0.0263367
0.0260994
0.0258558
0.0256061
0.0253507
0.0250898
0.0248237
0.0245528
0.0242773
0.0239975
0.0237138
0.0234264
0.0231357
0.0228418
0.0225451
0.0222458
0.0219443
0.0216408
0.0213355
0.0210287
0.0207207
0.0204117
0.0201019
0.0197916
0.019481
0.0191703
0.0188597
0.0185495
0.0182398
0.0179308
0.0176227
0.0173158
0.0170101
0.0167059
0.0164032
0.0161023
0.0158033
0.0155063
0.0152115
0.0149189
0.0146288
0.0143412
0.0140562
0.013774
0.0134946
0.0132181
0.0129446
0.0126742
0.0124069
0.0121428
0.011882
0.0116246
0.0113705
0.0111198
0.0108726
0.0106289
0.0103888
0.0101522
0.00991917
0.00968977
0.00946398
0.00924183
0.00902332
0.00880845
0.00859722
0.00838964
0.00818569
0.00798537
0.00778868
0.00759558
0.00740608
0.00722014
0.00703776
0.00685891
0.00668355
0.00651168
0.00634325
0.00617823
0.00601661
0.00585833
0.00570338
0.0055517
0.00540327
0.00525805
0.00511599
0.00497707
0.00484123
0.00470843
0.00457864
0.00445181
0.0043279
0.00420686
0.00408865
0.00397322
0.00386054
0.00375055
0.00364321
0.00353848
0.0034363
0.00333664
0.00323945
0.00314469
0.00305231
0.00296226
0.0028745
0.00278899
0.00270568
0.00262452
0.00254549
0.00246852
0.00239359
0.00232064
0.00224964
0.00218054
0.0021133
0.00204788
0.00198425
0.00192236
0.00186218
0.00180366
0.00174676
0.00169146
0.00163771
0.00158547
0.00153472
0.00148541
0.00143751
0.001391
0.00134582
0.00130195
0.00125937
0.00121803
0.0011779
0.00113896
0.00110118
0.00106452
0.00102896
0.000994462
0.000961008
0.000928567
0.000897114
0.000866621
0.000837063
0.000808415
0.000780653
0.000753753
0.000727692
0.000702445
0.000677992
0.00065431
0.000631378
0.000609175
0.00058768
0.000566874
0.000546736
0.000527249
0.000508393
0.000490151
0.000472504
0.000455435
0.000438928
0.000422966
0.000407533
0.000392613
0.000378192
0.000364254
0.000350785
0.000337771
0.000325198
0.000313053
0.000301323
0.000289994
0.000279055
0.000268494
0.000258299
0.000248459
0.000238962
0.000229798
0.000220956
0.000212426
0.000204198
0.000196263
0.000188611
0.000181233
0.00017412
0.000167264
0.000160656
0.000154288
0.000148152
0.000142241
0.000136547
0.000131063
0.000125782
0.000120697
0.000115802
0.000111089
0.000106554
0.000102189
9.79898e-05
9.39497e-05
9.00635e-05
8.63258e-05
8.27315e-05
7.92756e-05
7.59532e-05
7.27597e-05
6.96905e-05
6.67411e-05
6.39074e-05
6.11852e-05
5.85704e-05
5.60593e-05
5.3648e-05
5.13329e-05
4.91106e-05
4.69777e-05
4.49308e-05
4.29668e-05
4.10826e-05
3.92753e-05
3.7542e-05
3.58799e-05
3.42864e-05
3.27588e-05
3.12947e-05
2.98917e-05
2.85475e-05
2.72598e-05
2.60265e-05
2.48455e-05
2.37148e-05
2.26324e-05
2.15966e-05
2.06056e-05
1.96576e-05
1.87511e-05
1.78844e-05
1.70561e-05
1.62648e-05
1.55091e-05
1.47877e-05
1.40995e-05
1.34433e-05
1.2818e-05
1.22228e-05
1.16568e-05
1.1119e-05
1.0609e-05
1.01261e-05
9.66973e-06
9.23972e-06
8.83583e-06
8.45804e-06
8.10654e-06
7.78171e-06
7.4842e-06
7.21497e-06
6.97533e-06
6.76704e-06
6.59242e-06
6.45444e-06
6.35694e-06
6.30497e-06
1.87749e-05
6.01294e-05
0.000105396
0.000154769
0.000208503
0.000266875
0.000330162
0.000398634
0.000472547
0.00055214
0.000637638
0.000729249
0.00082717
0.000931588
0.00104268
0.00116062
0.00128556
0.00141767
0.0015571
0.00170398
0.00185846
0.00202066
0.00219071
0.00236871
0.00255478
0.002749
0.00295145
0.0031622
0.00338131
0.00360882
0.00384476
0.00408915
0.00434198
0.00460325
0.00487292
0.00515096
0.00543729
0.00573185
0.00603453
0.00634524
0.00666384
0.00699019
0.00732413
0.00766549
0.00801407
0.00836967
0.00873205
0.00910098
0.0094762
0.00985744
0.0102444
0.0106368
0.0110343
0.0114366
0.0118433
0.0122542
0.0126687
0.0130865
0.0135074
0.0139307
0.0143562
0.0147834
0.0152119
0.0156413
0.016071
0.0165008
0.0169301
0.0173584
0.0177854
0.0182106
0.0186334
0.0190535
0.0194705
0.0198837
0.0202928
0.0206974
0.021097
0.0214912
0.0218795
0.0222615
0.0226368
0.0230049
0.0233656
0.0237184
0.0240629
0.0243988
0.0247257
0.0250433
0.0253512
0.0256492
0.025937
0.0262142
0.0264806
0.026736
0.0269801
0.0272127
0.0274336
0.0276427
0.0278397
0.0280246
0.0281971
0.0283573
0.0285049
0.0286399
0.0287624
0.0288721
0.0289691
0.0290534
0.0291251
0.029184
0.0292303
0.0292641
0.0292853
0.0292941
0.0292909
0.0292758
0.0292481
0.0292085
0.0291572
0.0290943
0.0290201
0.0289347
0.0288383
0.0287312
0.0286136
0.0284857
0.0283477
0.0282
0.0280428
0.0278763
0.0277008
0.0275166
0.027324
0.0271233
0.0269148
0.0266987
0.0264754
0.0262451
0.0260082
0.025765
0.0255157
0.0252607
0.0250003
0.0247348
0.0244644
0.0241895
0.0239104
0.0236273
0.0233406
0.0230505
0.0227573
0.0224614
0.0221629
0.0218622
0.0215594
0.021255
0.0209491
0.0206419
0.0203338
0.0200249
0.0197155
0.0194058
0.0190961
0.0187865
0.0184772
0.0181685
0.0178605
0.0175534
0.0172475
0.0169428
0.0166395
0.0163379
0.016038
0.01574
0.015444
0.0151502
0.0148587
0.0145696
0.014283
0.013999
0.0137178
0.0134394
0.0131639
0.0128914
0.0126219
0.0123556
0.0120925
0.0118327
0.0115762
0.0113231
0.0110733
0.0108271
0.0105843
0.0103451
0.0101094
0.00987728
0.00964876
0.00942385
0.00920256
0.0089849
0.00877088
0.00856048
0.00835372
0.00815058
0.00795106
0.00775515
0.00756283
0.00737408
0.0071889
0.00700725
0.00682912
0.00665448
0.00648331
0.00631557
0.00615123
0.00599027
0.00583265
0.00567833
0.00552729
0.00537947
0.00523485
0.00509339
0.00495505
0.00481978
0.00468754
0.0045583
0.004432
0.00430861
0.00418809
0.00407038
0.00395544
0.00384324
0.00373372
0.00362684
0.00352256
0.00342082
0.00332159
0.00322482
0.00313047
0.00303849
0.00294883
0.00286145
0.00277631
0.00269336
0.00261257
0.00253388
0.00245725
0.00238264
0.00231002
0.00223932
0.00217053
0.00210359
0.00203846
0.00197511
0.0019135
0.00185358
0.00179532
0.00173868
0.00168362
0.00163011
0.00157811
0.00152759
0.0014785
0.00143082
0.00138451
0.00133954
0.00129587
0.00125347
0.00121232
0.00117238
0.00113361
0.001096
0.00105951
0.00102411
0.000989771
0.00095647
0.000924177
0.000892868
0.000862514
0.000833092
0.000804576
0.000776942
0.000750166
0.000724224
0.000699095
0.000674754
0.000651182
0.000628356
0.000606256
0.000584861
0.000564151
0.000544108
0.000524711
0.000505943
0.000487786
0.000470222
0.000453233
0.000436803
0.000420916
0.000405556
0.000390707
0.000376353
0.000362481
0.000349076
0.000336123
0.00032361
0.000311522
0.000299847
0.000288573
0.000277686
0.000267175
0.000257029
0.000247235
0.000237784
0.000228663
0.000219864
0.000211375
0.000203187
0.00019529
0.000187674
0.000180332
0.000173253
0.00016643
0.000159854
0.000153517
0.000147411
0.000141529
0.000135863
0.000130405
0.00012515
0.00012009
0.000115218
0.000110529
0.000106016
0.000101673
9.7494e-05
9.34738e-05
8.96067e-05
8.58875e-05
8.23109e-05
7.88721e-05
7.55662e-05
7.23885e-05
6.93345e-05
6.63998e-05
6.35801e-05
6.08715e-05
5.82697e-05
5.57711e-05
5.33719e-05
5.10685e-05
4.88573e-05
4.67351e-05
4.46985e-05
4.27444e-05
4.08697e-05
3.90715e-05
3.73469e-05
3.56932e-05
3.41078e-05
3.2588e-05
3.11313e-05
2.97355e-05
2.83981e-05
2.7117e-05
2.589e-05
2.4715e-05
2.35901e-05
2.25133e-05
2.14828e-05
2.04969e-05
1.95538e-05
1.8652e-05
1.77898e-05
1.69658e-05
1.61786e-05
1.54269e-05
1.47093e-05
1.40248e-05
1.3372e-05
1.27502e-05
1.21582e-05
1.15952e-05
1.10604e-05
1.05532e-05
1.0073e-05
9.61933e-06
9.19184e-06
8.79039e-06
8.41495e-06
8.0657e-06
7.74304e-06
7.44762e-06
7.18037e-06
6.94261e-06
6.73607e-06
6.56303e-06
6.42641e-06
6.32996e-06
6.27862e-06
1.89171e-05
6.05935e-05
0.000106236
0.000156051
0.000210294
0.00026923
0.00033312
0.000402212
0.000476744
0.000556939
0.00064301
0.000735158
0.000833577
0.000938451
0.00104996
0.00116827
0.00129355
0.00142595
0.00156563
0.00171274
0.0018674
0.00202975
0.00219992
0.002378
0.0025641
0.00275832
0.00296073
0.0031714
0.00339038
0.00361771
0.00385343
0.00409754
0.00435004
0.00461093
0.00488016
0.00515769
0.00544346
0.00573739
0.00603938
0.00634933
0.0066671
0.00699256
0.00732553
0.00766585
0.00801331
0.00836772
0.00872883
0.00909642
0.00947022
0.00984996
0.0102354
0.0106261
0.0110219
0.0114224
0.0118272
0.0122361
0.0126485
0.0130643
0.0134829
0.013904
0.0143272
0.014752
0.015178
0.0156048
0.016032
0.0164591
0.0168857
0.0173113
0.0177355
0.0181578
0.0185777
0.0189949
0.0194088
0.019819
0.0202251
0.0206265
0.021023
0.021414
0.0217991
0.022178
0.0225501
0.0229151
0.0232726
0.0236222
0.0239635
0.0242962
0.0246199
0.0249344
0.0252392
0.0255341
0.0258188
0.0260929
0.0263563
0.0266088
0.02685
0.0270797
0.0272978
0.0275041
0.0276984
0.0278807
0.0280506
0.0282083
0.0283535
0.0284862
0.0286063
0.0287138
0.0288087
0.028891
0.0289606
0.0290177
0.0290622
0.0290942
0.0291138
0.0291211
0.0291166
0.0291
0.029071
0.0290303
0.0289779
0.0289141
0.028839
0.0287528
0.0286557
0.028548
0.0284299
0.0283016
0.0281633
0.0280154
0.027858
0.0276915
0.0275161
0.027332
0.0271397
0.0269393
0.0267311
0.0265155
0.0262927
0.0260631
0.0258269
0.0255845
0.0253361
0.025082
0.0248225
0.0245581
0.0242888
0.0240151
0.0237372
0.0234554
0.02317
0.0228814
0.0225897
0.0222952
0.0219983
0.0216991
0.021398
0.0210953
0.020791
0.0204856
0.0201793
0.0198722
0.0195646
0.0192568
0.0189489
0.0186412
0.0183339
0.0180271
0.0177211
0.017416
0.017112
0.0168093
0.0165081
0.0162084
0.0159105
0.0156145
0.0153206
0.0150288
0.0147393
0.0144522
0.0141676
0.0138856
0.0136064
0.01333
0.0130565
0.0127859
0.0125184
0.0122541
0.0119929
0.011735
0.0114804
0.0112292
0.0109813
0.0107369
0.010496
0.0102586
0.0100247
0.00979435
0.00956759
0.00934441
0.00912484
0.00890888
0.00869652
0.00848777
0.00828264
0.0080811
0.00788316
0.00768881
0.00749802
0.00731078
0.00712709
0.0069469
0.00677021
0.00659698
0.00642719
0.00626082
0.00609782
0.00593818
0.00578185
0.0056288
0.005479
0.00533241
0.00518899
0.0050487
0.0049115
0.00477736
0.00464623
0.00451807
0.00439283
0.00427048
0.00415097
0.00403426
0.0039203
0.00380905
0.00370046
0.00359449
0.00349109
0.00339023
0.00329185
0.00319591
0.00310237
0.00301117
0.00292229
0.00283567
0.00275126
0.00266903
0.00258894
0.00251093
0.00243497
0.00236102
0.00228902
0.00221895
0.00215076
0.00208441
0.00201985
0.00195706
0.00189599
0.0018366
0.00177885
0.00172271
0.00166815
0.00161511
0.00156357
0.00151349
0.00146485
0.00141759
0.00137169
0.00132712
0.00128385
0.00124183
0.00120105
0.00116147
0.00112305
0.00108578
0.00104962
0.00101453
0.000980508
0.000947509
0.00091551
0.000884484
0.000854407
0.000825253
0.000796997
0.000769615
0.000743084
0.00071738
0.00069248
0.000668363
0.000645007
0.000622391
0.000600494
0.000579297
0.000558778
0.00053892
0.000519703
0.000501109
0.00048312
0.000465718
0.000448888
0.000432611
0.000416872
0.000401654
0.000386944
0.000372725
0.000358982
0.000345703
0.000332872
0.000320476
0.000308502
0.000296937
0.000285769
0.000274985
0.000264573
0.000254523
0.000244822
0.00023546
0.000226426
0.00021771
0.000209302
0.000201192
0.00019337
0.000185828
0.000178555
0.000171545
0.000164787
0.000158274
0.000151998
0.000145951
0.000140125
0.000134513
0.000129109
0.000123904
0.000118893
0.000114069
0.000109425
0.000104956
0.000100655
9.65166e-05
9.25356e-05
8.87062e-05
8.50233e-05
8.14818e-05
7.80766e-05
7.48032e-05
7.16567e-05
6.86327e-05
6.57269e-05
6.29351e-05
6.02532e-05
5.76772e-05
5.52033e-05
5.28279e-05
5.05473e-05
4.83581e-05
4.62569e-05
4.42406e-05
4.2306e-05
4.045e-05
3.86698e-05
3.69625e-05
3.53254e-05
3.37559e-05
3.22514e-05
3.08094e-05
2.94276e-05
2.81037e-05
2.68356e-05
2.5621e-05
2.44579e-05
2.33444e-05
2.22786e-05
2.12587e-05
2.02828e-05
1.93494e-05
1.84568e-05
1.76035e-05
1.6788e-05
1.6009e-05
1.52651e-05
1.4555e-05
1.38776e-05
1.32318e-05
1.26165e-05
1.20308e-05
1.14739e-05
1.0945e-05
1.04434e-05
9.96856e-06
9.52003e-06
9.09752e-06
8.70085e-06
8.33002e-06
7.9852e-06
7.6668e-06
7.37546e-06
7.11211e-06
6.87803e-06
6.67491e-06
6.50497e-06
6.37101e-06
6.27662e-06
6.22649e-06
1.91251e-05
6.12734e-05
0.000107468
0.000157932
0.000212916
0.000272666
0.000337413
0.000407375
0.000482765
0.000563786
0.000650637
0.000743511
0.000842596
0.000948075
0.00106013
0.00117892
0.00130463
0.00143741
0.00157741
0.00172478
0.00187966
0.00204217
0.00221244
0.00239057
0.00257667
0.00277082
0.00297311
0.00318358
0.0034023
0.00362931
0.00386462
0.00410825
0.0043602
0.00462044
0.00488894
0.00516566
0.00545052
0.00574345
0.00604434
0.00635309
0.00666956
0.00699361
0.00732507
0.00766377
0.0080095
0.00836207
0.00872123
0.00908676
0.00945838
0.00983583
0.0102188
0.010607
0.0110002
0.0113979
0.0117999
0.0122058
0.0126152
0.0130277
0.0134431
0.0138608
0.0142804
0.0147016
0.015124
0.015547
0.0159703
0.0163934
0.0168159
0.0172374
0.0176574
0.0180754
0.018491
0.0189037
0.0193132
0.0197189
0.0201204
0.0205173
0.0209091
0.0212955
0.0216759
0.02205
0.0224174
0.0227777
0.0231305
0.0234753
0.023812
0.02414
0.0244591
0.0247689
0.0250691
0.0253594
0.0256396
0.0259093
0.0261683
0.0264164
0.0266533
0.0268788
0.0270928
0.0272951
0.0274855
0.0276638
0.0278301
0.027984
0.0281257
0.0282549
0.0283717
0.028476
0.0285678
0.0286471
0.0287139
0.0287683
0.0288102
0.0288398
0.0288571
0.0288622
0.0288556
0.028837
0.0288063
0.0287639
0.02871
0.0286448
0.0285685
0.0284813
0.0283833
0.0282748
0.028156
0.0280271
0.0278885
0.0277403
0.0275828
0.0274163
0.027241
0.0270573
0.0268653
0.0266654
0.0264579
0.0262431
0.0260212
0.0257926
0.0255575
0.0253162
0.0250691
0.0248165
0.0245586
0.0242957
0.0240281
0.0237562
0.0234802
0.0232004
0.0229171
0.0226305
0.022341
0.0220488
0.0217542
0.0214575
0.0211589
0.0208586
0.020557
0.0202542
0.0199505
0.0196461
0.0193413
0.0190362
0.0187312
0.0184263
0.0181218
0.017818
0.0175149
0.0172127
0.0169117
0.016612
0.0163137
0.016017
0.0157222
0.0154292
0.0151382
0.0148494
0.0145629
0.0142788
0.0139972
0.0137182
0.013442
0.0131685
0.0128979
0.0126303
0.0123657
0.0121042
0.011846
0.0115909
0.0113391
0.0110907
0.0108456
0.0106039
0.0103657
0.010131
0.00989977
0.00967207
0.00944791
0.00922731
0.00901028
0.00879682
0.00858693
0.00838062
0.00817789
0.00797873
0.00778312
0.00759107
0.00740255
0.00721754
0.00703604
0.00685801
0.00668344
0.0065123
0.00634456
0.0061802
0.00601919
0.00586148
0.00570706
0.00555589
0.00540792
0.00526313
0.00512148
0.00498292
0.00484743
0.00471495
0.00458545
0.00445888
0.00433521
0.00421439
0.00409638
0.00398113
0.0038686
0.00375875
0.00365154
0.00354691
0.00344482
0.00334524
0.00324811
0.0031534
0.00306105
0.00297102
0.00288327
0.00279776
0.00271444
0.00263327
0.00255421
0.00247721
0.00240223
0.00232924
0.00225818
0.00218902
0.00212171
0.00205622
0.00199251
0.00193054
0.00187027
0.00181165
0.00175467
0.00169927
0.00164541
0.00159308
0.00154222
0.0014928
0.0014448
0.00139817
0.00135288
0.0013089
0.0012662
0.00122475
0.00118451
0.00114545
0.00110755
0.00107077
0.0010351
0.00100048
0.000966915
0.00093436
0.000902791
0.000872184
0.000842512
0.000813752
0.000785878
0.000758866
0.000732695
0.000707339
0.000682778
0.000658989
0.000635951
0.000613643
0.000592045
0.000571137
0.000550899
0.000531313
0.000512359
0.00049402
0.000476278
0.000459116
0.000442517
0.000426465
0.000410943
0.000395936
0.000381429
0.000367407
0.000353855
0.00034076
0.000328107
0.000315883
0.000304076
0.000292673
0.00028166
0.000271027
0.000260761
0.000250851
0.000241287
0.000232056
0.000223149
0.000214556
0.000206266
0.00019827
0.000190559
0.000183123
0.000175954
0.000169043
0.000162381
0.00015596
0.000149773
0.000143812
0.00013807
0.000132538
0.000127211
0.000122081
0.000117141
0.000112386
0.000107809
0.000103404
9.9165e-05
9.50865e-05
9.11628e-05
8.73888e-05
8.37591e-05
8.02689e-05
7.69131e-05
7.36871e-05
7.05863e-05
6.76063e-05
6.47429e-05
6.19918e-05
5.9349e-05
5.68106e-05
5.43729e-05
5.20323e-05
4.97852e-05
4.76281e-05
4.55579e-05
4.35713e-05
4.16652e-05
3.98366e-05
3.80827e-05
3.64007e-05
3.47879e-05
3.32416e-05
3.17594e-05
3.03389e-05
2.89777e-05
2.76736e-05
2.64244e-05
2.5228e-05
2.40824e-05
2.29856e-05
2.19358e-05
2.09312e-05
1.99701e-05
1.90508e-05
1.81718e-05
1.73314e-05
1.65284e-05
1.57613e-05
1.50287e-05
1.43296e-05
1.36627e-05
1.30269e-05
1.24213e-05
1.18449e-05
1.12968e-05
1.07764e-05
1.0283e-05
9.81595e-06
9.37497e-06
8.9597e-06
8.56999e-06
8.20586e-06
7.86748e-06
7.55526e-06
7.26984e-06
7.01213e-06
6.78337e-06
6.58521e-06
6.41973e-06
6.28961e-06
6.19819e-06
6.1498e-06
1.93929e-05
6.21494e-05
0.000109059
0.000160358
0.000216284
0.000277047
0.000342839
0.000413844
0.000490243
0.000572221
0.000659963
0.000753654
0.000853481
0.000959624
0.00107226
0.00119157
0.00131772
0.00145087
0.00159118
0.00173878
0.00189382
0.00205643
0.00222672
0.0024048
0.00259077
0.00278472
0.00298671
0.00319681
0.00341506
0.0036415
0.00387616
0.00411903
0.00437011
0.00462937
0.00489678
0.00517229
0.00545582
0.0057473
0.00604661
0.00635364
0.00666827
0.00699033
0.00731967
0.00765611
0.00799944
0.00834945
0.00870592
0.0090686
0.00943723
0.00981154
0.0101912
0.010576
0.0109656
0.0113596
0.0117577
0.0121596
0.0125648
0.0129731
0.013384
0.0137971
0.0142121
0.0146285
0.0150459
0.0154638
0.015882
0.0162998
0.016717
0.0171329
0.0175473
0.0179597
0.0183695
0.0187765
0.01918
0.0195798
0.0199753
0.0203661
0.0207519
0.0211321
0.0215064
0.0218744
0.0222356
0.0225897
0.0229363
0.023275
0.0236055
0.0239274
0.0242404
0.0245442
0.0248384
0.0251229
0.0253972
0.0256611
0.0259144
0.0261569
0.0263883
0.0266084
0.0268171
0.0270142
0.0271995
0.0273729
0.0275343
0.0276836
0.0278207
0.0279456
0.0280582
0.0281584
0.0282462
0.0283218
0.028385
0.0284359
0.0284746
0.0285011
0.0285155
0.0285178
0.0285088
0.0284877
0.0284548
0.0284104
0.0283547
0.0282879
0.0282101
0.0281216
0.0280225
0.0279131
0.0277936
0.0276643
0.0275253
0.0273769
0.0272194
0.027053
0.0268781
0.0266948
0.0265035
0.0263044
0.0260979
0.0258842
0.0256636
0.0254363
0.0252028
0.0249633
0.024718
0.0244674
0.0242115
0.0239509
0.0236857
0.0234162
0.0231428
0.0228657
0.0225851
0.0223014
0.0220149
0.0217258
0.0214343
0.0211408
0.0208454
0.0205485
0.0202503
0.019951
0.0196509
0.0193501
0.019049
0.0187476
0.0184463
0.0181452
0.0178446
0.0175445
0.0172453
0.016947
0.0166499
0.0163541
0.0160598
0.0157671
0.0154762
0.0151871
0.0149001
0.0146153
0.0143328
0.0140526
0.0137749
0.0134999
0.0132275
0.0129579
0.0126912
0.0124274
0.0121667
0.011909
0.0116545
0.0114031
0.0111551
0.0109103
0.0106689
0.0104308
0.0101961
0.00996494
0.0097372
0.00951295
0.00929219
0.00907495
0.00886124
0.00865105
0.0084444
0.00824128
0.00804169
0.00784563
0.00765307
0.00746402
0.00727846
0.00709637
0.00691773
0.00674252
0.00657071
0.0064023
0.00623724
0.0060755
0.00591707
0.0057619
0.00560996
0.00546123
0.00531566
0.00517322
0.00503386
0.00489757
0.00476428
0.00463397
0.00450659
0.0043821
0.00426047
0.00414164
0.00402557
0.00391223
0.00380157
0.00369354
0.00358811
0.00348523
0.00338485
0.00328693
0.00319143
0.0030983
0.0030075
0.00291899
0.00283272
0.00274866
0.00266675
0.00258695
0.00250923
0.00243354
0.00235984
0.00228808
0.00221823
0.00215025
0.0020841
0.00201974
0.00195712
0.00189621
0.00183697
0.00177937
0.00172337
0.00166892
0.001616
0.00156457
0.00151459
0.00146604
0.00141886
0.00137305
0.00132855
0.00128534
0.00124338
0.00120265
0.00116311
0.00112474
0.00108751
0.00105138
0.00101633
0.000982325
0.000949347
0.000917365
0.000886355
0.000856289
0.000827142
0.000798892
0.000771512
0.000744981
0.000719274
0.00069437
0.000670246
0.000646882
0.000624255
0.000602347
0.000581135
0.000560601
0.000540727
0.000521492
0.000502879
0.00048487
0.000467448
0.000450596
0.000434296
0.000418534
0.000403293
0.000388558
0.000374314
0.000360546
0.000347241
0.000334383
0.000321961
0.000309961
0.000298369
0.000287174
0.000276363
0.000265924
0.000255846
0.000246118
0.000236729
0.000227669
0.000218926
0.000210491
0.000202354
0.000194506
0.000186937
0.000179639
0.000172603
0.000165819
0.000159281
0.00015298
0.000146909
0.000141059
0.000135423
0.000129995
0.000124767
0.000119733
0.000114886
0.00011022
0.000105729
0.000101407
9.72476e-05
9.32459e-05
8.93963e-05
8.56935e-05
8.21325e-05
7.87083e-05
7.54161e-05
7.22513e-05
6.92095e-05
6.62862e-05
6.34772e-05
6.07785e-05
5.81862e-05
5.56963e-05
5.33053e-05
5.10095e-05
4.88054e-05
4.66898e-05
4.46594e-05
4.2711e-05
4.08416e-05
3.90483e-05
3.73283e-05
3.56788e-05
3.40972e-05
3.25809e-05
3.11275e-05
2.97346e-05
2.83999e-05
2.71212e-05
2.58963e-05
2.47233e-05
2.36001e-05
2.25248e-05
2.14957e-05
2.05108e-05
1.95686e-05
1.86675e-05
1.78058e-05
1.69822e-05
1.61951e-05
1.54433e-05
1.47254e-05
1.40403e-05
1.33869e-05
1.2764e-05
1.21708e-05
1.16062e-05
1.10695e-05
1.056e-05
1.0077e-05
9.62004e-06
9.18868e-06
8.78267e-06
8.40185e-06
8.04626e-06
7.71608e-06
7.41173e-06
7.13382e-06
6.88326e-06
6.66124e-06
6.46933e-06
6.30949e-06
6.18419e-06
6.0965e-06
6.05029e-06
1.97128e-05
6.31957e-05
0.000110962
0.00016325
0.000220262
0.000282158
0.000349083
0.000421186
0.000498623
0.000581563
0.000670182
0.000764661
0.000865185
0.000971937
0.0010851
0.00120484
0.00133134
0.00146476
0.00160525
0.00175295
0.00190801
0.00207054
0.00224067
0.0024185
0.00260412
0.00279762
0.00299905
0.00320849
0.00342597
0.00365151
0.00388515
0.00412688
0.00437668
0.00463453
0.00490039
0.00517419
0.00545588
0.00574535
0.0060425
0.00634721
0.00665935
0.00697876
0.00730528
0.00763872
0.00797889
0.00832556
0.00867851
0.00903749
0.00940225
0.00977251
0.010148
0.0105284
0.0109134
0.0113026
0.0116958
0.0120926
0.0124926
0.0128954
0.0133007
0.0137081
0.0141172
0.0145275
0.0149387
0.0153504
0.0157621
0.0161733
0.0165838
0.0169929
0.0174004
0.0178057
0.0182085
0.0186082
0.0190046
0.019397
0.0197851
0.0201686
0.0205468
0.0209196
0.0212864
0.0216468
0.0220005
0.0223471
0.0226862
0.0230174
0.0233405
0.023655
0.0239606
0.0242571
0.0245442
0.0248215
0.0250887
0.0253457
0.0255922
0.025828
0.0260528
0.0262664
0.0264688
0.0266597
0.026839
0.0270065
0.0271622
0.027306
0.0274377
0.0275574
0.027665
0.0277604
0.0278437
0.0279148
0.0279739
0.0280208
0.0280557
0.0280787
0.0280898
0.0280891
0.0280771
0.0280532
0.0280179
0.0279713
0.0279137
0.0278451
0.0277658
0.0276759
0.0275758
0.0274655
0.0273453
0.0272155
0.0270763
0.0269279
0.0267706
0.0266047
0.0264303
0.0262479
0.0260576
0.0258597
0.0256546
0.0254424
0.0252236
0.0249983
0.0247669
0.0245296
0.0242868
0.0240387
0.0237856
0.0235279
0.0232657
0.0229994
0.0227293
0.0224555
0.0221785
0.0218985
0.0216157
0.0213305
0.021043
0.0207535
0.0204623
0.0201697
0.0198757
0.0195808
0.0192851
0.0189889
0.0186923
0.0183955
0.0180989
0.0178025
0.0175066
0.0172113
0.0169169
0.0166234
0.0163312
0.0160402
0.0157508
0.015463
0.0151769
0.0148928
0.0146107
0.0143307
0.014053
0.0137777
0.0135049
0.0132346
0.012967
0.0127022
0.0124403
0.0121812
0.0119251
0.0116721
0.0114222
0.0111754
0.0109319
0.0106916
0.0104546
0.0102209
0.00999065
0.00976375
0.00954026
0.00932021
0.00910361
0.00889048
0.00868081
0.00847462
0.00827191
0.00807268
0.00787691
0.00768462
0.00749578
0.00731038
0.00712842
0.00694987
0.00677471
0.00660292
0.00643449
0.00626938
0.00610757
0.00594902
0.00579372
0.00564163
0.00549271
0.00534694
0.00520427
0.00506468
0.00492812
0.00479456
0.00466395
0.00453627
0.00441146
0.00428949
0.00417032
0.0040539
0.0039402
0.00382916
0.00372076
0.00361494
0.00351167
0.00341089
0.00331258
0.00321667
0.00312314
0.00303193
0.00294301
0.00285633
0.00277185
0.00268953
0.00260932
0.00253119
0.00245509
0.00238097
0.00230881
0.00223856
0.00217018
0.00210362
0.00203886
0.00197585
0.00191455
0.00185492
0.00179694
0.00174055
0.00168573
0.00163244
0.00158065
0.00153031
0.00148139
0.00143387
0.0013877
0.00134286
0.00129931
0.00125703
0.00121597
0.00117611
0.00113743
0.00109988
0.00106344
0.00102809
0.000993795
0.000960527
0.000928261
0.000896971
0.000866631
0.000837216
0.000808702
0.000781065
0.00075428
0.000728326
0.000703179
0.000678817
0.00065522
0.000632366
0.000610234
0.000588805
0.000568058
0.000547974
0.000528536
0.000509724
0.00049152
0.000473908
0.000456869
0.000440389
0.000424449
0.000409035
0.000394132
0.000379723
0.000365795
0.000352333
0.000339323
0.000326751
0.000314606
0.000302872
0.000291539
0.000280594
0.000270024
0.000259819
0.000249967
0.000240458
0.000231279
0.000222422
0.000213876
0.000205631
0.000197677
0.000190006
0.000182608
0.000175475
0.000168597
0.000161968
0.000155578
0.00014942
0.000143486
0.000137769
0.000132262
0.000126957
0.000121849
0.00011693
0.000112194
0.000107634
0.000103246
9.9023e-05
9.49592e-05
9.10495e-05
8.72884e-05
8.36709e-05
8.0192e-05
7.68468e-05
7.36307e-05
7.05391e-05
6.75676e-05
6.4712e-05
6.19682e-05
5.93322e-05
5.68001e-05
5.43682e-05
5.20329e-05
4.97906e-05
4.7638e-05
4.55719e-05
4.35889e-05
4.16862e-05
3.98606e-05
3.81095e-05
3.64299e-05
3.48192e-05
3.32748e-05
3.17943e-05
3.03752e-05
2.90152e-05
2.77121e-05
2.64637e-05
2.5268e-05
2.41228e-05
2.30263e-05
2.19767e-05
2.09721e-05
2.00108e-05
1.90912e-05
1.82117e-05
1.73707e-05
1.65669e-05
1.57989e-05
1.50653e-05
1.43648e-05
1.36965e-05
1.3059e-05
1.24515e-05
1.18729e-05
1.13224e-05
1.07992e-05
1.03027e-05
9.83206e-06
9.38698e-06
8.96702e-06
8.57194e-06
8.20161e-06
7.85607e-06
7.53553e-06
7.2404e-06
6.97129e-06
6.72907e-06
6.5149e-06
6.33025e-06
6.17693e-06
6.05721e-06
5.97381e-06
5.93011e-06
2.00749e-05
6.43753e-05
0.000113107
0.000166481
0.000224629
0.000287651
0.000355652
0.000428755
0.000507104
0.000590858
0.000680192
0.000775287
0.00087633
0.000983504
0.00109699
0.00121697
0.0013436
0.00147706
0.0016175
0.00176505
0.00191985
0.00208203
0.0022517
0.00242895
0.00261388
0.00280656
0.00300705
0.00321542
0.00343168
0.00365588
0.00388802
0.00412809
0.00437609
0.00463197
0.00489569
0.00516718
0.00544637
0.00573317
0.00602747
0.00632914
0.00663805
0.00695403
0.00727693
0.00760654
0.00794268
0.00828513
0.00863365
0.00898801
0.00934793
0.00971315
0.0100834
0.0104583
0.0108377
0.0112211
0.0116083
0.0119988
0.0123924
0.0127886
0.0131872
0.0135876
0.0139896
0.0143927
0.0147964
0.0152005
0.0156045
0.0160079
0.0164104
0.0168114
0.0172107
0.0176077
0.0180021
0.0183934
0.0187811
0.019165
0.0195444
0.0199191
0.0202887
0.0206527
0.0210107
0.0213623
0.0217073
0.0220451
0.0223755
0.0226981
0.0230126
0.0233185
0.0236157
0.0239039
0.0241826
0.0244517
0.0247109
0.02496
0.0251987
0.0254268
0.0256441
0.0258504
0.0260456
0.0262296
0.026402
0.026563
0.0267123
0.0268499
0.0269757
0.0270896
0.0271916
0.0272818
0.02736
0.0274263
0.0274808
0.0275234
0.0275543
0.0275734
0.0275809
0.0275771
0.0275619
0.0275353
0.0274975
0.0274486
0.027389
0.0273187
0.0272379
0.0271469
0.0270458
0.0269348
0.0268142
0.0266842
0.0265451
0.026397
0.0262403
0.0260751
0.0259018
0.0257206
0.0255318
0.0253356
0.0251324
0.0249224
0.0247059
0.0244831
0.0242544
0.0240201
0.0237804
0.0235356
0.0232859
0.0230318
0.0227734
0.022511
0.0222449
0.0219754
0.0217028
0.0214272
0.0211491
0.0208685
0.0205858
0.0203013
0.0200151
0.0197275
0.0194388
0.0191491
0.0188587
0.0185679
0.0182767
0.0179855
0.0176944
0.0174037
0.0171134
0.0168238
0.0165351
0.0162474
0.0159608
0.0156757
0.015392
0.0151099
0.0148296
0.0145513
0.0142749
0.0140007
0.0137287
0.0134591
0.013192
0.0129274
0.0126654
0.0124062
0.0121498
0.0118963
0.0116457
0.0113981
0.0111536
0.0109122
0.0106739
0.0104389
0.0102071
0.00997856
0.00975334
0.00953147
0.00931295
0.0090978
0.00888604
0.00867768
0.00847272
0.00827118
0.00807305
0.00787833
0.00768702
0.0074991
0.00731458
0.00713343
0.00695564
0.00678119
0.00661008
0.00644226
0.00627773
0.00611645
0.0059584
0.00580356
0.00565188
0.00550335
0.00535793
0.00521558
0.00507627
0.00493997
0.00480663
0.00467623
0.00454873
0.00442407
0.00430223
0.00418317
0.00406684
0.00395321
0.00384223
0.00373386
0.00362806
0.00352479
0.003424
0.00332566
0.00322972
0.00313613
0.00304487
0.00295587
0.00286911
0.00278454
0.00270212
0.00262181
0.00254356
0.00246733
0.00239309
0.0023208
0.00225041
0.00218188
0.00211518
0.00205027
0.0019871
0.00192564
0.00186586
0.00180771
0.00175116
0.00169617
0.00164271
0.00159075
0.00154024
0.00149115
0.00144346
0.00139712
0.00135211
0.00130839
0.00126593
0.0012247
0.00118467
0.00114582
0.0011081
0.0010715
0.00103598
0.00100152
0.000968087
0.000935659
0.000904209
0.00087371
0.000844138
0.000815469
0.000787678
0.000760742
0.000734638
0.000709343
0.000684836
0.000661096
0.0006381
0.000615829
0.000594263
0.000573381
0.000553166
0.000533597
0.000514656
0.000496327
0.000478591
0.000461431
0.000444832
0.000428775
0.000413247
0.000398231
0.000383712
0.000369675
0.000356107
0.000342994
0.000330321
0.000318076
0.000306245
0.000294817
0.000283779
0.000273118
0.000262824
0.000252885
0.00024329
0.000234029
0.000225091
0.000216465
0.000208143
0.000200114
0.000192369
0.000184899
0.000177696
0.00017075
0.000164054
0.0001576
0.000151378
0.000145383
0.000139606
0.00013404
0.000128679
0.000123515
0.000118542
0.000113753
0.000109143
0.000104705
0.000100434
9.63233e-05
9.2368e-05
8.85627e-05
8.49022e-05
8.13815e-05
7.79957e-05
7.47402e-05
7.16104e-05
6.86019e-05
6.57103e-05
6.29316e-05
6.02617e-05
5.76968e-05
5.5233e-05
5.28668e-05
5.05946e-05
4.84131e-05
4.63188e-05
4.43087e-05
4.23796e-05
4.05286e-05
3.87527e-05
3.70492e-05
3.54154e-05
3.38486e-05
3.23465e-05
3.09064e-05
2.95262e-05
2.82035e-05
2.69361e-05
2.5722e-05
2.45591e-05
2.34455e-05
2.23792e-05
2.13586e-05
2.03817e-05
1.94471e-05
1.8553e-05
1.76979e-05
1.68803e-05
1.60989e-05
1.53523e-05
1.46393e-05
1.39586e-05
1.3309e-05
1.26897e-05
1.20994e-05
1.15374e-05
1.10027e-05
1.04947e-05
1.00126e-05
9.55591e-06
9.12414e-06
8.71693e-06
8.33405e-06
7.9754e-06
7.64104e-06
7.33119e-06
7.04624e-06
6.78682e-06
6.55376e-06
6.34817e-06
6.17141e-06
6.02518e-06
5.91148e-06
5.8327e-06
5.79169e-06
2.04589e-05
6.56204e-05
0.000115375
0.000169824
0.000228998
0.000292953
0.000361781
0.000435601
0.000514556
0.000598811
0.000688543
0.000783934
0.000885173
0.000992442
0.00110592
0.0012258
0.00135222
0.00148536
0.00162537
0.00177238
0.00192653
0.00208793
0.00225669
0.0024329
0.00261666
0.00280802
0.00300705
0.00321379
0.00342827
0.00365052
0.00388054
0.00411831
0.00436383
0.00461704
0.00487789
0.00514633
0.00542226
0.00570559
0.00599621
0.00629399
0.00659879
0.00691045
0.0072288
0.00755365
0.0078848
0.00822203
0.00856512
0.00891381
0.00926784
0.00962695
0.00999086
0.0103593
0.0107318
0.0111083
0.0114882
0.0118714
0.0122574
0.0126459
0.0130364
0.0134287
0.0138223
0.0142169
0.014612
0.0150073
0.0154023
0.0157966
0.0161899
0.0165816
0.0169715
0.0173589
0.0177437
0.0181253
0.0185033
0.0188773
0.0192469
0.0196118
0.0199714
0.0203255
0.0206736
0.0210154
0.0213505
0.0216786
0.0219992
0.0223121
0.022617
0.0229135
0.0232013
0.0234801
0.0237497
0.0240098
0.0242601
0.0245005
0.0247307
0.0249504
0.0251595
0.0253579
0.0255453
0.0257217
0.0258869
0.0260407
0.0261832
0.0263142
0.0264336
0.0265414
0.0266377
0.0267222
0.0267952
0.0268565
0.0269063
0.0269445
0.0269712
0.0269865
0.0269904
0.0269834
0.0269651
0.0269358
0.0268956
0.0268447
0.0267833
0.0267116
0.0266296
0.0265377
0.026436
0.0263247
0.0262041
0.0260743
0.0259357
0.0257884
0.0256327
0.0254689
0.0252972
0.0251178
0.0249311
0.0247373
0.0245366
0.0243294
0.0241159
0.0238964
0.0236712
0.0234405
0.0232047
0.0229639
0.0227185
0.0224688
0.022215
0.0219573
0.0216961
0.0214317
0.0211642
0.020894
0.0206213
0.0203463
0.0200693
0.0197905
0.0195102
0.0192286
0.018946
0.0186625
0.0183783
0.0180937
0.0178089
0.0175241
0.0172395
0.0169552
0.0166714
0.0163884
0.0161062
0.0158251
0.0155452
0.0152666
0.0149895
0.0147141
0.0144404
0.0141686
0.0138988
0.0136312
0.0133658
0.0131027
0.012842
0.0125838
0.0123283
0.0120754
0.0118253
0.0115781
0.0113337
0.0110923
0.0108539
0.0106185
0.0103862
0.0101571
0.00993119
0.00970847
0.00948899
0.00927278
0.00905985
0.00885022
0.00864391
0.00844092
0.00824127
0.00804495
0.00785197
0.00766232
0.007476
0.007293
0.00711332
0.00693693
0.00676382
0.00659398
0.00642738
0.00626401
0.00610384
0.00594685
0.00579302
0.0056423
0.00549468
0.00535013
0.0052086
0.00507008
0.00493452
0.00480189
0.00467216
0.00454528
0.00442122
0.00429995
0.00418142
0.0040656
0.00395243
0.0038419
0.00373395
0.00362854
0.00352564
0.0034252
0.00332718
0.00323154
0.00313823
0.00304723
0.00295848
0.00287194
0.00278758
0.00270535
0.00262521
0.00254712
0.00247104
0.00239694
0.00232476
0.00225448
0.00218605
0.00211944
0.0020546
0.0019915
0.0019301
0.00187037
0.00181226
0.00175574
0.00170078
0.00164734
0.00159539
0.00154488
0.0014958
0.0014481
0.00140175
0.00135672
0.00131298
0.0012705
0.00122924
0.00118919
0.00115029
0.00111254
0.0010759
0.00104034
0.00100583
0.000972351
0.000939874
0.000908372
0.00087782
0.000848193
0.000819467
0.000791619
0.000764625
0.000738461
0.000713107
0.000688539
0.000664737
0.000641679
0.000619346
0.000597717
0.000576772
0.000556493
0.000536861
0.000517858
0.000499466
0.000481667
0.000464445
0.000447783
0.000431664
0.000416074
0.000400997
0.000386417
0.000372321
0.000358693
0.000345521
0.00033279
0.000320487
0.000308599
0.000297115
0.000286021
0.000275305
0.000264957
0.000254965
0.000245318
0.000236005
0.000227016
0.00021834
0.000209969
0.000201891
0.000194099
0.000186583
0.000179334
0.000172343
0.000165603
0.000159105
0.000152841
0.000146804
0.000140987
0.000135381
0.000129981
0.000124779
0.000119769
0.000114944
0.000110298
0.000105825
0.00010152
9.73761e-05
9.33884e-05
8.95514e-05
8.58601e-05
8.23093e-05
7.88941e-05
7.561e-05
7.24523e-05
6.94166e-05
6.64985e-05
6.3694e-05
6.09991e-05
5.84097e-05
5.59222e-05
5.35329e-05
5.12383e-05
4.90348e-05
4.69193e-05
4.48886e-05
4.29394e-05
4.10689e-05
3.92741e-05
3.75522e-05
3.59006e-05
3.43166e-05
3.27976e-05
3.13413e-05
2.99452e-05
2.86072e-05
2.7325e-05
2.60964e-05
2.49196e-05
2.37924e-05
2.2713e-05
2.16795e-05
2.06903e-05
1.97436e-05
1.88377e-05
1.79713e-05
1.71426e-05
1.63504e-05
1.55933e-05
1.487e-05
1.41792e-05
1.35197e-05
1.28906e-05
1.22907e-05
1.17191e-05
1.11749e-05
1.06573e-05
1.01656e-05
9.69912e-06
9.25735e-06
8.83983e-06
8.44625e-06
8.07638e-06
7.73015e-06
7.40763e-06
7.10904e-06
6.8348e-06
6.58551e-06
6.36197e-06
6.16523e-06
5.99659e-06
5.85758e-06
5.75e-06
5.67588e-06
5.63758e-06
2.08461e-05
6.68113e-05
0.000117496
0.000172783
0.000232615
0.000297072
0.000366269
0.000440337
0.000519432
0.000603724
0.000693393
0.000788622
0.000889597
0.0009965
0.00110951
0.00122879
0.00135452
0.00148684
0.00162591
0.00177184
0.00192478
0.00208483
0.00225209
0.00242665
0.00260859
0.00279797
0.00299484
0.00319925
0.00341122
0.00363077
0.00385788
0.00409256
0.00433476
0.00458445
0.00484157
0.00510605
0.0053778
0.00565672
0.0059427
0.00623561
0.00653529
0.0068416
0.00715436
0.00747338
0.00779845
0.00812937
0.00846589
0.00880778
0.00915479
0.00950663
0.00986303
0.0102237
0.0105883
0.0109566
0.0113282
0.0117027
0.0120799
0.0124593
0.0128407
0.0132236
0.0136077
0.0139925
0.0143778
0.014763
0.0151479
0.0155319
0.0159148
0.016296
0.0166752
0.017052
0.017426
0.0177968
0.0181639
0.018527
0.0188858
0.0192397
0.0195884
0.0199316
0.0202689
0.0205999
0.0209243
0.0212416
0.0215517
0.0218541
0.0221486
0.0224348
0.0227125
0.0229814
0.0232412
0.0234917
0.0237326
0.0239637
0.0241848
0.0243957
0.0245962
0.0247863
0.0249656
0.0251341
0.0252917
0.0254382
0.0255736
0.0256978
0.0258108
0.0259124
0.0260028
0.0260818
0.0261495
0.0262059
0.026251
0.0262849
0.0263077
0.0263193
0.02632
0.02631
0.026289
0.0262574
0.0262152
0.0261626
0.0260999
0.0260271
0.0259445
0.0258522
0.0257504
0.0256394
0.0255193
0.0253904
0.025253
0.0251071
0.0249532
0.0247914
0.024622
0.0244452
0.0242613
0.0240706
0.0238733
0.0236697
0.02346
0.0232446
0.0230237
0.0227975
0.0225663
0.0223305
0.0220902
0.0218457
0.0215973
0.0213453
0.02109
0.0208314
0.0205701
0.020306
0.0200397
0.0197711
0.0195007
0.0192286
0.0189551
0.0186804
0.0184047
0.0181282
0.0178511
0.0175737
0.0172961
0.0170186
0.0167412
0.0164643
0.0161879
0.0159122
0.0156375
0.0153638
0.0150912
0.0148201
0.0145504
0.0142824
0.0140161
0.0137516
0.0134892
0.0132288
0.0129707
0.0127148
0.0124613
0.0122103
0.0119619
0.0117161
0.011473
0.0112326
0.0109951
0.0107605
0.0105288
0.0103001
0.0100745
0.00985189
0.00963241
0.00941607
0.00920288
0.00899289
0.0087861
0.00858252
0.00838218
0.00818508
0.00799123
0.00780063
0.00761328
0.00742917
0.00724831
0.00707068
0.00689627
0.00672507
0.00655707
0.00639224
0.00623057
0.00607204
0.00591663
0.0057643
0.00561504
0.00546882
0.0053256
0.00518536
0.00504807
0.0049137
0.00478221
0.00465356
0.00452773
0.00440467
0.00428435
0.00416674
0.00405179
0.00393947
0.00382973
0.00372255
0.00361787
0.00351566
0.00341589
0.0033185
0.00322347
0.00313074
0.00304029
0.00295206
0.00286602
0.00278214
0.00270036
0.00262065
0.00254297
0.00246728
0.00239354
0.00232171
0.00225176
0.00218364
0.00211732
0.00205277
0.00198993
0.00192878
0.00186928
0.00181139
0.00175508
0.00170032
0.00164706
0.00159528
0.00154494
0.00149601
0.00144845
0.00140223
0.00135733
0.0013137
0.00127133
0.00123017
0.0011902
0.0011514
0.00111372
0.00107715
0.00104165
0.00100721
0.000973782
0.000941353
0.000909895
0.000879382
0.00084979
0.000821095
0.000793273
0.000766301
0.000740157
0.000714818
0.000690263
0.00066647
0.000643419
0.00062109
0.000599463
0.000578518
0.000558236
0.000538599
0.000519589
0.000501188
0.000483379
0.000466145
0.00044947
0.000433337
0.000417731
0.000402637
0.00038804
0.000373924
0.000360277
0.000347084
0.000334332
0.000322007
0.000310097
0.000298589
0.000287472
0.000276733
0.00026636
0.000256344
0.000246672
0.000237334
0.00022832
0.000219619
0.000211222
0.00020312
0.000195302
0.000187761
0.000180486
0.000173471
0.000166705
0.000160183
0.000153894
0.000147833
0.000141991
0.000136362
0.000130937
0.000125712
0.000120678
0.00011583
0.000111162
0.000106667
0.000102339
9.81739e-05
9.41648e-05
9.03067e-05
8.65946e-05
8.30235e-05
7.95884e-05
7.62846e-05
7.31076e-05
7.00529e-05
6.71164e-05
6.42937e-05
6.15809e-05
5.89741e-05
5.64696e-05
5.40636e-05
5.17526e-05
4.95332e-05
4.74021e-05
4.53561e-05
4.33921e-05
4.15071e-05
3.96981e-05
3.79624e-05
3.62973e-05
3.47001e-05
3.31683e-05
3.16995e-05
3.02913e-05
2.89414e-05
2.76477e-05
2.64079e-05
2.52201e-05
2.40822e-05
2.29924e-05
2.19489e-05
2.09498e-05
1.99935e-05
1.90783e-05
1.82026e-05
1.73651e-05
1.65641e-05
1.57984e-05
1.50667e-05
1.43676e-05
1.37e-05
1.30628e-05
1.24549e-05
1.18753e-05
1.1323e-05
1.07974e-05
1.02975e-05
9.8227e-06
9.37236e-06
8.94598e-06
8.54314e-06
8.16353e-06
7.80696e-06
7.47337e-06
7.16284e-06
6.87561e-06
6.61207e-06
6.37281e-06
6.15864e-06
5.97054e-06
5.80972e-06
5.67761e-06
5.5758e-06
5.50606e-06
5.47028e-06
2.12782e-05
6.77713e-05
0.000118882
0.000174349
0.00023416
0.000298464
0.000367401
0.000441111
0.000519753
0.000603497
0.000692521
0.000787003
0.000887124
0.00099306
0.00110498
0.00122306
0.00134745
0.00147829
0.00161573
0.00175989
0.0019109
0.00206885
0.00223385
0.00240597
0.00258528
0.00277185
0.00296571
0.00316691
0.00337546
0.00359137
0.00381463
0.00404522
0.00428312
0.00452826
0.0047806
0.00504006
0.00530655
0.00557995
0.00586017
0.00614706
0.00644048
0.00674026
0.00704624
0.00735822
0.00767601
0.00799939
0.00832812
0.00866197
0.00900069
0.00934401
0.00969165
0.0100433
0.0103987
0.0107575
0.0111194
0.0114841
0.0118512
0.0122204
0.0125914
0.0129637
0.013337
0.0137109
0.014085
0.0144591
0.0148326
0.0152052
0.0155765
0.0159461
0.0163136
0.0166787
0.0170409
0.0173998
0.0177551
0.0181064
0.0184533
0.0187955
0.0191324
0.0194639
0.0197895
0.020109
0.0204219
0.0207279
0.0210267
0.0213181
0.0216016
0.0218771
0.0221441
0.0224026
0.0226522
0.0228927
0.0231238
0.0233454
0.0235572
0.0237591
0.0239509
0.0241324
0.0243036
0.0244642
0.0246142
0.0247534
0.0248819
0.0249994
0.0251061
0.0252018
0.0252865
0.0253602
0.025423
0.0254748
0.0255157
0.0255457
0.025565
0.0255735
0.0255714
0.0255588
0.0255358
0.0255024
0.0254589
0.0254053
0.0253419
0.0252688
0.0251862
0.0250943
0.0249932
0.0248832
0.0247645
0.0246373
0.0245019
0.0243584
0.024207
0.0240482
0.0238819
0.0237086
0.0235285
0.0233418
0.0231488
0.0229497
0.0227448
0.0225344
0.0223187
0.0220979
0.0218724
0.0216424
0.0214082
0.02117
0.020928
0.0206826
0.0204339
0.0201823
0.0199279
0.0196711
0.019412
0.0191508
0.0188879
0.0186234
0.0183576
0.0180907
0.0178228
0.0175542
0.0172851
0.0170157
0.0167462
0.0164767
0.0162075
0.0159387
0.0156705
0.015403
0.0151364
0.0148709
0.0146066
0.0143436
0.0140821
0.0138221
0.0135639
0.0133076
0.0130531
0.0128008
0.0125505
0.0123026
0.0120569
0.0118137
0.011573
0.0113348
0.0110993
0.0108664
0.0106364
0.0104091
0.0101847
0.00996322
0.00974469
0.00952914
0.00931661
0.00910712
0.00890072
0.0086974
0.0084972
0.00830012
0.00810619
0.0079154
0.00772776
0.00754328
0.00736195
0.00718376
0.00700873
0.00683683
0.00666805
0.00650239
0.00633982
0.00618034
0.00602391
0.00587053
0.00572016
0.0055728
0.0054284
0.00528694
0.0051484
0.00501274
0.00487994
0.00474996
0.00462277
0.00449834
0.00437663
0.00425761
0.00414125
0.0040275
0.00391633
0.00380771
0.00370159
0.00359794
0.00349671
0.00339788
0.0033014
0.00320724
0.00311534
0.00302569
0.00293823
0.00285292
0.00276974
0.00268863
0.00260957
0.0025325
0.00245741
0.00238423
0.00231295
0.00224351
0.00217589
0.00211004
0.00204593
0.00198352
0.00192278
0.00186368
0.00180616
0.00175021
0.00169578
0.00164285
0.00159137
0.00154132
0.00149267
0.00144537
0.00139941
0.00135474
0.00131134
0.00126918
0.00122823
0.00118846
0.00114983
0.00111233
0.00107592
0.00104058
0.00100627
0.000972986
0.000940687
0.00090935
0.000878951
0.000849467
0.000820872
0.000793145
0.000766261
0.0007402
0.000714938
0.000690455
0.000666729
0.000643741
0.00062147
0.000599895
0.000579
0.000558763
0.000539168
0.000520196
0.00050183
0.000484053
0.000466848
0.000450198
0.000434088
0.000418503
0.000403427
0.000388845
0.000374744
0.000361108
0.000347924
0.00033518
0.000322861
0.000310956
0.000299451
0.000288335
0.000277597
0.000267223
0.000257205
0.000247529
0.000238187
0.000229168
0.000220461
0.000212057
0.000203947
0.000196122
0.000188571
0.000181288
0.000174262
0.000167486
0.000160953
0.000154653
0.00014858
0.000142726
0.000137085
0.000131648
0.00012641
0.000121364
0.000116503
0.000111821
0.000107313
0.000102972
9.87935e-05
9.47712e-05
9.08999e-05
8.71746e-05
8.35902e-05
8.01419e-05
7.68251e-05
7.36351e-05
7.05675e-05
6.76182e-05
6.47829e-05
6.20576e-05
5.94384e-05
5.69216e-05
5.45035e-05
5.21806e-05
4.99495e-05
4.78068e-05
4.57494e-05
4.37742e-05
4.18781e-05
4.00583e-05
3.8312e-05
3.66365e-05
3.50291e-05
3.34872e-05
3.20086e-05
3.05908e-05
2.92314e-05
2.79284e-05
2.66796e-05
2.54829e-05
2.43364e-05
2.32381e-05
2.21862e-05
2.1179e-05
2.02147e-05
1.92917e-05
1.84084e-05
1.75634e-05
1.6755e-05
1.59821e-05
1.52431e-05
1.4537e-05
1.38624e-05
1.32182e-05
1.26033e-05
1.20168e-05
1.14576e-05
1.09248e-05
1.04178e-05
9.93558e-06
9.47765e-06
9.04338e-06
8.63227e-06
8.24393e-06
7.87808e-06
7.53453e-06
7.21324e-06
6.91428e-06
6.63791e-06
6.3845e-06
6.15464e-06
5.9491e-06
5.76882e-06
5.61496e-06
5.48885e-06
5.39197e-06
5.32586e-06
5.29215e-06
)
;

boundaryField
{
    frontAndBack
    {
        type            empty;
    }
    inlet
    {
        type            uniformFixedValue;
        uniformValue    
        {
            type            table;
            values          
4
(
(0 0)
(0.05 1)
(0.1 1)
(0.15 0)
)
;
        }
        value           uniform 0;
    }
    outlet
    {
        type            zeroGradient;
    }
    substrate
    {
        type            firstorder;
        value           nonuniform List<scalar> 
400
(
2.11736e-05
6.74206e-05
0.000118244
0.000173385
0.000232828
0.000296722
0.000365204
0.000438413
0.000516505
0.000599647
0.000688013
0.000781779
0.000881122
0.000986215
0.00109723
0.00121432
0.00133764
0.00146735
0.00160357
0.00174642
0.00189603
0.00205249
0.00221589
0.00238632
0.00256384
0.0027485
0.00294036
0.00313943
0.00334574
0.00355929
0.00378007
0.00400807
0.00424324
0.00448553
0.00473489
0.00499124
0.00525449
0.00552453
0.00580124
0.00608449
0.00637415
0.00667003
0.00697198
0.0072798
0.0075933
0.00791226
0.00823645
0.00856563
0.00889956
0.00923796
0.00958057
0.00992709
0.0102772
0.0106307
0.0109872
0.0113463
0.0117077
0.0120712
0.0124363
0.0128027
0.01317
0.0135379
0.013906
0.0142738
0.0146411
0.0150075
0.0153725
0.0157359
0.0160971
0.0164558
0.0168117
0.0171643
0.0175132
0.0178582
0.0181988
0.0185347
0.0188655
0.0191908
0.0195103
0.0198237
0.0201306
0.0204308
0.0207238
0.0210094
0.0212873
0.0215572
0.0218189
0.0220721
0.0223165
0.022552
0.0227782
0.022995
0.0232022
0.0233997
0.0235871
0.0237645
0.0239317
0.0240885
0.0242348
0.0243706
0.0244957
0.0246102
0.0247139
0.0248069
0.024889
0.0249604
0.025021
0.0250708
0.0251099
0.0251384
0.0251562
0.0251635
0.0251604
0.025147
0.0251234
0.0250896
0.0250458
0.0249921
0.0249288
0.024856
0.0247739
0.0246826
0.0245824
0.0244734
0.0243559
0.02423
0.0240961
0.0239542
0.0238047
0.0236478
0.0234837
0.0233126
0.0231349
0.0229507
0.0227603
0.022564
0.022362
0.0221546
0.021942
0.0217245
0.0215024
0.0212758
0.0210451
0.0208105
0.0205722
0.0203306
0.0200858
0.019838
0.0195877
0.0193348
0.0190798
0.0188229
0.0185641
0.0183039
0.0180423
0.0177797
0.0175162
0.017252
0.0169873
0.0167223
0.0164572
0.0161922
0.0159274
0.015663
0.0153993
0.0151362
0.0148741
0.014613
0.0143531
0.0140946
0.0138374
0.0135819
0.013328
0.013076
0.0128259
0.0125778
0.0123318
0.0120881
0.0118466
0.0116075
0.0113709
0.0111368
0.0109053
0.0106765
0.0104504
0.010227
0.0100065
0.00978881
0.00957404
0.00936221
0.00915335
0.00894748
0.00874464
0.00854485
0.00834811
0.00815445
0.00796388
0.0077764
0.00759203
0.00741075
0.00723257
0.00705749
0.0068855
0.0067166
0.00655076
0.00638799
0.00622826
0.00607156
0.00591787
0.00576716
0.00561943
0.00547464
0.00533276
0.00519378
0.00505767
0.00492438
0.00479391
0.00466621
0.00454125
0.004419
0.00429943
0.0041825
0.00406818
0.00395643
0.00384722
0.0037405
0.00363625
0.00353442
0.00343498
0.00333788
0.0032431
0.00315059
0.00306032
0.00297224
0.00288632
0.00280252
0.0027208
0.00264112
0.00256345
0.00248774
0.00241397
0.00234209
0.00227206
0.00220385
0.00213741
0.00207273
0.00200975
0.00194845
0.00188878
0.00183071
0.00177421
0.00171925
0.00166578
0.00161378
0.00156322
0.00151405
0.00146626
0.0014198
0.00137465
0.00133077
0.00128814
0.00124672
0.00120649
0.00116742
0.00112948
0.00109264
0.00105687
0.00102215
0.000988458
0.000955759
0.00092403
0.000893248
0.000863387
0.000834424
0.000806335
0.000779098
0.00075269
0.00072709
0.000702275
0.000678225
0.00065492
0.000632338
0.000610461
0.000589268
0.000568742
0.000548864
0.000529616
0.00051098
0.000492939
0.000475476
0.000458576
0.000442221
0.000426396
0.000411087
0.000396278
0.000381954
0.000368102
0.000354708
0.000341758
0.000329239
0.000317139
0.000305444
0.000294143
0.000283224
0.000272676
0.000262486
0.000252645
0.000243141
0.000233964
0.000225105
0.000216552
0.000208297
0.000200331
0.000192644
0.000185227
0.000178073
0.000171172
0.000164516
0.000158098
0.00015191
0.000145945
0.000140195
0.000134653
0.000129313
0.000124167
0.000119211
0.000114436
0.000109837
0.000105409
0.000101145
9.70407e-05
9.30896e-05
8.9287e-05
8.56277e-05
8.21069e-05
7.87197e-05
7.54617e-05
7.23283e-05
6.93152e-05
6.64181e-05
6.36331e-05
6.09561e-05
5.83834e-05
5.59112e-05
5.3536e-05
5.12543e-05
4.90628e-05
4.69581e-05
4.49372e-05
4.2997e-05
4.11346e-05
3.93471e-05
3.76318e-05
3.59859e-05
3.4407e-05
3.28926e-05
3.14402e-05
3.00475e-05
2.87123e-05
2.74324e-05
2.62058e-05
2.50303e-05
2.39041e-05
2.28253e-05
2.17921e-05
2.08028e-05
1.98556e-05
1.8949e-05
1.80814e-05
1.72513e-05
1.64573e-05
1.56981e-05
1.49723e-05
1.42787e-05
1.3616e-05
1.29833e-05
1.23793e-05
1.18032e-05
1.12539e-05
1.07307e-05
1.02326e-05
9.75898e-06
9.30918e-06
8.88262e-06
8.47881e-06
8.09738e-06
7.73802e-06
7.40057e-06
7.08499e-06
6.79134e-06
6.51987e-06
6.27097e-06
6.04519e-06
5.84329e-06
5.66621e-06
5.51508e-06
5.39121e-06
5.29608e-06
5.23123e-06
5.19817e-06
)
;
    }
    Wall
    {
        type            firstorder;
        value           nonuniform List<scalar> 
400
(
2.11728e-05
6.74187e-05
0.000118241
0.000173381
0.000232823
0.000296715
0.000365194
0.000438399
0.000516487
0.000599624
0.000687983
0.000781743
0.000881079
0.000986164
0.00109717
0.00121425
0.00133757
0.00146726
0.00160347
0.00174631
0.0018959
0.00205235
0.00221574
0.00238616
0.00256366
0.00274831
0.00294015
0.00313921
0.0033455
0.00355904
0.0037798
0.00400778
0.00424294
0.00448522
0.00473456
0.00499089
0.00525412
0.00552414
0.00580083
0.00608406
0.00637369
0.00666956
0.00697149
0.00727929
0.00759276
0.0079117
0.00823587
0.00856503
0.00889893
0.00923731
0.00957989
0.00992639
0.0102765
0.01063
0.0109864
0.0113455
0.0117069
0.0120704
0.0124354
0.0128018
0.0131691
0.013537
0.013905
0.0142729
0.0146401
0.0150065
0.0153715
0.0157348
0.016096
0.0164547
0.0168105
0.0171631
0.0175121
0.0178571
0.0181977
0.0185335
0.0188643
0.0191896
0.0195091
0.0198225
0.0201294
0.0204295
0.0207225
0.0210081
0.021286
0.0215559
0.0218176
0.0220708
0.0223152
0.0225506
0.0227768
0.0229936
0.0232009
0.0233983
0.0235858
0.0237631
0.0239303
0.0240871
0.0242334
0.0243692
0.0244944
0.0246088
0.0247126
0.0248055
0.0248877
0.0249591
0.0250197
0.0250695
0.0251087
0.0251371
0.025155
0.0251623
0.0251592
0.0251458
0.0251221
0.0250884
0.0250446
0.024991
0.0249277
0.0248549
0.0247728
0.0246815
0.0245813
0.0244724
0.0243548
0.024229
0.0240951
0.0239532
0.0238037
0.0236468
0.0234827
0.0233117
0.023134
0.0229498
0.0227595
0.0225632
0.0223612
0.0221538
0.0219413
0.0217238
0.0215017
0.0212751
0.0210444
0.0208098
0.0205716
0.02033
0.0200852
0.0198375
0.0195871
0.0193343
0.0190793
0.0188224
0.0185637
0.0183034
0.0180419
0.0177793
0.0175158
0.0172516
0.0169869
0.0167219
0.0164568
0.0161918
0.0159271
0.0156627
0.015399
0.015136
0.0148739
0.0146128
0.0143529
0.0140943
0.0138372
0.0135817
0.0133279
0.0130758
0.0128257
0.0125777
0.0123317
0.0120879
0.0118465
0.0116074
0.0113708
0.0111367
0.0109052
0.0106764
0.0104503
0.0102269
0.0100064
0.00978876
0.00957399
0.00936217
0.00915331
0.00894746
0.00874462
0.00854483
0.0083481
0.00815445
0.00796388
0.00777641
0.00759203
0.00741076
0.00723258
0.00705751
0.00688552
0.00671662
0.00655079
0.00638802
0.00622829
0.00607159
0.0059179
0.0057672
0.00561947
0.00547468
0.00533281
0.00519383
0.00505771
0.00492443
0.00479396
0.00466626
0.0045413
0.00441905
0.00429948
0.00418256
0.00406823
0.00395648
0.00384727
0.00374055
0.0036363
0.00353447
0.00343503
0.00333793
0.00324315
0.00315064
0.00306037
0.00297229
0.00288637
0.00280257
0.00272085
0.00264117
0.0025635
0.00248779
0.00241402
0.00234213
0.00227211
0.00220389
0.00213746
0.00207278
0.0020098
0.00194849
0.00188882
0.00183076
0.00177426
0.00171929
0.00166583
0.00161383
0.00156326
0.00151409
0.0014663
0.00141984
0.00137468
0.00133081
0.00128817
0.00124676
0.00120653
0.00116745
0.00112951
0.00109267
0.0010569
0.00102219
0.000988491
0.00095579
0.000924061
0.000893278
0.000863416
0.000834452
0.000806363
0.000779126
0.000752717
0.000727116
0.000702301
0.00067825
0.000654944
0.000632362
0.000610484
0.000589291
0.000568765
0.000548886
0.000529637
0.000511
0.000492959
0.000475496
0.000458595
0.000442239
0.000426414
0.000411104
0.000396295
0.000381971
0.000368118
0.000354724
0.000341773
0.000329254
0.000317153
0.000305458
0.000294157
0.000283238
0.000272689
0.000262499
0.000252657
0.000243153
0.000233976
0.000225116
0.000216563
0.000208308
0.000200342
0.000192654
0.000185237
0.000178082
0.000171181
0.000164525
0.000158107
0.000151919
0.000145953
0.000140203
0.000134661
0.00012932
0.000124175
0.000119218
0.000114443
0.000109844
0.000105416
0.000101152
9.70468e-05
9.30955e-05
8.92927e-05
8.56332e-05
8.21122e-05
7.87249e-05
7.54667e-05
7.23331e-05
6.93198e-05
6.64226e-05
6.36374e-05
6.09603e-05
5.83874e-05
5.59151e-05
5.35398e-05
5.1258e-05
4.90663e-05
4.69615e-05
4.49405e-05
4.30002e-05
4.11377e-05
3.93501e-05
3.76346e-05
3.59887e-05
3.44097e-05
3.28951e-05
3.14426e-05
3.00499e-05
2.87146e-05
2.74346e-05
2.62079e-05
2.50323e-05
2.39061e-05
2.28272e-05
2.1794e-05
2.08045e-05
1.98573e-05
1.89506e-05
1.80829e-05
1.72528e-05
1.64588e-05
1.56995e-05
1.49736e-05
1.42799e-05
1.36173e-05
1.29845e-05
1.23805e-05
1.18043e-05
1.1255e-05
1.07317e-05
1.02336e-05
9.75991e-06
9.31007e-06
8.88347e-06
8.47964e-06
8.09817e-06
7.73878e-06
7.40131e-06
7.0857e-06
6.79203e-06
6.52054e-06
6.27161e-06
6.04582e-06
5.84391e-06
5.66681e-06
5.51568e-06
5.3918e-06
5.29663e-06
5.23169e-06
5.19858e-06
)
;
    }
}


// ************************************************************************* //
