/*--------------------------------*- C++ -*----------------------------------*\
  =========                 |
  \\      /  F ield         | OpenFOAM: The Open Source CFD Toolbox
   \\    /   O peration     | Website:  https://openfoam.org
    \\  /    A nd           | Version:  dev
     \\/     M anipulation  |
\*---------------------------------------------------------------------------*/
FoamFile
{
    format      ascii;
    class       volScalarField;
    location    "0.18";
    object      N1;
}
// * * * * * * * * * * * * * * * * * * * * * * * * * * * * * * * * * * * * * //

dimensions      [0 0 0 0 0 0 0];

internalField   nonuniform List<scalar> 
8000
(
0.000288751
0.000919277
0.00161118
0.00235993
0.0031642
0.00402477
0.00494211
0.0059166
0.00694867
0.0080388
0.00918736
0.0103946
0.0116607
0.0129854
0.0143684
0.0158093
0.017307
0.0188604
0.0204683
0.0221288
0.0238401
0.0256
0.0274059
0.0292553
0.0311453
0.0330726
0.035034
0.0370261
0.039045
0.0410871
0.0431483
0.0452247
0.047312
0.0494062
0.0515028
0.0535976
0.0556863
0.0577645
0.059828
0.0618725
0.0638937
0.0658875
0.06785
0.0697772
0.0716652
0.0735104
0.0753092
0.0770584
0.0787547
0.0803951
0.0819768
0.0834972
0.0849538
0.0863446
0.0876674
0.0889206
0.0901025
0.0912119
0.0922476
0.0932088
0.0940947
0.0949049
0.0956391
0.0962972
0.0968793
0.0973858
0.0978172
0.098174
0.0984572
0.0986676
0.0988065
0.098875
0.0988745
0.0988072
0.0986735
0.0984754
0.0982147
0.0978934
0.0975132
0.0970764
0.0965848
0.0960406
0.0954459
0.0948027
0.0941134
0.0933799
0.0926046
0.0917895
0.0909368
0.0900486
0.0891271
0.0881743
0.0871924
0.0861833
0.085149
0.0840916
0.0830129
0.0819148
0.0807992
0.0796677
0.0785222
0.0773643
0.0761956
0.0750177
0.0738321
0.0726403
0.0714436
0.0702435
0.0690412
0.0678379
0.0666348
0.0654331
0.0642338
0.063038
0.0618466
0.0606605
0.0594807
0.0583079
0.0571429
0.0559864
0.0548392
0.0537019
0.052575
0.0514592
0.0503549
0.0492626
0.0481828
0.0471158
0.0460621
0.045022
0.0439957
0.0429837
0.041986
0.0410029
0.0400347
0.0390814
0.0381433
0.0372203
0.0363127
0.0354205
0.0345438
0.0336825
0.0328367
0.0320063
0.0311915
0.0303921
0.029608
0.0288393
0.0280858
0.0273474
0.0266241
0.0259157
0.0252221
0.0245432
0.0238788
0.0232288
0.0225931
0.0219714
0.0213636
0.0207696
0.0201891
0.019622
0.019068
0.0185271
0.017999
0.0174834
0.0169803
0.0164894
0.0160105
0.0155434
0.0150878
0.0146437
0.0142107
0.0137888
0.0133775
0.0129769
0.0125866
0.0122065
0.0118363
0.0114759
0.0111251
0.0107836
0.0104512
0.0101278
0.0098132
0.00950716
0.0092095
0.00892005
0.00863861
0.008365
0.00809905
0.00784057
0.0075894
0.00734535
0.00710827
0.00687797
0.00665431
0.00643711
0.00622622
0.00602148
0.00582274
0.00562986
0.00544267
0.00526104
0.00508483
0.0049139
0.0047481
0.00458731
0.0044314
0.00428023
0.00413369
0.00399164
0.00385398
0.00372057
0.00359131
0.00346609
0.00334478
0.0032273
0.00311352
0.00300336
0.0028967
0.00279345
0.00269351
0.0025968
0.00250321
0.00241266
0.00232507
0.00224035
0.00215841
0.00207917
0.00200256
0.0019285
0.00185692
0.00178773
0.00172088
0.00165628
0.00159388
0.00153361
0.00147539
0.00141918
0.00136491
0.00131252
0.00126195
0.00121315
0.00116606
0.00112062
0.0010768
0.00103453
0.000993761
0.000954455
0.000916563
0.000880038
0.000844836
0.000810915
0.000778234
0.000746751
0.000716429
0.000687228
0.000659112
0.000632044
0.000605991
0.000580917
0.00055679
0.000533578
0.00051125
0.000489776
0.000469127
0.000449274
0.000430189
0.000411847
0.000394221
0.000377285
0.000361017
0.000345391
0.000330386
0.000315979
0.000302149
0.000288875
0.000276136
0.000263914
0.000252189
0.000240944
0.00023016
0.00021982
0.000209908
0.000200408
0.000191304
0.000182582
0.000174226
0.000166224
0.00015856
0.000151224
0.000144201
0.000137479
0.000131047
0.000124894
0.000119008
0.000113379
0.000107997
0.000102851
9.79333e-05
9.32333e-05
8.87426e-05
8.44527e-05
8.03554e-05
7.64428e-05
7.27073e-05
6.91416e-05
6.57385e-05
6.24913e-05
5.93934e-05
5.64385e-05
5.36207e-05
5.09339e-05
4.83727e-05
4.59316e-05
4.36055e-05
4.13894e-05
3.92784e-05
3.7268e-05
3.53538e-05
3.35316e-05
3.17971e-05
3.01467e-05
2.85764e-05
2.70827e-05
2.56621e-05
2.43113e-05
2.30272e-05
2.18067e-05
2.06469e-05
1.9545e-05
1.84983e-05
1.75042e-05
1.65603e-05
1.56642e-05
1.48137e-05
1.40067e-05
1.3241e-05
1.25147e-05
1.18258e-05
1.11727e-05
1.05536e-05
9.9668e-06
9.41075e-06
8.88395e-06
8.38497e-06
7.91244e-06
7.46503e-06
7.04152e-06
6.64069e-06
6.26143e-06
5.90263e-06
5.56327e-06
5.24237e-06
4.93897e-06
4.65219e-06
4.38118e-06
4.12512e-06
3.88324e-06
3.6548e-06
3.4391e-06
3.23547e-06
3.04329e-06
2.86195e-06
2.69088e-06
2.52952e-06
2.37738e-06
2.23394e-06
2.09876e-06
1.97138e-06
1.8514e-06
1.7384e-06
1.63203e-06
1.53192e-06
1.43773e-06
1.34916e-06
1.2659e-06
1.18768e-06
1.11423e-06
1.04532e-06
9.80703e-07
9.20183e-07
8.63564e-07
8.10671e-07
7.61347e-07
7.15451e-07
6.72864e-07
6.33486e-07
5.97238e-07
5.64062e-07
5.33926e-07
5.06822e-07
4.82768e-07
4.61812e-07
4.4403e-07
4.29524e-07
4.18425e-07
4.10879e-07
4.07039e-07
0.000282927
0.000906393
0.00159268
0.00233919
0.00314401
0.00400698
0.00492822
0.00590798
0.00694665
0.00804469
0.00920249
0.0104204
0.0116984
0.0130367
0.0144347
0.0158921
0.017408
0.0189813
0.0206107
0.0222945
0.0240307
0.0258173
0.0276518
0.0295315
0.0314535
0.0334147
0.0354117
0.0374411
0.0394991
0.0415819
0.0436855
0.0458058
0.0479386
0.0500797
0.0522247
0.0543691
0.0565086
0.0586388
0.0607553
0.0628536
0.0649296
0.0669789
0.0689974
0.070981
0.0729258
0.074828
0.0766839
0.0784901
0.0802433
0.0819403
0.0835781
0.0851541
0.0866657
0.0881105
0.0894866
0.0907919
0.0920249
0.0931841
0.0942682
0.0952764
0.0962078
0.0970619
0.0978382
0.0985367
0.0991575
0.0997007
0.100167
0.100556
0.10087
0.101109
0.101275
0.101368
0.10139
0.101343
0.101228
0.101045
0.100799
0.100489
0.100119
0.0996897
0.0992038
0.0986632
0.0980703
0.097427
0.0967355
0.0959982
0.0952172
0.0943948
0.093533
0.0926342
0.0917005
0.090734
0.0897369
0.0887113
0.0876592
0.0865826
0.0854836
0.0843641
0.0832259
0.0820709
0.0809009
0.0797176
0.0785226
0.0773177
0.0761044
0.0748842
0.0736585
0.0724288
0.0711964
0.0699626
0.0687285
0.0674955
0.0662646
0.0650369
0.0638134
0.0625951
0.0613828
0.0601774
0.0589798
0.0577908
0.0566109
0.055441
0.0542816
0.0531333
0.0519966
0.0508722
0.0497604
0.0486616
0.0475763
0.0465048
0.0454475
0.0444046
0.0433764
0.0423631
0.041365
0.0403821
0.0394148
0.038463
0.0375269
0.0366066
0.0357021
0.0348135
0.0339408
0.033084
0.032243
0.0314179
0.0306086
0.0298151
0.0290372
0.0282748
0.027528
0.0267965
0.0260802
0.025379
0.0246928
0.0240215
0.0233647
0.0227225
0.0220946
0.0214809
0.0208811
0.0202951
0.0197227
0.0191637
0.0186179
0.0180851
0.0175651
0.0170577
0.0165627
0.0160798
0.0156089
0.0151498
0.0147022
0.0142659
0.0138408
0.0134265
0.013023
0.0126299
0.0122472
0.0118745
0.0115117
0.0111585
0.0108148
0.0104803
0.0101549
0.00983841
0.00953055
0.00923116
0.00894005
0.00865704
0.00838194
0.00811457
0.00785474
0.00760228
0.00735702
0.00711877
0.00688738
0.00666268
0.00644449
0.00623267
0.00602705
0.00582748
0.00563381
0.00544588
0.00526355
0.00508668
0.00491512
0.00474874
0.00458741
0.00443098
0.00427933
0.00413234
0.00398988
0.00385182
0.00371805
0.00358846
0.00346292
0.00334133
0.00322358
0.00310956
0.00299917
0.0028923
0.00278887
0.00268877
0.0025919
0.00249818
0.00240751
0.00231982
0.002235
0.00215298
0.00207368
0.00199702
0.00192291
0.0018513
0.00178209
0.00171522
0.00165062
0.00158822
0.00152796
0.00146976
0.00141358
0.00135934
0.00130698
0.00125645
0.0012077
0.00116066
0.00111528
0.00107151
0.00102931
0.00098861
0.000949374
0.000911555
0.000875105
0.00083998
0.000806139
0.000773539
0.000742139
0.000711901
0.000682785
0.000654755
0.000627774
0.000601807
0.000576821
0.000552783
0.000529659
0.000507419
0.000486033
0.000465471
0.000445705
0.000426707
0.000408451
0.00039091
0.00037406
0.000357875
0.000342333
0.00032741
0.000313084
0.000299334
0.000286139
0.000273478
0.000261332
0.000249683
0.000238511
0.0002278
0.000217531
0.000207689
0.000198258
0.000189221
0.000180565
0.000172274
0.000164334
0.000156733
0.000149456
0.000142492
0.000135828
0.000129452
0.000123354
0.000117521
0.000111944
0.000106612
0.000101516
9.66453e-05
9.19917e-05
8.75462e-05
8.33002e-05
7.92455e-05
7.53742e-05
7.16789e-05
6.8152e-05
6.47866e-05
6.1576e-05
5.85135e-05
5.55929e-05
5.28082e-05
5.01536e-05
4.76235e-05
4.52124e-05
4.29153e-05
4.07272e-05
3.86433e-05
3.66591e-05
3.47701e-05
3.29722e-05
3.12612e-05
2.96334e-05
2.80849e-05
2.66122e-05
2.52119e-05
2.38806e-05
2.26153e-05
2.14128e-05
2.02704e-05
1.91851e-05
1.81544e-05
1.71758e-05
1.62467e-05
1.53648e-05
1.4528e-05
1.3734e-05
1.29809e-05
1.22666e-05
1.15894e-05
1.09474e-05
1.03388e-05
9.76221e-06
9.21591e-06
8.69843e-06
8.20837e-06
7.74437e-06
7.30514e-06
6.88943e-06
6.49607e-06
6.12394e-06
5.77196e-06
5.43911e-06
5.12442e-06
4.82696e-06
4.54585e-06
4.28024e-06
4.02933e-06
3.79237e-06
3.56861e-06
3.35738e-06
3.15802e-06
2.96989e-06
2.79241e-06
2.62502e-06
2.46717e-06
2.31836e-06
2.1781e-06
2.04595e-06
1.92145e-06
1.80421e-06
1.69383e-06
1.58995e-06
1.49222e-06
1.4003e-06
1.3139e-06
1.23272e-06
1.1565e-06
1.08496e-06
1.0179e-06
9.5507e-07
8.96287e-07
8.41366e-07
7.90141e-07
7.42468e-07
6.98221e-07
6.57296e-07
6.19608e-07
5.85098e-07
5.5373e-07
5.25497e-07
5.00416e-07
4.78537e-07
4.59939e-07
4.44735e-07
4.33064e-07
4.25095e-07
4.21016e-07
0.000277729
0.000890444
0.00156434
0.00229982
0.00309618
0.00395293
0.00486991
0.00584719
0.00688502
0.00798375
0.00914375
0.0103653
0.0116486
0.0129936
0.0144
0.0158673
0.0173947
0.0189812
0.0206254
0.0223257
0.0240803
0.025887
0.0277434
0.0296467
0.0315943
0.0335828
0.0356089
0.0376692
0.03976
0.0418773
0.0440171
0.0461754
0.0483479
0.0505302
0.0527179
0.0549065
0.0570917
0.0592689
0.0614335
0.0635812
0.0657075
0.0678081
0.0698787
0.0719151
0.0739133
0.0758694
0.0777795
0.0796401
0.0814478
0.0831992
0.0848914
0.0865214
0.0880866
0.0895845
0.0910129
0.0923699
0.0936536
0.0948625
0.0959953
0.0970509
0.0980285
0.0989272
0.0997469
0.100487
0.101148
0.10173
0.102232
0.102657
0.103004
0.103274
0.103468
0.103588
0.103635
0.103612
0.103518
0.103355
0.103126
0.102831
0.102474
0.102056
0.101579
0.101046
0.100459
0.0998189
0.0991292
0.0983918
0.097609
0.0967831
0.0959162
0.0950106
0.0940686
0.0930923
0.092084
0.0910457
0.0899796
0.0888879
0.0877724
0.0866352
0.0854783
0.0843036
0.0831128
0.0819078
0.0806904
0.0794621
0.0782246
0.0769796
0.0757284
0.0744726
0.0732135
0.0719526
0.0706909
0.0694299
0.0681706
0.0669142
0.0656617
0.0644141
0.0631725
0.0619375
0.0607103
0.0594914
0.0582817
0.0570819
0.0558926
0.0547145
0.0535482
0.0523941
0.0512527
0.0501246
0.0490101
0.0479095
0.0468234
0.0457519
0.0446953
0.0436539
0.0426279
0.0416176
0.0406229
0.0396442
0.0386815
0.0377349
0.0368045
0.0358903
0.0349924
0.0341107
0.0332453
0.032396
0.031563
0.0307461
0.0299452
0.0291603
0.0283912
0.0276379
0.0269003
0.0261781
0.0254713
0.0247797
0.0241032
0.0234415
0.0227945
0.0221621
0.0215441
0.0209402
0.0203503
0.0197741
0.0192116
0.0186624
0.0181263
0.0176032
0.0170929
0.0165951
0.0161095
0.0156361
0.0151746
0.0147247
0.0142863
0.0138591
0.0134429
0.0130375
0.0126427
0.0122583
0.011884
0.0115197
0.0111652
0.0108201
0.0104845
0.0101579
0.00984026
0.00953137
0.00923101
0.00893899
0.00865512
0.00837922
0.0081111
0.00785058
0.00759747
0.0073516
0.00711279
0.00688088
0.00665569
0.00643707
0.00622484
0.00601885
0.00581893
0.00562495
0.00543674
0.00525416
0.00507706
0.0049053
0.00473874
0.00457725
0.00442069
0.00426893
0.00412184
0.0039793
0.00384119
0.00370738
0.00357775
0.0034522
0.00333061
0.00321288
0.00309888
0.00298853
0.00288171
0.00277833
0.0026783
0.00258151
0.00248787
0.00239729
0.00230969
0.00222498
0.00214308
0.00206389
0.00198735
0.00191337
0.00184188
0.00177281
0.00170608
0.00164162
0.00157936
0.00151924
0.0014612
0.00140516
0.00135107
0.00129887
0.00124849
0.00119989
0.00115301
0.00110778
0.00106417
0.00102212
0.000981576
0.000942495
0.000904828
0.000868531
0.000833559
0.000799868
0.000767417
0.000736166
0.000706074
0.000677104
0.000649217
0.000622379
0.000596553
0.000571705
0.000547803
0.000524814
0.000502706
0.000481451
0.000461017
0.000441378
0.000422504
0.00040437
0.000386948
0.000370215
0.000354146
0.000338716
0.000323904
0.000309686
0.000296042
0.00028295
0.00027039
0.000258343
0.00024679
0.000235713
0.000225094
0.000214915
0.000205161
0.000195814
0.000186861
0.000178285
0.000170073
0.000162211
0.000154684
0.00014748
0.000140586
0.00013399
0.000127681
0.000121647
0.000115877
0.000110361
0.000105088
0.000100049
9.5234e-05
9.06342e-05
8.62407e-05
8.20451e-05
7.80392e-05
7.42151e-05
7.05653e-05
6.70826e-05
6.37599e-05
6.05904e-05
5.75677e-05
5.46856e-05
5.1938e-05
4.93192e-05
4.68236e-05
4.44458e-05
4.21808e-05
4.00237e-05
3.79696e-05
3.60141e-05
3.41528e-05
3.23815e-05
3.06961e-05
2.90929e-05
2.75681e-05
2.61182e-05
2.47398e-05
2.34296e-05
2.21845e-05
2.10014e-05
1.98776e-05
1.88102e-05
1.77967e-05
1.68345e-05
1.59212e-05
1.50545e-05
1.42322e-05
1.34521e-05
1.27123e-05
1.20108e-05
1.13457e-05
1.07154e-05
1.0118e-05
9.55208e-06
9.01599e-06
8.50829e-06
8.02757e-06
7.57249e-06
7.14177e-06
6.7342e-06
6.34861e-06
5.9839e-06
5.63899e-06
5.31289e-06
5.00464e-06
4.71332e-06
4.43805e-06
4.17802e-06
3.93242e-06
3.70051e-06
3.48157e-06
3.27493e-06
3.07993e-06
2.89596e-06
2.72243e-06
2.5588e-06
2.40453e-06
2.25913e-06
2.12211e-06
1.99303e-06
1.87147e-06
1.75702e-06
1.6493e-06
1.54795e-06
1.45263e-06
1.36303e-06
1.27883e-06
1.19975e-06
1.12555e-06
1.05596e-06
9.9077e-07
9.29762e-07
8.7275e-07
8.19561e-07
7.70044e-07
7.24068e-07
6.81522e-07
6.42318e-07
6.06392e-07
5.73705e-07
5.44249e-07
5.1804e-07
4.95133e-07
4.75612e-07
4.59599e-07
4.47254e-07
4.38774e-07
4.34401e-07
0.000272611
0.000873861
0.00153417
0.00225547
0.00303847
0.0038833
0.00479001
0.00575874
0.00678973
0.0078833
0.00903981
0.0102595
0.0115425
0.0128889
0.0142982
0.0157701
0.0173037
0.018898
0.0205517
0.0222632
0.0240307
0.025852
0.0277247
0.0296461
0.0316135
0.0336236
0.0356732
0.0377588
0.0398765
0.0420226
0.044193
0.0463835
0.0485899
0.0508078
0.0530327
0.0552601
0.0574855
0.0597042
0.0619118
0.0641037
0.0662753
0.0684223
0.0705402
0.0726248
0.0746719
0.0766775
0.0786377
0.0805488
0.0824072
0.0842095
0.0859526
0.0876334
0.0892492
0.0907974
0.0922757
0.0936819
0.0950143
0.096271
0.0974507
0.0985523
0.0995746
0.100517
0.101379
0.10216
0.102861
0.103481
0.10402
0.104479
0.10486
0.105161
0.105386
0.105534
0.105607
0.105607
0.105537
0.105395
0.105184
0.104907
0.104565
0.10416
0.103695
0.103171
0.102592
0.101958
0.101273
0.100538
0.0997562
0.0989296
0.0980605
0.0971512
0.096204
0.0952211
0.0942047
0.0931571
0.0920804
0.0909767
0.0898481
0.0886968
0.0875245
0.0863335
0.0851254
0.0839022
0.0826657
0.0814175
0.0801594
0.0788929
0.0776197
0.0763413
0.075059
0.0737743
0.0724884
0.0712027
0.0699184
0.0686366
0.0673585
0.0660849
0.0648171
0.0635558
0.062302
0.0610565
0.05982
0.0585934
0.0573773
0.0561724
0.0549792
0.0537983
0.0526303
0.0514756
0.0503346
0.0492077
0.0480954
0.0469979
0.0459156
0.0448486
0.0437973
0.0427618
0.0417423
0.040739
0.039752
0.0387814
0.0378272
0.0368896
0.0359685
0.035064
0.0341761
0.0333048
0.0324499
0.0316115
0.0307895
0.0299839
0.0291944
0.028421
0.0276636
0.0269221
0.0261963
0.0254861
0.0247912
0.0241116
0.0234471
0.0227974
0.0221625
0.021542
0.0209359
0.0203439
0.0197658
0.0192014
0.0186505
0.0181129
0.0175883
0.0170766
0.0165775
0.0160909
0.0156164
0.0151539
0.0147031
0.0142639
0.0138359
0.0134191
0.0130131
0.0126178
0.0122329
0.0118582
0.0114935
0.0111387
0.0107934
0.0104575
0.0101308
0.009813
0.00950401
0.00920359
0.00891155
0.0086277
0.00835184
0.00808378
0.00782335
0.00757036
0.00732463
0.00708599
0.00685426
0.00662927
0.00641086
0.00619887
0.00599312
0.00579347
0.00559976
0.00541184
0.00522955
0.00505276
0.00488131
0.00471508
0.00455391
0.00439768
0.00424626
0.00409952
0.00395733
0.00381956
0.00368611
0.00355684
0.00343165
0.00331042
0.00319305
0.00307942
0.00296942
0.00286297
0.00275996
0.00266028
0.00256385
0.00247057
0.00238035
0.00229311
0.00220875
0.00212719
0.00204835
0.00197216
0.00189852
0.00182737
0.00175863
0.00169223
0.0016281
0.00156616
0.00150636
0.00144863
0.00139291
0.00133912
0.00128722
0.00123714
0.00118884
0.00114224
0.0010973
0.00105397
0.00101219
0.000971914
0.000933098
0.000895691
0.000859649
0.000824926
0.000791481
0.000759271
0.000728255
0.000698394
0.00066965
0.000641985
0.000615362
0.000589748
0.000565108
0.000541408
0.000518617
0.000496703
0.000475636
0.000455386
0.000435926
0.000417228
0.000399265
0.00038201
0.000365439
0.000349528
0.000334253
0.00031959
0.000305519
0.000292016
0.000279063
0.000266638
0.000254721
0.000243295
0.000232341
0.000221842
0.000211779
0.000202138
0.000192901
0.000184054
0.000175582
0.00016747
0.000159704
0.000152271
0.000145157
0.000138352
0.000131841
0.000125615
0.00011966
0.000113967
0.000108526
0.000103325
9.83556e-05
9.3608e-05
8.90732e-05
8.47425e-05
8.06074e-05
7.666e-05
7.28923e-05
6.9297e-05
6.58667e-05
6.25945e-05
5.94738e-05
5.64981e-05
5.36612e-05
5.09571e-05
4.83802e-05
4.59249e-05
4.3586e-05
4.13583e-05
3.92371e-05
3.72175e-05
3.52952e-05
3.34657e-05
3.1725e-05
3.00691e-05
2.84941e-05
2.69964e-05
2.55725e-05
2.4219e-05
2.29327e-05
2.17105e-05
2.05494e-05
1.94466e-05
1.83994e-05
1.74052e-05
1.64615e-05
1.55659e-05
1.47162e-05
1.391e-05
1.31455e-05
1.24205e-05
1.17332e-05
1.10817e-05
1.04643e-05
9.8793e-06
9.32517e-06
8.80036e-06
8.30343e-06
7.83298e-06
7.38771e-06
6.96635e-06
6.5677e-06
6.19061e-06
5.834e-06
5.49681e-06
5.17807e-06
4.87682e-06
4.59217e-06
4.32326e-06
4.06927e-06
3.82942e-06
3.60298e-06
3.38925e-06
3.18756e-06
2.99726e-06
2.81776e-06
2.64849e-06
2.4889e-06
2.33847e-06
2.19671e-06
2.06317e-06
1.93739e-06
1.81896e-06
1.70749e-06
1.60261e-06
1.50396e-06
1.41121e-06
1.32405e-06
1.24219e-06
1.16536e-06
1.09331e-06
1.02579e-06
9.6259e-07
9.03517e-07
8.48388e-07
7.97047e-07
7.49354e-07
7.05194e-07
6.64474e-07
6.27125e-07
5.93107e-07
5.62406e-07
5.35043e-07
5.11073e-07
4.90588e-07
4.73726e-07
4.60666e-07
4.51642e-07
4.46953e-07
0.0002678
0.000858192
0.0015057
0.00221269
0.00298085
0.00381118
0.00470429
0.0056607
0.00668086
0.00776521
0.00891414
0.0101279
0.0114067
0.0127503
0.0141586
0.015631
0.0171668
0.0187648
0.0204239
0.0221423
0.0239183
0.0257497
0.0276342
0.0295691
0.0315515
0.0335785
0.0356465
0.0377522
0.0398917
0.0420613
0.0442569
0.0464742
0.0487091
0.050957
0.0532135
0.055474
0.0577339
0.0599886
0.0622335
0.0644639
0.0666752
0.068863
0.0710227
0.07315
0.0752407
0.0772906
0.0792956
0.081252
0.0831562
0.0850045
0.0867937
0.0885208
0.0901827
0.0917769
0.0933009
0.0947524
0.0961296
0.0974305
0.0986538
0.099798
0.100862
0.101846
0.102747
0.103567
0.104305
0.104961
0.105535
0.106028
0.10644
0.106773
0.107026
0.107201
0.1073
0.107324
0.107277
0.107156
0.106964
0.106704
0.106378
0.105987
0.105534
0.105022
0.104451
0.103825
0.103146
0.102415
0.101637
0.100811
0.0999423
0.0990316
0.0980815
0.0970944
0.0960726
0.0950182
0.0939336
0.0928209
0.0916822
0.0905195
0.0893351
0.0881308
0.0869086
0.0856704
0.084418
0.0831533
0.0818778
0.0805934
0.0793015
0.0780038
0.0767018
0.0753967
0.0740901
0.0727832
0.0714773
0.0701736
0.0688732
0.0675772
0.0662866
0.0650023
0.0637254
0.0624566
0.0611967
0.0599467
0.058707
0.0574786
0.0562618
0.0550574
0.0538659
0.0526877
0.0515233
0.0503732
0.0492378
0.0481173
0.0470121
0.0459224
0.0448486
0.0437909
0.0427493
0.0417241
0.0407155
0.0397235
0.0387482
0.0377897
0.0368481
0.0359233
0.0350153
0.0341242
0.0332499
0.0323923
0.0315515
0.0307272
0.0299195
0.0291281
0.0283531
0.0275942
0.0268514
0.0261244
0.0254131
0.0247174
0.0240371
0.023372
0.0227219
0.0220866
0.0214659
0.0208596
0.0202676
0.0196895
0.0191252
0.0185745
0.0180372
0.017513
0.0170017
0.0165031
0.0160169
0.015543
0.0150811
0.014631
0.0141925
0.0137653
0.0133492
0.0129441
0.0125496
0.0121655
0.0117918
0.011428
0.011074
0.0107297
0.0103947
0.010069
0.00975217
0.00944416
0.00914473
0.00885368
0.00857081
0.00829594
0.00802888
0.00776944
0.00751744
0.00727271
0.00703505
0.0068043
0.00658029
0.00636285
0.00615182
0.00594703
0.00574833
0.00555556
0.00536857
0.0051872
0.00501132
0.00484078
0.00467544
0.00451515
0.0043598
0.00420924
0.00406334
0.00392199
0.00378505
0.00365241
0.00352394
0.00339954
0.00327909
0.00316248
0.0030496
0.00294035
0.00283462
0.00273232
0.00263334
0.0025376
0.002445
0.00235545
0.00226886
0.00218514
0.00210421
0.00202599
0.00195039
0.00187735
0.00180678
0.00173861
0.00167276
0.00160917
0.00154778
0.0014885
0.00143128
0.00137605
0.00132275
0.00127133
0.00122172
0.00117387
0.00112772
0.00108321
0.0010403
0.000998941
0.000959073
0.000920651
0.00088363
0.000847964
0.000813608
0.00078052
0.000748658
0.000717982
0.000688452
0.000660029
0.000632678
0.000606361
0.000581044
0.000556692
0.000533274
0.000510756
0.000489108
0.000468299
0.000448301
0.000429085
0.000410624
0.00039289
0.000375859
0.000359506
0.000343805
0.000328734
0.000314269
0.00030039
0.000287074
0.0002743
0.00026205
0.000250303
0.000239041
0.000228246
0.000217901
0.000207987
0.00019849
0.000189392
0.00018068
0.000172338
0.000164351
0.000156707
0.000149392
0.000142392
0.000135696
0.000129291
0.000123167
0.000117311
0.000111714
0.000106364
0.000101251
9.63672e-05
9.17018e-05
8.72462e-05
8.29918e-05
7.89302e-05
7.50535e-05
7.1354e-05
6.78242e-05
6.4457e-05
6.12455e-05
5.81831e-05
5.52635e-05
5.24805e-05
4.98282e-05
4.73011e-05
4.48936e-05
4.26006e-05
4.0417e-05
3.83381e-05
3.63591e-05
3.44757e-05
3.26836e-05
3.09787e-05
2.93571e-05
2.7815e-05
2.63488e-05
2.49551e-05
2.36306e-05
2.2372e-05
2.11763e-05
2.00406e-05
1.89621e-05
1.79381e-05
1.69661e-05
1.60436e-05
1.51683e-05
1.4338e-05
1.35504e-05
1.28035e-05
1.20954e-05
1.14242e-05
1.07881e-05
1.01854e-05
9.61447e-06
9.07371e-06
8.56165e-06
8.07688e-06
7.61802e-06
7.18378e-06
6.77293e-06
6.3843e-06
6.01675e-06
5.66921e-06
5.34067e-06
5.03015e-06
4.73672e-06
4.45951e-06
4.19767e-06
3.9504e-06
3.71694e-06
3.49658e-06
3.28862e-06
3.0924e-06
2.90731e-06
2.73276e-06
2.56818e-06
2.41304e-06
2.26684e-06
2.1291e-06
1.99937e-06
1.87721e-06
1.76222e-06
1.65402e-06
1.55224e-06
1.45655e-06
1.36661e-06
1.28213e-06
1.20284e-06
1.12845e-06
1.05874e-06
9.93482e-07
9.32463e-07
8.75501e-07
8.22432e-07
7.73111e-07
7.27417e-07
6.85252e-07
6.46543e-07
6.11246e-07
5.79346e-07
5.50865e-07
5.2586e-07
5.04433e-07
4.86734e-07
4.72968e-07
4.63405e-07
4.58403e-07
0.000263556
0.000844322
0.00148051
0.00217446
0.00292844
0.00374412
0.00462281
0.00556552
0.00657309
0.00764617
0.0087853
0.00999081
0.0112629
0.0126014
0.0140061
0.0154764
0.0170115
0.0186104
0.0202718
0.021994
0.0237752
0.0256133
0.0275059
0.0294504
0.031444
0.0334835
0.0355657
0.037687
0.0398438
0.042032
0.0442478
0.0464869
0.0487449
0.0510174
0.0533
0.055588
0.0578767
0.0601615
0.0624377
0.0647007
0.0669457
0.0691682
0.0713636
0.0735275
0.0756555
0.0777434
0.0797872
0.0817829
0.0837267
0.085615
0.0874445
0.0892119
0.0909143
0.0925488
0.094113
0.0956045
0.0970212
0.0983613
0.0996232
0.100805
0.101907
0.102927
0.103864
0.104719
0.10549
0.106179
0.106785
0.107308
0.107749
0.108109
0.108389
0.10859
0.108712
0.108758
0.108731
0.108631
0.108458
0.108214
0.107903
0.107526
0.107086
0.106584
0.106022
0.105404
0.104732
0.104007
0.103232
0.102409
0.101541
0.100631
0.0996794
0.09869
0.0976646
0.0966057
0.0955154
0.0943959
0.0932495
0.0920783
0.0908843
0.0896696
0.0884361
0.0871859
0.0859207
0.0846425
0.0833529
0.0820537
0.0807465
0.0794329
0.0781144
0.0767925
0.0754686
0.0741441
0.0728201
0.071498
0.0701789
0.068864
0.0675542
0.0662505
0.064954
0.0636656
0.0623859
0.0611159
0.0598563
0.0586078
0.057371
0.0561466
0.054935
0.0537368
0.0525525
0.0513826
0.0502273
0.0490871
0.0479624
0.0468533
0.0457603
0.0446834
0.0436229
0.0425789
0.0415517
0.0405413
0.0395479
0.0385714
0.0376121
0.0366698
0.0357445
0.0348364
0.0339453
0.0330712
0.032214
0.0313737
0.0305502
0.0297434
0.0289531
0.0281792
0.0274216
0.0266802
0.0259548
0.0252451
0.0245511
0.0238726
0.0232093
0.0225611
0.0219278
0.0213092
0.0207051
0.0201152
0.0195393
0.0189773
0.0184288
0.0178938
0.0173718
0.0168629
0.0163666
0.0158828
0.0154112
0.0149517
0.0145039
0.0140678
0.0136429
0.0132292
0.0128263
0.0124342
0.0120524
0.0116809
0.0113194
0.0109677
0.0106256
0.0102929
0.00996927
0.00965464
0.00934876
0.00905144
0.00876247
0.00848166
0.00820882
0.00794376
0.00768629
0.00743623
0.0071934
0.00695763
0.00672873
0.00650654
0.00629089
0.00608162
0.00587856
0.00568156
0.00549046
0.0053051
0.00512534
0.00495104
0.00478204
0.00461822
0.00445942
0.00430553
0.00415639
0.0040119
0.00387191
0.00373632
0.00360499
0.00347781
0.00335467
0.00323544
0.00312004
0.00300834
0.00290024
0.00279564
0.00269444
0.00259654
0.00250185
0.00241028
0.00232173
0.00223611
0.00215335
0.00207335
0.00199604
0.00192134
0.00184916
0.00177944
0.00171209
0.00164705
0.00158425
0.00152361
0.00146508
0.00140859
0.00135407
0.00130146
0.00125071
0.00120175
0.00115454
0.00110901
0.0010651
0.00102278
0.00098199
0.000942676
0.000904794
0.000868298
0.000833141
0.000799281
0.000766675
0.000735281
0.000705059
0.00067597
0.000647977
0.000621041
0.000595128
0.000570203
0.000546231
0.000523182
0.000501021
0.00047972
0.000459248
0.000439575
0.000420675
0.000402519
0.000385082
0.000368338
0.000352262
0.00033683
0.000322019
0.000307807
0.000294171
0.00028109
0.000268545
0.000256515
0.000244981
0.000233925
0.000223328
0.000213174
0.000203446
0.000194128
0.000185203
0.000176658
0.000168476
0.000160645
0.000153151
0.000145979
0.000139119
0.000132557
0.000126282
0.000120282
0.000114546
0.000109064
0.000103825
9.88201e-05
9.4039e-05
8.94727e-05
8.51124e-05
8.09497e-05
7.69763e-05
7.31843e-05
6.95662e-05
6.61147e-05
6.28227e-05
5.96834e-05
5.66903e-05
5.38372e-05
5.11181e-05
4.85271e-05
4.60588e-05
4.37077e-05
4.14687e-05
3.9337e-05
3.73077e-05
3.53763e-05
3.35385e-05
3.17901e-05
3.0127e-05
2.85454e-05
2.70417e-05
2.56122e-05
2.42535e-05
2.29625e-05
2.1736e-05
2.0571e-05
1.94646e-05
1.84141e-05
1.74169e-05
1.64705e-05
1.55725e-05
1.47205e-05
1.39123e-05
1.3146e-05
1.24194e-05
1.17306e-05
1.10778e-05
1.04593e-05
9.87334e-06
9.31835e-06
8.79279e-06
8.29521e-06
7.82422e-06
7.37849e-06
6.95675e-06
6.5578e-06
6.18047e-06
5.82368e-06
5.48638e-06
5.16757e-06
4.8663e-06
4.58166e-06
4.3128e-06
4.05889e-06
3.81916e-06
3.59286e-06
3.37929e-06
3.17777e-06
2.98768e-06
2.80839e-06
2.63935e-06
2.48e-06
2.32982e-06
2.18832e-06
2.05504e-06
1.92954e-06
1.8114e-06
1.70022e-06
1.59564e-06
1.49729e-06
1.40486e-06
1.31803e-06
1.23652e-06
1.16005e-06
1.08837e-06
1.02125e-06
9.58476e-07
8.99861e-07
8.45233e-07
7.94442e-07
7.4736e-07
7.03884e-07
6.6394e-07
6.27478e-07
5.94484e-07
5.64978e-07
5.39023e-07
5.16726e-07
4.98253e-07
4.83831e-07
4.73766e-07
4.68472e-07
0.000260011
0.000832728
0.00145947
0.00214244
0.0028841
0.00368667
0.004552
0.00548164
0.00647682
0.00753852
0.00866745
0.00986406
0.0111286
0.0124609
0.0138608
0.0153276
0.0168605
0.0184586
0.0201203
0.0218441
0.0236282
0.0254705
0.0273685
0.0293196
0.0313211
0.0333698
0.0354624
0.0375955
0.0397653
0.0419679
0.0441992
0.0464552
0.0487314
0.0510234
0.0533266
0.0556364
0.0579482
0.0602571
0.0625586
0.0648478
0.0671201
0.0693708
0.0715952
0.073789
0.0759476
0.0780667
0.0801423
0.0821703
0.0841469
0.0860683
0.0879311
0.0897321
0.0914681
0.0931362
0.094734
0.0962589
0.0977087
0.0990817
0.100376
0.10159
0.102723
0.103774
0.104741
0.105625
0.106426
0.107142
0.107775
0.108324
0.10879
0.109174
0.109476
0.109699
0.109842
0.109908
0.109898
0.109816
0.109658
0.10943
0.109132
0.108767
0.108338
0.107846
0.107293
0.106683
0.106017
0.105297
0.104526
0.103706
0.102841
0.101931
0.100979
0.0999889
0.0989615
0.0978996
0.0968054
0.0956812
0.0945291
0.0933514
0.0921502
0.0909276
0.0896855
0.088426
0.0871509
0.0858621
0.0845615
0.0832506
0.0819313
0.0806051
0.0792736
0.0779382
0.0766005
0.0752618
0.0739234
0.0725865
0.0712524
0.0699221
0.0685969
0.0672776
0.0659653
0.0646609
0.0633652
0.062079
0.0608032
0.0595384
0.0582853
0.0570445
0.0558167
0.0546022
0.0534016
0.0522154
0.051044
0.0498878
0.0487471
0.0476221
0.0465133
0.0454207
0.0443447
0.0432854
0.042243
0.0412175
0.0402091
0.039218
0.038244
0.0372873
0.0363479
0.0354257
0.0345208
0.0336331
0.0327626
0.0319091
0.0310726
0.030253
0.0294501
0.0286639
0.0278942
0.0271408
0.0264037
0.0256825
0.0249773
0.0242877
0.0236136
0.0229547
0.022311
0.0216822
0.021068
0.0204683
0.0198829
0.0193115
0.0187539
0.0182098
0.0176792
0.0171616
0.016657
0.016165
0.0156854
0.0152181
0.0147627
0.014319
0.0138869
0.0134661
0.0130564
0.0126574
0.0122691
0.0118912
0.0115235
0.0111657
0.0108176
0.0104791
0.0101499
0.00982974
0.00951852
0.00921599
0.00892196
0.00863622
0.00835859
0.00808886
0.00782685
0.00757238
0.00732526
0.00708531
0.00685236
0.00662622
0.00640674
0.00619374
0.00598707
0.00578655
0.00559203
0.00540336
0.00522038
0.00504295
0.00487092
0.00470414
0.00454249
0.00438582
0.00423399
0.00408689
0.00394437
0.00380632
0.0036726
0.00354312
0.00341773
0.00329634
0.00317883
0.00306509
0.00295502
0.0028485
0.00274545
0.00264576
0.00254933
0.00245607
0.00236589
0.0022787
0.00219441
0.00211293
0.00203419
0.00195811
0.00188459
0.00181357
0.00174497
0.00167872
0.00161475
0.00155298
0.00149336
0.00143581
0.00138027
0.00132667
0.00127497
0.00122509
0.00117699
0.0011306
0.00108587
0.00104274
0.00100118
0.00096112
0.000922519
0.00088533
0.000849504
0.000814999
0.000781771
0.000749778
0.000718978
0.000689332
0.000660801
0.000633349
0.000606937
0.000581532
0.000557099
0.000533604
0.000511015
0.000489301
0.000468432
0.000448378
0.00042911
0.000410601
0.000392824
0.000375753
0.000359363
0.000343629
0.000328528
0.000314036
0.000300132
0.000286794
0.000274001
0.000261734
0.000249972
0.000238697
0.000227891
0.000217535
0.000207614
0.00019811
0.000189007
0.000180291
0.000171946
0.000163958
0.000156313
0.000148998
0.000142
0.000135306
0.000128904
0.000122783
0.000116931
0.000111338
0.000105993
0.000100886
9.60077e-05
9.13484e-05
8.68992e-05
8.26514e-05
7.85967e-05
7.4727e-05
7.10347e-05
6.75122e-05
6.41524e-05
6.09484e-05
5.78936e-05
5.49815e-05
5.22061e-05
4.95614e-05
4.70418e-05
4.46418e-05
4.23563e-05
4.018e-05
3.81084e-05
3.61366e-05
3.42603e-05
3.24752e-05
3.07772e-05
2.91624e-05
2.76269e-05
2.61673e-05
2.47799e-05
2.34616e-05
2.2209e-05
2.10193e-05
1.98894e-05
1.88166e-05
1.77981e-05
1.68315e-05
1.59142e-05
1.5044e-05
1.42185e-05
1.34357e-05
1.26935e-05
1.19899e-05
1.1323e-05
1.06911e-05
1.00925e-05
9.52544e-06
8.98848e-06
8.48008e-06
7.99884e-06
7.54339e-06
7.11245e-06
6.70477e-06
6.31919e-06
5.95457e-06
5.60986e-06
5.28404e-06
4.97613e-06
4.68521e-06
4.41041e-06
4.15089e-06
3.90584e-06
3.67452e-06
3.4562e-06
3.2502e-06
3.05586e-06
2.87257e-06
2.69974e-06
2.53682e-06
2.38327e-06
2.23859e-06
2.10231e-06
1.97397e-06
1.85315e-06
1.73945e-06
1.63249e-06
1.5319e-06
1.43735e-06
1.34853e-06
1.26513e-06
1.18688e-06
1.11353e-06
1.04483e-06
9.8057e-07
9.20549e-07
8.64593e-07
8.12548e-07
7.64281e-07
7.19687e-07
6.78685e-07
6.41226e-07
6.07292e-07
5.76905e-07
5.5013e-07
5.27083e-07
5.07939e-07
4.92948e-07
4.82446e-07
4.76897e-07
0.00025726
0.000823741
0.00144319
0.00211763
0.00284961
0.00364164
0.004496
0.00541467
0.00639927
0.00745104
0.00857091
0.00975946
0.011017
0.0123434
0.0137385
0.0152016
0.0167319
0.0183283
0.0199894
0.0217136
0.0234991
0.0253437
0.027245
0.0292005
0.0312073
0.0332623
0.0353623
0.0375037
0.0396828
0.0418957
0.0441385
0.0464068
0.0486964
0.0510027
0.0533213
0.0556474
0.0579764
0.0603035
0.062624
0.064933
0.0672259
0.069498
0.0717445
0.073961
0.0761429
0.078286
0.0803859
0.0824387
0.0844404
0.0863873
0.0882758
0.0901026
0.0918645
0.0935587
0.0951824
0.0967332
0.0982088
0.0996072
0.100927
0.102166
0.103323
0.104398
0.105389
0.106296
0.107119
0.107857
0.108511
0.10908
0.109566
0.109969
0.11029
0.110529
0.110689
0.11077
0.110774
0.110707
0.110562
0.110345
0.110059
0.109704
0.109284
0.1088
0.108255
0.10765
0.10699
0.106274
0.105507
0.104691
0.103827
0.102918
0.101967
0.100976
0.0999478
0.098884
0.0977872
0.0966598
0.0955038
0.0943216
0.0931153
0.091887
0.0906387
0.0893724
0.08809
0.0867935
0.0854846
0.0841652
0.0828369
0.0815013
0.08016
0.0788147
0.0774666
0.0761172
0.0747679
0.07342
0.0720745
0.0707328
0.0693959
0.0680648
0.0667405
0.065424
0.0641161
0.0628177
0.0615296
0.0602525
0.058987
0.0577338
0.0564935
0.0552666
0.0540537
0.0528552
0.0516715
0.050503
0.04935
0.048213
0.0470921
0.0459876
0.0448997
0.0438287
0.0427746
0.0417376
0.0407178
0.0397154
0.0387303
0.0377626
0.0368123
0.0358794
0.034964
0.0340658
0.033185
0.0323214
0.0314749
0.0306455
0.029833
0.0290373
0.0282583
0.0274958
0.0267496
0.0260197
0.0253058
0.0246077
0.0239252
0.0232582
0.0226065
0.0219698
0.021348
0.0207408
0.020148
0.0195693
0.0190047
0.0184537
0.0179163
0.0173922
0.0168811
0.0163828
0.0158971
0.0154237
0.0149624
0.0145131
0.0140754
0.0136491
0.013234
0.0128299
0.0124365
0.0120537
0.0116811
0.0113186
0.010966
0.010623
0.0102894
0.00996506
0.00964972
0.00934318
0.00904525
0.00875571
0.00847438
0.00820105
0.00793554
0.00767766
0.00742723
0.00718406
0.00694798
0.0067188
0.00649636
0.00628049
0.00607102
0.00586778
0.00567063
0.00547939
0.00529393
0.00511409
0.00493971
0.00477066
0.0046068
0.00444798
0.00429408
0.00414495
0.00400048
0.00386053
0.00372498
0.0035937
0.00346659
0.00334352
0.00322438
0.00310907
0.00299746
0.00288947
0.00278498
0.0026839
0.00258613
0.00249157
0.00240013
0.00231172
0.00222624
0.00214363
0.00206378
0.00198662
0.00191207
0.00184005
0.00177048
0.00170329
0.00163841
0.00157577
0.0015153
0.00145693
0.0014006
0.00134624
0.0012938
0.00124321
0.00119441
0.00114736
0.00110199
0.00105824
0.00101608
0.000975445
0.000936288
0.00089856
0.000862217
0.000827212
0.000793501
0.000761043
0.000729795
0.000699717
0.00067077
0.000642916
0.000616118
0.00059034
0.000565548
0.000541708
0.000518787
0.000496753
0.000475576
0.000455225
0.000435672
0.000416889
0.000398848
0.000381523
0.000364889
0.00034892
0.000333594
0.000318885
0.000304773
0.000291235
0.00027825
0.000265798
0.000253859
0.000242414
0.000231444
0.000220932
0.00021086
0.000201212
0.000191971
0.000183122
0.00017465
0.00016654
0.000158778
0.000151351
0.000144246
0.000137449
0.000130948
0.000124733
0.000118791
0.000113111
0.000107684
0.000102498
9.75435e-05
9.28117e-05
8.82932e-05
8.39792e-05
7.98612e-05
7.5931e-05
7.21808e-05
6.8603e-05
6.51905e-05
6.1936e-05
5.8833e-05
5.5875e-05
5.30557e-05
5.03692e-05
4.78096e-05
4.53715e-05
4.30496e-05
4.08387e-05
3.8734e-05
3.67307e-05
3.48244e-05
3.30107e-05
3.12854e-05
2.96446e-05
2.80844e-05
2.66012e-05
2.51914e-05
2.38518e-05
2.2579e-05
2.13699e-05
2.02216e-05
1.91313e-05
1.80963e-05
1.71139e-05
1.61816e-05
1.52971e-05
1.44581e-05
1.36624e-05
1.2908e-05
1.21928e-05
1.15149e-05
1.08726e-05
1.0264e-05
9.68759e-06
9.14171e-06
8.62486e-06
8.1356e-06
7.67256e-06
7.23441e-06
6.81991e-06
6.42786e-06
6.05713e-06
5.70662e-06
5.37531e-06
5.06221e-06
4.76638e-06
4.48692e-06
4.223e-06
3.9738e-06
3.73854e-06
3.5165e-06
3.30699e-06
3.10933e-06
2.9229e-06
2.74711e-06
2.58139e-06
2.4252e-06
2.27803e-06
2.13939e-06
2.00883e-06
1.88592e-06
1.77024e-06
1.66141e-06
1.55906e-06
1.46285e-06
1.37247e-06
1.28759e-06
1.20795e-06
1.13328e-06
1.06334e-06
9.97912e-07
9.36786e-07
8.79787e-07
8.26755e-07
7.77556e-07
7.3208e-07
6.90244e-07
6.51997e-07
6.17321e-07
5.86237e-07
5.58812e-07
5.35168e-07
5.15491e-07
5.00046e-07
4.89196e-07
4.83444e-07
0.00025538
0.000817608
0.00143211
0.00210074
0.00282607
0.00361077
0.00445741
0.00536825
0.00634518
0.00738968
0.00850284
0.00968534
0.0109375
0.0122594
0.0136507
0.0151108
0.0166388
0.0182336
0.0198939
0.0216179
0.0234039
0.0252497
0.027153
0.029111
0.031121
0.03318
0.0352846
0.0374313
0.0396164
0.041836
0.0440862
0.0463626
0.048661
0.0509768
0.0533055
0.0556425
0.057983
0.0603222
0.0626553
0.0649776
0.0672844
0.0695708
0.0718322
0.0740639
0.0762616
0.0784208
0.0805372
0.0826068
0.0846255
0.0865896
0.0884956
0.0903399
0.0921195
0.0938314
0.0954728
0.0970412
0.0985344
0.0999503
0.101287
0.102543
0.103718
0.104809
0.105816
0.106739
0.107577
0.10833
0.108999
0.109582
0.110082
0.110498
0.110831
0.111082
0.111253
0.111345
0.11136
0.111302
0.111166
0.110958
0.110679
0.110331
0.109917
0.109439
0.108899
0.108299
0.107642
0.106931
0.106166
0.105352
0.10449
0.103582
0.102632
0.101641
0.100612
0.0995469
0.0984486
0.0973192
0.0961608
0.0949757
0.0937661
0.0925341
0.0912818
0.0900111
0.088724
0.0874224
0.0861081
0.084783
0.0834487
0.0821069
0.0807592
0.0794071
0.0780522
0.0766958
0.0753392
0.0739838
0.0726308
0.0712814
0.0699366
0.0685976
0.0672653
0.0659407
0.0646247
0.0633181
0.0620217
0.0607363
0.0594625
0.0582009
0.0569523
0.055717
0.0544958
0.0532889
0.0520969
0.0509201
0.049759
0.0486137
0.0474847
0.0463722
0.0452763
0.0441973
0.0431354
0.0420906
0.0410631
0.0400531
0.0390604
0.0380853
0.0371276
0.0361875
0.0352649
0.0343597
0.0334719
0.0326015
0.0317483
0.0309122
0.0300932
0.0292911
0.0285057
0.027737
0.0269848
0.0262489
0.025529
0.0248252
0.0241371
0.0234646
0.0228074
0.0221654
0.0215384
0.0209261
0.0203282
0.0197447
0.0191753
0.0186197
0.0180776
0.017549
0.0170335
0.016531
0.0160411
0.0155636
0.0150984
0.0146451
0.0142036
0.0137736
0.0133549
0.0129473
0.0125505
0.0121642
0.0117884
0.0114227
0.011067
0.010721
0.0103844
0.0100572
0.00973908
0.00942981
0.00912922
0.0088371
0.00855325
0.00827748
0.00800959
0.00774939
0.00749671
0.00725135
0.00701313
0.00678189
0.00655743
0.0063396
0.00612823
0.00592315
0.0057242
0.00553123
0.00534407
0.00516258
0.00498661
0.00481601
0.00465065
0.00449037
0.00433505
0.00418455
0.00403875
0.0038975
0.0037607
0.00362821
0.00349991
0.0033757
0.00325546
0.00313907
0.00302642
0.00291742
0.00281196
0.00270993
0.00261124
0.00251579
0.00242349
0.00233425
0.00224797
0.00216458
0.00208398
0.00200609
0.00193083
0.00185812
0.0017879
0.00172007
0.00165457
0.00159133
0.00153028
0.00147136
0.00141449
0.00135961
0.00130666
0.00125558
0.00120632
0.00115881
0.001113
0.00106884
0.00102626
0.000985235
0.000945697
0.000907603
0.000870905
0.000835559
0.00080152
0.000768744
0.00073719
0.000706817
0.000677585
0.000649458
0.000622396
0.000596364
0.000571327
0.000547251
0.000524103
0.00050185
0.000480463
0.000459909
0.000440162
0.000421191
0.00040297
0.000385472
0.00036867
0.000352542
0.000337061
0.000322204
0.00030795
0.000294275
0.000281159
0.00026858
0.00025652
0.000244959
0.000233877
0.000223258
0.000213083
0.000203336
0.000194001
0.000185061
0.000176502
0.000168309
0.000160467
0.000152963
0.000145784
0.000138917
0.000132349
0.000126069
0.000120065
0.000114327
0.000108842
0.000103602
9.85962e-05
9.38149e-05
8.92489e-05
8.48895e-05
8.07282e-05
7.67565e-05
7.29667e-05
6.93511e-05
6.59024e-05
6.26134e-05
5.94774e-05
5.64879e-05
5.36385e-05
5.09233e-05
4.83364e-05
4.58721e-05
4.35253e-05
4.12907e-05
3.91633e-05
3.71384e-05
3.52115e-05
3.33782e-05
3.16342e-05
2.99756e-05
2.83985e-05
2.68991e-05
2.5474e-05
2.41197e-05
2.2833e-05
2.16107e-05
2.04498e-05
1.93475e-05
1.83011e-05
1.73078e-05
1.63653e-05
1.5471e-05
1.46227e-05
1.38182e-05
1.30554e-05
1.23322e-05
1.16468e-05
1.09973e-05
1.03819e-05
9.79904e-06
9.24703e-06
8.72438e-06
8.22961e-06
7.76135e-06
7.31825e-06
6.89907e-06
6.50258e-06
6.12764e-06
5.77315e-06
5.43807e-06
5.1214e-06
4.8222e-06
4.53955e-06
4.2726e-06
4.02054e-06
3.78258e-06
3.55799e-06
3.34606e-06
3.14612e-06
2.95754e-06
2.77971e-06
2.61207e-06
2.45406e-06
2.30517e-06
2.16491e-06
2.03283e-06
1.90847e-06
1.79143e-06
1.68132e-06
1.57776e-06
1.48041e-06
1.38895e-06
1.30306e-06
1.22246e-06
1.14688e-06
1.07609e-06
1.00985e-06
9.47966e-07
8.90247e-07
8.36535e-07
7.86693e-07
7.40608e-07
6.98197e-07
6.59405e-07
6.24215e-07
5.92648e-07
5.64774e-07
5.40716e-07
5.20669e-07
5.04909e-07
4.93817e-07
4.87923e-07
0.000254426
0.000814499
0.00142649
0.00209219
0.00281414
0.0035951
0.00443775
0.00534452
0.00631744
0.00735811
0.0084677
0.00964698
0.0108963
0.0122157
0.0136049
0.0150633
0.01659
0.0181839
0.0198436
0.0215674
0.0233536
0.0251999
0.0271039
0.0290631
0.0310747
0.0331355
0.0352423
0.0373916
0.0395796
0.0418026
0.0440564
0.0463368
0.0486396
0.0509601
0.0532939
0.0556362
0.0579824
0.0603276
0.0626671
0.0649961
0.0673097
0.0696033
0.0718722
0.0741117
0.0763173
0.0784846
0.0806093
0.0826873
0.0847146
0.0866874
0.0886022
0.0904554
0.092244
0.0939648
0.0956152
0.0971925
0.0986946
0.100119
0.101465
0.10273
0.103913
0.105012
0.106028
0.106959
0.107805
0.108566
0.109241
0.109832
0.110338
0.110761
0.111101
0.111358
0.111535
0.111633
0.111652
0.111599
0.111469
0.111264
0.110989
0.110645
0.110234
0.109759
0.109222
0.108625
0.10797
0.10726
0.106497
0.105684
0.104823
0.103916
0.102966
0.101975
0.100945
0.0998802
0.0987813
0.0976509
0.0964914
0.0953049
0.0940937
0.0928599
0.0916055
0.0903327
0.0890432
0.0877391
0.0864222
0.0850942
0.083757
0.0824121
0.0810612
0.0797058
0.0783474
0.0769875
0.0756273
0.0742682
0.0729114
0.0715581
0.0702094
0.0688665
0.0675302
0.0662015
0.0648814
0.0635707
0.0622701
0.0609805
0.0597025
0.0584368
0.0571839
0.0559445
0.054719
0.053508
0.0523118
0.0511309
0.0499656
0.0488162
0.0476831
0.0465665
0.0454666
0.0443836
0.0433177
0.042269
0.0412377
0.0402237
0.0392273
0.0382484
0.0372871
0.0363433
0.035417
0.0345083
0.033617
0.0327431
0.0318865
0.0310471
0.0302248
0.0294194
0.0286309
0.027859
0.0271037
0.0263648
0.025642
0.0249353
0.0242443
0.023569
0.0229091
0.0222644
0.0216347
0.0210198
0.0204195
0.0198335
0.0192616
0.0187036
0.0181593
0.0176284
0.0171107
0.016606
0.016114
0.0156345
0.0151672
0.014712
0.0142686
0.0138367
0.0134162
0.0130067
0.0126082
0.0122202
0.0118427
0.0114755
0.0111181
0.0107706
0.0104326
0.0101039
0.00978433
0.00947369
0.00917175
0.00887833
0.0085932
0.00831619
0.0080471
0.00778573
0.00753191
0.00728544
0.00704614
0.00681385
0.00658838
0.00636956
0.00615722
0.00595121
0.00575135
0.00555749
0.00536948
0.00518716
0.00501038
0.004839
0.00467287
0.00451186
0.00435582
0.00420463
0.00405814
0.00391625
0.0037788
0.0036457
0.00351681
0.00339202
0.00327121
0.00315428
0.00304111
0.0029316
0.00282564
0.00272313
0.00262398
0.00252808
0.00243535
0.00234568
0.002259
0.0021752
0.00209422
0.00201596
0.00194035
0.00186729
0.00179673
0.00172858
0.00166277
0.00159923
0.00153789
0.00147868
0.00142153
0.00136639
0.00131319
0.00126187
0.00121236
0.00116462
0.00111859
0.00107421
0.00103143
0.000990204
0.000950474
0.000912193
0.000875317
0.000839797
0.000805591
0.000772654
0.000740944
0.000710422
0.000681046
0.00065278
0.000625584
0.000599423
0.000574262
0.000550066
0.000526803
0.000504439
0.000482945
0.000462289
0.000442442
0.000423376
0.000405064
0.000387477
0.000370592
0.000354381
0.000338822
0.000323891
0.000309564
0.000295819
0.000282637
0.000269994
0.000257872
0.000246252
0.000235114
0.00022444
0.000214213
0.000204416
0.000195033
0.000186047
0.000177444
0.000169208
0.000161326
0.000153783
0.000146567
0.000139664
0.000133062
0.000126749
0.000120714
0.000114945
0.000109432
0.000104164
9.91317e-05
9.43251e-05
8.97351e-05
8.53526e-05
8.11692e-05
7.71765e-05
7.33666e-05
6.97317e-05
6.62646e-05
6.29581e-05
5.98053e-05
5.67998e-05
5.39351e-05
5.12053e-05
4.86044e-05
4.61269e-05
4.37674e-05
4.15207e-05
3.93818e-05
3.73459e-05
3.54086e-05
3.35652e-05
3.18118e-05
3.01441e-05
2.85584e-05
2.70508e-05
2.56178e-05
2.42561e-05
2.29623e-05
2.17333e-05
2.0566e-05
1.94576e-05
1.84054e-05
1.74066e-05
1.64588e-05
1.55596e-05
1.47065e-05
1.38975e-05
1.31305e-05
1.24032e-05
1.1714e-05
1.10608e-05
1.0442e-05
9.85582e-06
9.3007e-06
8.77508e-06
8.27751e-06
7.80659e-06
7.36098e-06
6.93941e-06
6.54066e-06
6.16358e-06
5.80707e-06
5.47006e-06
5.15158e-06
4.85065e-06
4.56638e-06
4.29789e-06
4.04437e-06
3.80504e-06
3.57914e-06
3.36598e-06
3.16488e-06
2.9752e-06
2.79633e-06
2.62771e-06
2.46877e-06
2.31901e-06
2.17793e-06
2.04507e-06
1.91998e-06
1.80224e-06
1.69148e-06
1.5873e-06
1.48937e-06
1.39735e-06
1.31094e-06
1.22986e-06
1.15382e-06
1.08259e-06
1.01594e-06
9.53669e-07
8.95582e-07
8.41523e-07
7.91353e-07
7.44958e-07
7.02252e-07
6.63183e-07
6.2773e-07
5.95916e-07
5.67812e-07
5.43542e-07
5.23306e-07
5.07384e-07
4.96167e-07
4.902e-07
0.000254426
0.000814496
0.00142648
0.00209218
0.00281413
0.00359508
0.00443773
0.0053445
0.00631741
0.00735807
0.00846765
0.00964692
0.0108962
0.0122156
0.0136048
0.0150632
0.0165899
0.0181838
0.0198434
0.0215673
0.0233534
0.0251997
0.0271037
0.0290629
0.0310745
0.0331353
0.035242
0.0373913
0.0395793
0.0418023
0.0440561
0.0463365
0.0486392
0.0509597
0.0532935
0.0556358
0.057982
0.0603272
0.0626667
0.0649956
0.0673093
0.0696029
0.0718717
0.0741112
0.0763168
0.078484
0.0806087
0.0826867
0.0847141
0.0866869
0.0886016
0.0904549
0.0922434
0.0939642
0.0956146
0.097192
0.0986941
0.100119
0.101464
0.102729
0.103912
0.105012
0.106027
0.106958
0.107804
0.108565
0.109241
0.109832
0.110338
0.110761
0.1111
0.111358
0.111535
0.111632
0.111652
0.111599
0.111468
0.111264
0.110989
0.110645
0.110234
0.109759
0.109222
0.108625
0.10797
0.10726
0.106497
0.105684
0.104822
0.103915
0.102965
0.101974
0.100945
0.09988
0.098781
0.0976507
0.0964912
0.0953047
0.0940935
0.0928597
0.0916054
0.0903325
0.0890431
0.087739
0.086422
0.0850941
0.0837569
0.082412
0.0810611
0.0797057
0.0783473
0.0769874
0.0756272
0.0742681
0.0729113
0.0715581
0.0702094
0.0688664
0.0675301
0.0662015
0.0648814
0.0635706
0.0622701
0.0609805
0.0597025
0.0584368
0.0571839
0.0559445
0.054719
0.053508
0.0523118
0.0511309
0.0499656
0.0488162
0.0476831
0.0465665
0.0454666
0.0443836
0.0433177
0.042269
0.0412377
0.0402238
0.0392273
0.0382484
0.0372871
0.0363433
0.0354171
0.0345083
0.033617
0.0327431
0.0318865
0.0310471
0.0302248
0.0294194
0.0286309
0.0278591
0.0271038
0.0263648
0.025642
0.0249353
0.0242443
0.023569
0.0229091
0.0222644
0.0216347
0.0210198
0.0204195
0.0198335
0.0192616
0.0187037
0.0181593
0.0176284
0.0171107
0.016606
0.016114
0.0156345
0.0151672
0.014712
0.0142686
0.0138367
0.0134162
0.0130067
0.0126082
0.0122203
0.0118428
0.0114755
0.0111182
0.0107706
0.0104326
0.0101039
0.00978436
0.00947371
0.00917178
0.00887835
0.00859323
0.00831621
0.00804712
0.00778575
0.00753193
0.00728546
0.00704616
0.00681387
0.00658839
0.00636958
0.00615724
0.00595122
0.00575137
0.00555751
0.0053695
0.00518718
0.0050104
0.00483901
0.00467289
0.00451187
0.00435584
0.00420464
0.00405816
0.00391626
0.00377882
0.00364571
0.00351682
0.00339203
0.00327122
0.00315429
0.00304112
0.00293161
0.00282565
0.00272314
0.00262399
0.00252809
0.00243535
0.00234569
0.002259
0.00217521
0.00209423
0.00201597
0.00194035
0.0018673
0.00179674
0.00172859
0.00166278
0.00159924
0.00153789
0.00147868
0.00142154
0.0013664
0.00131319
0.00126187
0.00121237
0.00116463
0.0011186
0.00107422
0.00103144
0.000990209
0.000950478
0.000912198
0.000875321
0.000839801
0.000805595
0.000772658
0.000740948
0.000710426
0.00068105
0.000652783
0.000625587
0.000599426
0.000574265
0.000550069
0.000526806
0.000504442
0.000482948
0.000462292
0.000442445
0.000423379
0.000405066
0.00038748
0.000370594
0.000354384
0.000338824
0.000323893
0.000309566
0.000295821
0.000282638
0.000269996
0.000257874
0.000246254
0.000235115
0.000224442
0.000214215
0.000204418
0.000195034
0.000186048
0.000177445
0.000169209
0.000161327
0.000153784
0.000146568
0.000139665
0.000133063
0.00012675
0.000120715
0.000114946
0.000109433
0.000104165
9.91324e-05
9.43258e-05
8.97358e-05
8.53533e-05
8.11699e-05
7.71771e-05
7.33672e-05
6.97323e-05
6.62651e-05
6.29586e-05
5.98058e-05
5.68003e-05
5.39356e-05
5.12057e-05
4.86049e-05
4.61273e-05
4.37678e-05
4.15211e-05
3.93821e-05
3.73463e-05
3.54089e-05
3.35656e-05
3.18121e-05
3.01444e-05
2.85586e-05
2.7051e-05
2.56181e-05
2.42563e-05
2.29625e-05
2.17335e-05
2.05662e-05
1.94578e-05
1.84056e-05
1.74068e-05
1.6459e-05
1.55597e-05
1.47067e-05
1.38977e-05
1.31306e-05
1.24034e-05
1.17141e-05
1.10609e-05
1.04421e-05
9.85593e-06
9.3008e-06
8.77518e-06
8.27761e-06
7.80668e-06
7.36107e-06
6.93949e-06
6.54074e-06
6.16365e-06
5.80713e-06
5.47013e-06
5.15164e-06
4.85071e-06
4.56643e-06
4.29794e-06
4.04442e-06
3.80508e-06
3.57919e-06
3.36602e-06
3.16492e-06
2.97524e-06
2.79637e-06
2.62774e-06
2.4688e-06
2.31904e-06
2.17796e-06
2.04509e-06
1.92e-06
1.80227e-06
1.6915e-06
1.58732e-06
1.48939e-06
1.39737e-06
1.31096e-06
1.22987e-06
1.15384e-06
1.08261e-06
1.01596e-06
9.53682e-07
8.95595e-07
8.41536e-07
7.91365e-07
7.44968e-07
7.02263e-07
6.63193e-07
6.2774e-07
5.95926e-07
5.6782e-07
5.43551e-07
5.23314e-07
5.07392e-07
4.96175e-07
4.90208e-07
0.000255378
0.0008176
0.00143209
0.00210072
0.00282604
0.00361073
0.00445735
0.00536818
0.00634508
0.00738956
0.0085027
0.00968518
0.0109373
0.0122592
0.0136504
0.0151105
0.0166384
0.0182332
0.0198934
0.0216175
0.0234034
0.0252492
0.0271524
0.0291104
0.0311203
0.0331792
0.0352838
0.0374304
0.0396155
0.0418351
0.0440852
0.0463616
0.04866
0.0509757
0.0533044
0.0556413
0.0579817
0.0603209
0.062654
0.0649763
0.067283
0.0695694
0.0718307
0.0740625
0.0762601
0.0784193
0.0805357
0.0826052
0.0846239
0.086588
0.0884939
0.0903383
0.0921178
0.0938297
0.0954711
0.0970395
0.0985327
0.0999486
0.101285
0.102542
0.103716
0.104807
0.105815
0.106738
0.107576
0.108329
0.108997
0.109581
0.11008
0.110496
0.110829
0.111081
0.111252
0.111344
0.111358
0.1113
0.111165
0.110956
0.110677
0.11033
0.109916
0.109438
0.108898
0.108298
0.107641
0.10693
0.106165
0.105351
0.104489
0.103581
0.102631
0.10164
0.100611
0.0995462
0.0984479
0.0973185
0.0961602
0.0949752
0.0937656
0.0925336
0.0912812
0.0900105
0.0887235
0.0874219
0.0861077
0.0847826
0.0834483
0.0821066
0.0807589
0.0794069
0.0780519
0.0766955
0.075339
0.0739836
0.0726306
0.0712812
0.0699365
0.0685975
0.0672652
0.0659406
0.0646246
0.063318
0.0620217
0.0607362
0.0594624
0.0582009
0.0569522
0.055717
0.0544958
0.0532889
0.0520969
0.0509201
0.049759
0.0486138
0.0474848
0.0463722
0.0452763
0.0441974
0.0431354
0.0420907
0.0410632
0.0400531
0.0390605
0.0380854
0.0371277
0.0361876
0.035265
0.0343598
0.033472
0.0326016
0.0317484
0.0309123
0.0300933
0.0292912
0.0285058
0.0277371
0.0269849
0.026249
0.0255292
0.0248253
0.0241372
0.0234647
0.0228075
0.0221655
0.0215385
0.0209262
0.0203283
0.0197448
0.0191754
0.0186198
0.0180777
0.0175491
0.0170336
0.0165311
0.0160412
0.0155637
0.0150985
0.0146452
0.0142037
0.0137737
0.013355
0.0129474
0.0125505
0.0121643
0.0117885
0.0114228
0.0110671
0.010721
0.0103845
0.0100573
0.00973915
0.00942988
0.00912929
0.00883716
0.00855331
0.00827754
0.00800965
0.00774945
0.00749677
0.0072514
0.00701319
0.00678194
0.00655749
0.00633966
0.00612828
0.0059232
0.00572425
0.00553128
0.00534412
0.00516263
0.00498666
0.00481606
0.00465069
0.00449041
0.00433509
0.00418459
0.00403879
0.00389754
0.00376073
0.00362824
0.00349995
0.00337574
0.00325549
0.0031391
0.00302646
0.00291745
0.00281199
0.00270996
0.00261127
0.00251582
0.00242352
0.00233428
0.002248
0.0021646
0.002084
0.00200611
0.00193085
0.00185815
0.00178792
0.00172009
0.00165459
0.00159135
0.0015303
0.00147138
0.0014145
0.00135963
0.00130668
0.0012556
0.00120634
0.00115883
0.00111302
0.00106885
0.00102628
0.000985249
0.000945711
0.000907616
0.000870918
0.000835572
0.000801532
0.000768755
0.000737201
0.000706828
0.000677596
0.000649468
0.000622406
0.000596374
0.000571336
0.00054726
0.000524111
0.000501859
0.000480471
0.000459917
0.000440169
0.000421198
0.000402977
0.000385478
0.000368677
0.000352548
0.000337067
0.00032221
0.000307955
0.00029428
0.000281164
0.000268585
0.000256525
0.000244963
0.000233882
0.000223262
0.000213088
0.00020334
0.000194005
0.000185065
0.000176506
0.000168312
0.000160471
0.000152967
0.000145787
0.00013892
0.000132352
0.000126072
0.000120068
0.000114329
0.000108845
0.000103605
9.85985e-05
9.3817e-05
8.9251e-05
8.48916e-05
8.07301e-05
7.67584e-05
7.29685e-05
6.93528e-05
6.5904e-05
6.2615e-05
5.94789e-05
5.64893e-05
5.36399e-05
5.09246e-05
4.83376e-05
4.58734e-05
4.35264e-05
4.12918e-05
3.91643e-05
3.71394e-05
3.52125e-05
3.33791e-05
3.16351e-05
2.99764e-05
2.83993e-05
2.68999e-05
2.54747e-05
2.41204e-05
2.28336e-05
2.16113e-05
2.04504e-05
1.93481e-05
1.83016e-05
1.73084e-05
1.63658e-05
1.54715e-05
1.46232e-05
1.38186e-05
1.30558e-05
1.23326e-05
1.16472e-05
1.09976e-05
1.03823e-05
9.79937e-06
9.24734e-06
8.72467e-06
8.22989e-06
7.76161e-06
7.3185e-06
6.8993e-06
6.5028e-06
6.12785e-06
5.77336e-06
5.43827e-06
5.12159e-06
4.82237e-06
4.53971e-06
4.27276e-06
4.02069e-06
3.78272e-06
3.55812e-06
3.34618e-06
3.14624e-06
2.95765e-06
2.77982e-06
2.61217e-06
2.45415e-06
2.30526e-06
2.165e-06
2.03291e-06
1.90855e-06
1.79151e-06
1.68139e-06
1.57783e-06
1.48047e-06
1.389e-06
1.30311e-06
1.22251e-06
1.14693e-06
1.07614e-06
1.0099e-06
9.48007e-07
8.90285e-07
8.36571e-07
7.86727e-07
7.40641e-07
6.98228e-07
6.59435e-07
6.24244e-07
5.92676e-07
5.648e-07
5.40741e-07
5.20693e-07
5.04933e-07
4.9384e-07
4.87945e-07
0.000257256
0.000823728
0.00144317
0.0021176
0.00284956
0.00364157
0.00449591
0.00541455
0.00639912
0.00745085
0.00857068
0.00975919
0.0110166
0.012343
0.013738
0.0152011
0.0167313
0.0183276
0.0199887
0.0217129
0.0234983
0.0253428
0.027244
0.0291994
0.0312062
0.0332611
0.035361
0.0375023
0.0396813
0.0418942
0.0441369
0.0464051
0.0486946
0.0510009
0.0533194
0.0556455
0.0579744
0.0603014
0.0626218
0.0649308
0.0672237
0.0694957
0.0717421
0.0739586
0.0761405
0.0782835
0.0803834
0.0824361
0.0844378
0.0863846
0.0882731
0.0900998
0.0918618
0.0935559
0.0951796
0.0967304
0.098206
0.0996045
0.100924
0.102163
0.103321
0.104395
0.105387
0.106294
0.107116
0.107855
0.108508
0.109078
0.109564
0.109967
0.110287
0.110527
0.110687
0.110768
0.110772
0.110705
0.11056
0.110343
0.110057
0.109702
0.109282
0.108798
0.108253
0.107649
0.106988
0.106273
0.105506
0.104689
0.103825
0.102917
0.101966
0.100975
0.0999465
0.0988828
0.0977861
0.0966587
0.0955028
0.0943207
0.0931144
0.0918861
0.0906378
0.0893715
0.0880892
0.0867928
0.0854839
0.0841645
0.0828362
0.0815007
0.0801595
0.0788142
0.0774661
0.0761168
0.0747676
0.0734196
0.0720742
0.0707325
0.0693956
0.0680645
0.0667403
0.0654238
0.064116
0.0628176
0.0615295
0.0602524
0.0589869
0.0577337
0.0564935
0.0552666
0.0540537
0.0528552
0.0516715
0.050503
0.04935
0.048213
0.0470921
0.0459876
0.0448998
0.0438287
0.0427747
0.0417377
0.0407179
0.0397155
0.0387304
0.0377627
0.0368124
0.0358796
0.0349641
0.034066
0.0331851
0.0323215
0.0314751
0.0306457
0.0298332
0.0290375
0.0282585
0.027496
0.0267498
0.0260199
0.0253059
0.0246078
0.0239254
0.0232584
0.0226067
0.02197
0.0213482
0.0207409
0.0201481
0.0195695
0.0190048
0.0184539
0.0179165
0.0173923
0.0168812
0.0163829
0.0158972
0.0154238
0.0149626
0.0145132
0.0140755
0.0136492
0.0132341
0.01283
0.0124366
0.0120538
0.0116812
0.0113187
0.0109661
0.0106231
0.0102895
0.00996518
0.00964984
0.0093433
0.00904536
0.00875582
0.00847448
0.00820115
0.00793564
0.00767776
0.00742733
0.00718416
0.00694807
0.00671889
0.00649645
0.00628057
0.0060711
0.00586787
0.00567071
0.00547948
0.00529401
0.00511416
0.00493979
0.00477074
0.00460687
0.00444805
0.00429415
0.00414502
0.00400054
0.00386059
0.00372504
0.00359376
0.00346665
0.00334358
0.00322444
0.00310912
0.00299752
0.00288952
0.00278503
0.00268395
0.00258618
0.00249161
0.00240017
0.00231176
0.00222629
0.00214367
0.00206382
0.00198666
0.00191211
0.00184008
0.00177052
0.00170333
0.00163845
0.0015758
0.00151533
0.00145696
0.00140063
0.00134627
0.00129383
0.00124324
0.00119444
0.00114738
0.00110201
0.00105827
0.00101611
0.000975468
0.00093631
0.000898582
0.000862238
0.000827232
0.000793521
0.000761062
0.000729813
0.000699735
0.000670787
0.000642933
0.000616134
0.000590356
0.000565564
0.000541723
0.000518801
0.000496767
0.000475589
0.000455238
0.000435685
0.000416901
0.00039886
0.000381535
0.0003649
0.000348931
0.000333604
0.000318895
0.000304782
0.000291244
0.000278259
0.000265806
0.000253867
0.000242421
0.000231451
0.000220939
0.000210867
0.000201219
0.000191978
0.000183128
0.000174656
0.000166546
0.000158784
0.000151357
0.000144251
0.000137454
0.000130953
0.000124737
0.000118795
0.000113116
0.000107688
0.000102501
9.75472e-05
9.28153e-05
8.82966e-05
8.39825e-05
7.98643e-05
7.5934e-05
7.21837e-05
6.86058e-05
6.51931e-05
6.19386e-05
5.88355e-05
5.58774e-05
5.3058e-05
5.03713e-05
4.78117e-05
4.53735e-05
4.30515e-05
4.08405e-05
3.87357e-05
3.67324e-05
3.4826e-05
3.30122e-05
3.12868e-05
2.9646e-05
2.80857e-05
2.66025e-05
2.51926e-05
2.38529e-05
2.25801e-05
2.13709e-05
2.02226e-05
1.91323e-05
1.80972e-05
1.71147e-05
1.61824e-05
1.52979e-05
1.44589e-05
1.36631e-05
1.29087e-05
1.21934e-05
1.15155e-05
1.08732e-05
1.02646e-05
9.68813e-06
9.14222e-06
8.62534e-06
8.13606e-06
7.67299e-06
7.23482e-06
6.8203e-06
6.42823e-06
6.05748e-06
5.70695e-06
5.37562e-06
5.0625e-06
4.76666e-06
4.48719e-06
4.22325e-06
3.97404e-06
3.73877e-06
3.51672e-06
3.30719e-06
3.10953e-06
2.92309e-06
2.74729e-06
2.58156e-06
2.42536e-06
2.27818e-06
2.13953e-06
2.00896e-06
1.88604e-06
1.77036e-06
1.66152e-06
1.55917e-06
1.46296e-06
1.37256e-06
1.28768e-06
1.20804e-06
1.13336e-06
1.06342e-06
9.97983e-07
9.36853e-07
8.7985e-07
8.26815e-07
7.77613e-07
7.32134e-07
6.90295e-07
6.52046e-07
6.17367e-07
5.86281e-07
5.58855e-07
5.35209e-07
5.1553e-07
5.00084e-07
4.89233e-07
4.83481e-07
0.000260006
0.000832712
0.00145944
0.00214239
0.00288403
0.00368657
0.00455188
0.00548148
0.00647662
0.00753827
0.00866714
0.00986369
0.0111281
0.0124604
0.0138602
0.0153269
0.0168598
0.0184577
0.0201194
0.0218431
0.0236271
0.0254692
0.0273671
0.0293182
0.0313195
0.0333681
0.0354607
0.0375936
0.0397633
0.0419658
0.0441971
0.0464529
0.048729
0.0510209
0.053324
0.0556337
0.0579454
0.0602543
0.0625557
0.0648448
0.067117
0.0693676
0.071592
0.0737856
0.0759442
0.0780633
0.0801388
0.0821668
0.0841433
0.0860646
0.0879274
0.0897283
0.0914643
0.0931324
0.0947301
0.096255
0.0977049
0.0990779
0.100372
0.101586
0.102719
0.10377
0.104738
0.105622
0.106422
0.107138
0.107771
0.10832
0.108786
0.10917
0.109473
0.109696
0.109839
0.109905
0.109895
0.109813
0.109655
0.109427
0.109129
0.108765
0.108335
0.107843
0.107291
0.10668
0.106014
0.105295
0.104524
0.103704
0.102839
0.101929
0.100978
0.0999871
0.0989598
0.0978979
0.0968038
0.0956796
0.0945277
0.0933501
0.0921489
0.0909263
0.0896843
0.0884248
0.0871498
0.0858611
0.0845605
0.0832497
0.0819304
0.0806043
0.0792729
0.0779376
0.0765999
0.0752612
0.0739228
0.072586
0.0712519
0.0699217
0.0685965
0.0672773
0.065965
0.0646606
0.0633649
0.0620788
0.060803
0.0595383
0.0582852
0.0570444
0.0558166
0.0546021
0.0534016
0.0522154
0.051044
0.0498878
0.0487471
0.0476222
0.0465133
0.0454208
0.0443448
0.0432855
0.0422431
0.0412176
0.0402093
0.0392181
0.0382442
0.0372875
0.0363481
0.0354259
0.034521
0.0336333
0.0327628
0.0319093
0.0310728
0.0302532
0.0294503
0.0286641
0.0278944
0.027141
0.0264039
0.0256828
0.0249775
0.0242879
0.0236138
0.022955
0.0223112
0.0216824
0.0210683
0.0204686
0.0198831
0.0193117
0.0187541
0.0182101
0.0176794
0.0171618
0.0166572
0.0161652
0.0156856
0.0152182
0.0147629
0.0143192
0.0138871
0.0134663
0.0130565
0.0126576
0.0122693
0.0118914
0.0115236
0.0111658
0.0108178
0.0104792
0.01015
0.00982989
0.00951867
0.00921614
0.00892211
0.00863637
0.00835873
0.008089
0.00782699
0.00757251
0.00732539
0.00708544
0.00685248
0.00662635
0.00640686
0.00619386
0.00598718
0.00578666
0.00559214
0.00540346
0.00522049
0.00504305
0.00487102
0.00470424
0.00454259
0.00438591
0.00423409
0.00408698
0.00394446
0.0038064
0.00367269
0.0035432
0.00341781
0.00329642
0.00317891
0.00306516
0.00295509
0.00284857
0.00274552
0.00264582
0.00254939
0.00245613
0.00236595
0.00227876
0.00219447
0.00211299
0.00203425
0.00195816
0.00188464
0.00181362
0.00174502
0.00167877
0.0016148
0.00155303
0.0014934
0.00143585
0.00138031
0.00132671
0.00127501
0.00122513
0.00117702
0.00113063
0.0010859
0.00104278
0.00100121
0.000961151
0.00092255
0.000885359
0.000849533
0.000815027
0.000781798
0.000749804
0.000719003
0.000689356
0.000660825
0.000633372
0.000606959
0.000581554
0.000557119
0.000533624
0.000511034
0.00048932
0.00046845
0.000448395
0.000429127
0.000410618
0.00039284
0.000375769
0.000359378
0.000343643
0.000328541
0.000314049
0.000300145
0.000286806
0.000274013
0.000261745
0.000249983
0.000238707
0.000227901
0.000217545
0.000207623
0.000198119
0.000189016
0.000180299
0.000171954
0.000163966
0.000156321
0.000149006
0.000142007
0.000135313
0.00012891
0.000122789
0.000116937
0.000111344
0.000105998
0.000100891
9.60127e-05
9.13532e-05
8.69038e-05
8.26559e-05
7.8601e-05
7.47312e-05
7.10386e-05
6.7516e-05
6.41561e-05
6.09519e-05
5.78969e-05
5.49847e-05
5.22091e-05
4.95643e-05
4.70446e-05
4.46445e-05
4.23588e-05
4.01825e-05
3.81107e-05
3.61389e-05
3.42625e-05
3.24773e-05
3.07792e-05
2.91642e-05
2.76287e-05
2.6169e-05
2.47815e-05
2.34631e-05
2.22105e-05
2.10207e-05
1.98908e-05
1.88179e-05
1.77993e-05
1.68327e-05
1.59153e-05
1.5045e-05
1.42195e-05
1.34367e-05
1.26944e-05
1.19907e-05
1.13238e-05
1.06919e-05
1.00932e-05
9.52617e-06
8.98917e-06
8.48074e-06
7.99946e-06
7.54398e-06
7.11301e-06
6.7053e-06
6.31969e-06
5.95505e-06
5.61031e-06
5.28447e-06
4.97654e-06
4.6856e-06
4.41078e-06
4.15123e-06
3.90617e-06
3.67483e-06
3.45649e-06
3.25048e-06
3.05613e-06
2.87282e-06
2.69998e-06
2.53705e-06
2.38348e-06
2.23879e-06
2.1025e-06
1.97415e-06
1.85332e-06
1.73961e-06
1.63264e-06
1.53204e-06
1.43749e-06
1.34866e-06
1.26525e-06
1.187e-06
1.11364e-06
1.04493e-06
9.80666e-07
9.20641e-07
8.6468e-07
8.1263e-07
7.64359e-07
7.19761e-07
6.78755e-07
6.41292e-07
6.07355e-07
5.76966e-07
5.50188e-07
5.27138e-07
5.07993e-07
4.93e-07
4.82497e-07
4.76947e-07
0.000263551
0.000844305
0.00148047
0.00217441
0.00292836
0.00374401
0.00462266
0.00556533
0.00657284
0.00764587
0.00878493
0.00999037
0.0112623
0.0126008
0.0140053
0.0154755
0.0170106
0.0186094
0.0202706
0.0219927
0.0237738
0.0256117
0.0275042
0.0294486
0.0314421
0.0334815
0.0355635
0.0376847
0.0398413
0.0420294
0.0442451
0.046484
0.0487419
0.0510143
0.0532968
0.0555847
0.0578733
0.060158
0.0624341
0.0646969
0.0669418
0.0691642
0.0713595
0.0735233
0.0756512
0.0777391
0.0797828
0.0817784
0.0837221
0.0856104
0.0874398
0.0892072
0.0909095
0.0925441
0.0941082
0.0955997
0.0970164
0.0983565
0.0996184
0.100801
0.101902
0.102922
0.10386
0.104714
0.105486
0.106174
0.10678
0.107303
0.107745
0.108105
0.108385
0.108586
0.108708
0.108755
0.108727
0.108627
0.108454
0.108211
0.107899
0.107523
0.107082
0.10658
0.106019
0.105401
0.104729
0.104004
0.103229
0.102406
0.101539
0.100628
0.099677
0.0986877
0.0976624
0.0966036
0.0955134
0.094394
0.0932477
0.0920765
0.0908826
0.0896679
0.0884346
0.0871844
0.0859193
0.0846412
0.0833517
0.0820525
0.0807454
0.0794319
0.0781135
0.0767917
0.0754678
0.0741433
0.0728194
0.0714974
0.0701783
0.0688634
0.0675537
0.0662501
0.0649536
0.0636652
0.0623856
0.0611157
0.0598561
0.0586076
0.0573708
0.0561464
0.0549349
0.0537367
0.0525525
0.0513825
0.0502273
0.0490872
0.0479624
0.0468534
0.0457603
0.0446834
0.043623
0.042579
0.0415519
0.0405415
0.0395481
0.0385716
0.0376122
0.0366699
0.0357447
0.0348366
0.0339455
0.0330714
0.0322143
0.031374
0.0305505
0.0297436
0.0289533
0.0281795
0.0274219
0.0266805
0.025955
0.0252454
0.0245514
0.0238729
0.0232096
0.0225614
0.0219281
0.0213095
0.0207053
0.0201154
0.0195396
0.0189775
0.0184291
0.017894
0.0173721
0.0168631
0.0163668
0.015883
0.0154115
0.0149519
0.0145042
0.014068
0.0136431
0.0132294
0.0128266
0.0124344
0.0120526
0.0116811
0.0113196
0.0109679
0.0106258
0.0102931
0.00996946
0.00965483
0.00934895
0.00905162
0.00876265
0.00848184
0.00820899
0.00794393
0.00768646
0.0074364
0.00719356
0.00695779
0.00672889
0.00650669
0.00629104
0.00608177
0.0058787
0.0056817
0.00549059
0.00530523
0.00512547
0.00495117
0.00478217
0.00461834
0.00445954
0.00430564
0.00415651
0.00401201
0.00387202
0.00373642
0.00360509
0.00347791
0.00335476
0.00323554
0.00312013
0.00300843
0.00290033
0.00279572
0.00269452
0.00259662
0.00250193
0.00241035
0.0023218
0.00223619
0.00215342
0.00207342
0.00199611
0.0019214
0.00184923
0.0017795
0.00171215
0.00164711
0.00158431
0.00152367
0.00146514
0.00140864
0.00135412
0.00130151
0.00125076
0.0012018
0.00115458
0.00110905
0.00106515
0.00102282
0.00098203
0.000942715
0.000904832
0.000868334
0.000833177
0.000799316
0.000766708
0.000735313
0.000705091
0.000676001
0.000648006
0.000621069
0.000595156
0.000570229
0.000546257
0.000523206
0.000501045
0.000479743
0.00045927
0.000439597
0.000420696
0.00040254
0.000385102
0.000368357
0.00035228
0.000336848
0.000322036
0.000307823
0.000294186
0.000281105
0.000268559
0.000256529
0.000244994
0.000233938
0.000223341
0.000213186
0.000203458
0.000194139
0.000185214
0.000176668
0.000168486
0.000160655
0.00015316
0.000145988
0.000139128
0.000132565
0.00012629
0.00012029
0.000114554
0.000109071
0.000103832
9.88267e-05
9.40452e-05
8.94787e-05
8.51182e-05
8.09552e-05
7.69816e-05
7.31895e-05
6.95712e-05
6.61194e-05
6.28272e-05
5.96877e-05
5.66944e-05
5.38412e-05
5.11219e-05
4.85308e-05
4.60622e-05
4.3711e-05
4.14719e-05
3.934e-05
3.73106e-05
3.53791e-05
3.35412e-05
3.17926e-05
3.01295e-05
2.85478e-05
2.70439e-05
2.56143e-05
2.42556e-05
2.29645e-05
2.17379e-05
2.05728e-05
1.94663e-05
1.84157e-05
1.74185e-05
1.6472e-05
1.55739e-05
1.47218e-05
1.39136e-05
1.31472e-05
1.24205e-05
1.17317e-05
1.10789e-05
1.04603e-05
9.87429e-06
9.31924e-06
8.79364e-06
8.29602e-06
7.82499e-06
7.37922e-06
6.95744e-06
6.55845e-06
6.1811e-06
5.82428e-06
5.48694e-06
5.1681e-06
4.8668e-06
4.58214e-06
4.31325e-06
4.05932e-06
3.81957e-06
3.59325e-06
3.37966e-06
3.17812e-06
2.98801e-06
2.80871e-06
2.63965e-06
2.48028e-06
2.33008e-06
2.18857e-06
2.05528e-06
1.92977e-06
1.81161e-06
1.70042e-06
1.59583e-06
1.49747e-06
1.40503e-06
1.31819e-06
1.23667e-06
1.16019e-06
1.0885e-06
1.02137e-06
9.58596e-07
8.99975e-07
8.45341e-07
7.94543e-07
7.47456e-07
7.03976e-07
6.64026e-07
6.27561e-07
5.94563e-07
5.65054e-07
5.39095e-07
5.16796e-07
4.9832e-07
4.83896e-07
4.73829e-07
4.68534e-07
0.000267796
0.000858179
0.00150567
0.00221264
0.00298078
0.00381107
0.00470414
0.00566049
0.00668059
0.00776487
0.00891372
0.0101274
0.0114061
0.0127496
0.0141578
0.0156301
0.0171657
0.0187636
0.0204225
0.0221408
0.0239167
0.0257479
0.0276323
0.029567
0.0315493
0.033576
0.0356439
0.0377494
0.0398889
0.0420583
0.0442537
0.0464709
0.0487056
0.0509534
0.0532097
0.0554701
0.0577299
0.0599845
0.0622292
0.0644595
0.0666707
0.0688583
0.0710179
0.0731452
0.0752357
0.0772855
0.0792904
0.0812468
0.0831508
0.0849991
0.0867883
0.0885153
0.0901772
0.0917713
0.0932953
0.0947468
0.096124
0.0974249
0.0986482
0.0997924
0.100857
0.10184
0.102742
0.103562
0.1043
0.104956
0.10553
0.106023
0.106435
0.106768
0.107021
0.107197
0.107296
0.107319
0.107272
0.107151
0.10696
0.1067
0.106374
0.105983
0.105531
0.105018
0.104447
0.103821
0.103142
0.102412
0.101633
0.100808
0.0999393
0.0990287
0.0980787
0.0970917
0.09607
0.0950158
0.0939312
0.0928186
0.09168
0.0905175
0.0893331
0.0881289
0.0869068
0.0856687
0.0844164
0.0831517
0.0818764
0.080592
0.0793002
0.0780026
0.0767006
0.0753957
0.0740891
0.0727823
0.0714765
0.0701728
0.0688725
0.0675765
0.0662859
0.0650018
0.0637249
0.0624561
0.0611963
0.0599463
0.0587067
0.0574783
0.0562616
0.0550572
0.0538657
0.0526876
0.0515232
0.0503732
0.0492377
0.0481173
0.0470121
0.0459225
0.0448487
0.0437909
0.0427494
0.0417243
0.0407156
0.0397237
0.0387484
0.0377899
0.0368483
0.0359235
0.0350155
0.0341244
0.0332501
0.0323926
0.0315517
0.0307275
0.0299197
0.0291284
0.0283534
0.0275945
0.0268517
0.0261247
0.0254134
0.0247177
0.0240374
0.0233723
0.0227222
0.0220869
0.0214662
0.0208599
0.0202679
0.0196898
0.0191255
0.0185748
0.0180375
0.0175133
0.017002
0.0165034
0.0160172
0.0155433
0.0150814
0.0146313
0.0141928
0.0137656
0.0133495
0.0129443
0.0125498
0.0121658
0.011792
0.0114282
0.0110743
0.0107299
0.010395
0.0100692
0.0097524
0.00944438
0.00914494
0.00885389
0.00857102
0.00829615
0.00802908
0.00776964
0.00751764
0.00727289
0.00703523
0.00680448
0.00658047
0.00636303
0.00615199
0.0059472
0.00574849
0.00555572
0.00536872
0.00518736
0.00501147
0.00484093
0.00467558
0.0045153
0.00435994
0.00420937
0.00406347
0.00392212
0.00378517
0.00365253
0.00352406
0.00339966
0.0032792
0.00316259
0.0030497
0.00294045
0.00283472
0.00273242
0.00263344
0.0025377
0.00244509
0.00235554
0.00226894
0.00218522
0.00210429
0.00202607
0.00195047
0.00187742
0.00180685
0.00173868
0.00167283
0.00160924
0.00154784
0.00148856
0.00143134
0.00137611
0.00132281
0.00127139
0.00122178
0.00117392
0.00112777
0.00108326
0.00104035
0.000998989
0.000959119
0.000920696
0.000883674
0.000848006
0.000813649
0.00078056
0.000748697
0.000718019
0.000688488
0.000660064
0.000632712
0.000606394
0.000581076
0.000556723
0.000533303
0.000510785
0.000489135
0.000468326
0.000448327
0.00042911
0.000410648
0.000392914
0.000375882
0.000359528
0.000343826
0.000328754
0.000314289
0.000300409
0.000287092
0.000274318
0.000262067
0.00025032
0.000239057
0.000228262
0.000217915
0.000208001
0.000198503
0.000189405
0.000180693
0.00017235
0.000164363
0.000156718
0.000149402
0.000142402
0.000135706
0.000129301
0.000123176
0.00011732
0.000111722
0.000106372
0.000101259
9.63748e-05
9.17091e-05
8.72532e-05
8.29985e-05
7.89367e-05
7.50597e-05
7.13599e-05
6.78299e-05
6.44625e-05
6.12507e-05
5.81881e-05
5.52683e-05
5.24851e-05
4.98327e-05
4.73053e-05
4.48977e-05
4.26045e-05
4.04207e-05
3.83416e-05
3.63625e-05
3.4479e-05
3.26867e-05
3.09817e-05
2.93599e-05
2.78177e-05
2.63514e-05
2.49576e-05
2.36329e-05
2.23742e-05
2.11784e-05
2.00426e-05
1.8964e-05
1.794e-05
1.69679e-05
1.60453e-05
1.517e-05
1.43395e-05
1.35518e-05
1.28049e-05
1.20968e-05
1.14255e-05
1.07893e-05
1.01866e-05
9.61557e-06
9.07476e-06
8.56265e-06
8.07782e-06
7.61891e-06
7.18463e-06
6.77374e-06
6.38506e-06
6.01747e-06
5.6699e-06
5.34132e-06
5.03077e-06
4.73731e-06
4.46007e-06
4.1982e-06
3.9509e-06
3.71742e-06
3.49703e-06
3.28905e-06
3.09281e-06
2.9077e-06
2.73312e-06
2.56852e-06
2.41337e-06
2.26715e-06
2.1294e-06
1.99965e-06
1.87747e-06
1.76247e-06
1.65426e-06
1.55246e-06
1.45675e-06
1.36681e-06
1.28232e-06
1.20301e-06
1.12862e-06
1.0589e-06
9.9363e-07
9.32603e-07
8.75633e-07
8.22557e-07
7.7323e-07
7.2753e-07
6.85359e-07
6.46644e-07
6.11342e-07
5.79438e-07
5.50953e-07
5.25944e-07
5.04514e-07
4.86812e-07
4.73044e-07
4.63479e-07
4.58475e-07
0.000272612
0.000873857
0.00153415
0.00225543
0.00303841
0.00388321
0.00478987
0.00575854
0.00678946
0.00788296
0.00903938
0.010259
0.0115419
0.0128881
0.0142973
0.0157691
0.0173025
0.0188967
0.0205502
0.0222616
0.0240289
0.02585
0.0277226
0.0296439
0.0316111
0.033621
0.0356705
0.0377558
0.0398734
0.0420193
0.0441895
0.0463799
0.0485861
0.0508038
0.0530286
0.0552558
0.057481
0.0596997
0.0619071
0.0640988
0.0662703
0.0684171
0.0705349
0.0726194
0.0746664
0.0766719
0.078632
0.080543
0.0824013
0.0842036
0.0859466
0.0876273
0.0892431
0.0907913
0.0922695
0.0936757
0.095008
0.0962648
0.0974445
0.0985461
0.0995685
0.100511
0.101373
0.102154
0.102855
0.103475
0.104014
0.104474
0.104854
0.105156
0.10538
0.105529
0.105602
0.105602
0.105532
0.10539
0.105179
0.104902
0.10456
0.104155
0.10369
0.103167
0.102587
0.101954
0.101269
0.100534
0.0997525
0.0989261
0.0980571
0.097148
0.0962009
0.0952181
0.0942018
0.0931543
0.0920777
0.0909741
0.0898457
0.0886944
0.0875223
0.0863313
0.0851234
0.0839003
0.0826638
0.0814157
0.0801577
0.0788914
0.0776183
0.0763399
0.0750577
0.0737731
0.0724873
0.0712017
0.0699175
0.0686357
0.0673576
0.0660842
0.0648164
0.0635551
0.0623014
0.0610559
0.0598195
0.058593
0.057377
0.0561721
0.0549789
0.0537981
0.0526301
0.0514754
0.0503345
0.0492076
0.0480953
0.0469979
0.0459155
0.0448486
0.0437973
0.0427618
0.0417424
0.0407391
0.0397521
0.0387815
0.0378274
0.0368898
0.0359687
0.0350643
0.0341764
0.033305
0.0324502
0.0316118
0.0307898
0.0299841
0.0291947
0.0284213
0.0276639
0.0269224
0.0261966
0.0254864
0.0247915
0.0241119
0.0234474
0.0227977
0.0221628
0.0215423
0.0209362
0.0203442
0.0197661
0.0192017
0.0186508
0.0181132
0.0175886
0.0170769
0.0165778
0.0160912
0.0156167
0.0151542
0.0147034
0.0142641
0.0138362
0.0134194
0.0130134
0.012618
0.0122332
0.0118585
0.0114938
0.0111389
0.0107936
0.0104577
0.010131
0.00981324
0.00950425
0.00920383
0.00891179
0.00862793
0.00835206
0.008084
0.00782357
0.00757057
0.00732484
0.00708619
0.00685446
0.00662947
0.00641106
0.00619906
0.00599331
0.00579365
0.00559994
0.00541201
0.00522972
0.00505292
0.00488147
0.00471524
0.00455407
0.00439784
0.00424641
0.00409967
0.00395747
0.0038197
0.00368625
0.00355698
0.00343178
0.00331055
0.00319317
0.00307954
0.00296954
0.00286309
0.00276007
0.00266039
0.00256396
0.00247067
0.00238045
0.00229321
0.00220884
0.00212728
0.00204844
0.00197224
0.00189861
0.00182745
0.00175871
0.00169231
0.00162817
0.00156624
0.00150644
0.0014487
0.00139297
0.00133919
0.00128729
0.00123721
0.0011889
0.0011423
0.00109736
0.00105402
0.00101224
0.000971967
0.000933149
0.00089574
0.000859697
0.000824973
0.000791526
0.000759314
0.000728297
0.000698435
0.000669689
0.000642023
0.0006154
0.000589784
0.000565143
0.000541442
0.000518649
0.000496734
0.000475666
0.000455416
0.000435955
0.000417256
0.000399291
0.000382036
0.000365464
0.000349552
0.000334276
0.000319613
0.00030554
0.000292037
0.000279083
0.000266657
0.00025474
0.000243313
0.000232359
0.000221859
0.000211796
0.000202154
0.000192916
0.000184069
0.000175596
0.000167483
0.000159717
0.000152283
0.000145169
0.000138363
0.000131852
0.000125625
0.00011967
0.000113977
0.000108535
0.000103334
9.83643e-05
9.36164e-05
8.90812e-05
8.47502e-05
8.06149e-05
7.66671e-05
7.28992e-05
6.93035e-05
6.5873e-05
6.26006e-05
5.94796e-05
5.65036e-05
5.36665e-05
5.09622e-05
4.83851e-05
4.59296e-05
4.35905e-05
4.13626e-05
3.92412e-05
3.72214e-05
3.52989e-05
3.34693e-05
3.17284e-05
3.00724e-05
2.84972e-05
2.69994e-05
2.55753e-05
2.42217e-05
2.29353e-05
2.17129e-05
2.05518e-05
1.94489e-05
1.84016e-05
1.74073e-05
1.64635e-05
1.55678e-05
1.4718e-05
1.39118e-05
1.31471e-05
1.24221e-05
1.17346e-05
1.10831e-05
1.04656e-05
9.88058e-06
9.32638e-06
8.80152e-06
8.30452e-06
7.83403e-06
7.3887e-06
6.96729e-06
6.56859e-06
6.19146e-06
5.8348e-06
5.49758e-06
5.1788e-06
4.87751e-06
4.59282e-06
4.32388e-06
4.06985e-06
3.82998e-06
3.60351e-06
3.38975e-06
3.18803e-06
2.99771e-06
2.81819e-06
2.6489e-06
2.48928e-06
2.33883e-06
2.19706e-06
2.06349e-06
1.93769e-06
1.81925e-06
1.70776e-06
1.60287e-06
1.5042e-06
1.41144e-06
1.32427e-06
1.2424e-06
1.16556e-06
1.09349e-06
1.02596e-06
9.62754e-07
9.03672e-07
8.48535e-07
7.97185e-07
7.49485e-07
7.05319e-07
6.64592e-07
6.27237e-07
5.93213e-07
5.62508e-07
5.3514e-07
5.11166e-07
4.90678e-07
4.73813e-07
4.60751e-07
4.51724e-07
4.47033e-07
0.000277734
0.00089045
0.00156434
0.00229981
0.00309614
0.00395286
0.0048698
0.00584702
0.00688478
0.00798343
0.00914335
0.0103648
0.011648
0.0129929
0.0143991
0.0158663
0.0173935
0.0189799
0.0206239
0.0223241
0.0240786
0.0258851
0.0277413
0.0296445
0.0315918
0.0335801
0.0356061
0.0376662
0.0397568
0.0418739
0.0440136
0.0461717
0.048344
0.0505261
0.0527137
0.0549022
0.0570872
0.0592642
0.0614287
0.0635763
0.0657024
0.0678029
0.0698733
0.0719096
0.0739077
0.0758636
0.0777737
0.0796342
0.0814418
0.0831931
0.0848852
0.0865151
0.0880803
0.0895781
0.0910066
0.0923635
0.0936472
0.0948561
0.0959889
0.0970446
0.0980221
0.0989209
0.0997406
0.100481
0.101142
0.101723
0.102226
0.102651
0.102998
0.103268
0.103463
0.103583
0.10363
0.103606
0.103513
0.10335
0.103121
0.102826
0.102469
0.102051
0.101575
0.101042
0.100454
0.0998147
0.0991252
0.098388
0.0976053
0.0967795
0.0959127
0.0950072
0.0940653
0.0930892
0.092081
0.0910428
0.0899769
0.0888852
0.0877699
0.0866328
0.085476
0.0843014
0.0831107
0.0819058
0.0806884
0.0794603
0.0782229
0.076978
0.0757269
0.0744712
0.0732122
0.0719513
0.0706898
0.0694288
0.0681696
0.0669133
0.0656608
0.0644133
0.0631717
0.0619369
0.0607096
0.0594908
0.0582812
0.0570815
0.0558922
0.0547142
0.0535479
0.0523938
0.0512525
0.0501244
0.0490099
0.0479094
0.0468233
0.0457518
0.0446953
0.0436539
0.042628
0.0416176
0.040623
0.0396443
0.0386817
0.0377351
0.0368047
0.0358905
0.0349926
0.0341109
0.0332455
0.0323963
0.0315633
0.0307463
0.0299455
0.0291606
0.0283915
0.0276382
0.0269006
0.0261784
0.0254716
0.02478
0.0241035
0.0234418
0.0227949
0.0221625
0.0215444
0.0209405
0.0203506
0.0197745
0.0192119
0.0186627
0.0181267
0.0176036
0.0170932
0.0165954
0.0161099
0.0156364
0.0151749
0.014725
0.0142866
0.0138594
0.0134432
0.0130378
0.012643
0.0122586
0.0118843
0.01152
0.0111654
0.0108204
0.0104847
0.0101582
0.00984052
0.00953162
0.00923125
0.00893923
0.00865536
0.00837946
0.00811133
0.0078508
0.00759769
0.00735182
0.00711301
0.00688109
0.0066559
0.00643727
0.00622504
0.00601904
0.00581912
0.00562514
0.00543692
0.00525434
0.00507724
0.00490547
0.00473891
0.00457742
0.00442085
0.00426909
0.004122
0.00397945
0.00384134
0.00370752
0.00357789
0.00345234
0.00333075
0.00321301
0.00309901
0.00298865
0.00288183
0.00277845
0.00267841
0.00258162
0.00248798
0.0023974
0.0023098
0.00222508
0.00214317
0.00206399
0.00198744
0.00191346
0.00184197
0.00177289
0.00170616
0.0016417
0.00157944
0.00151932
0.00146127
0.00140523
0.00135114
0.00129894
0.00124856
0.00119996
0.00115307
0.00110784
0.00106423
0.00102218
0.000981632
0.000942549
0.000904881
0.000868582
0.000833608
0.000799916
0.000767464
0.000736211
0.000706118
0.000677146
0.000649258
0.000622418
0.000596591
0.000571742
0.000547839
0.000524848
0.00050274
0.000481483
0.000461049
0.000441408
0.000422533
0.000404398
0.000386976
0.000370242
0.000354171
0.000338741
0.000323928
0.000309709
0.000296064
0.000282971
0.000270411
0.000258363
0.00024681
0.000235732
0.000225111
0.000214932
0.000205177
0.00019583
0.000186876
0.0001783
0.000170088
0.000162224
0.000154697
0.000147492
0.000140598
0.000134002
0.000127693
0.000121658
0.000115888
0.000110371
0.000105098
0.000100058
9.52431e-05
9.06429e-05
8.6249e-05
8.20531e-05
7.80468e-05
7.42225e-05
7.05724e-05
6.70894e-05
6.37664e-05
6.05966e-05
5.75737e-05
5.46913e-05
5.19435e-05
4.93244e-05
4.68286e-05
4.44506e-05
4.21855e-05
4.00281e-05
3.79738e-05
3.60182e-05
3.41567e-05
3.23852e-05
3.06997e-05
2.90963e-05
2.75714e-05
2.61213e-05
2.47428e-05
2.34324e-05
2.21872e-05
2.1004e-05
1.98801e-05
1.88126e-05
1.7799e-05
1.68367e-05
1.59233e-05
1.50564e-05
1.4234e-05
1.34539e-05
1.2714e-05
1.20124e-05
1.13472e-05
1.07168e-05
1.01194e-05
9.5534e-06
9.01724e-06
8.50948e-06
8.0287e-06
7.57357e-06
7.1428e-06
6.73518e-06
6.34954e-06
5.98477e-06
5.63982e-06
5.31368e-06
5.00539e-06
4.71403e-06
4.43873e-06
4.17866e-06
3.93303e-06
3.70109e-06
3.48212e-06
3.27545e-06
3.08042e-06
2.89642e-06
2.72287e-06
2.55922e-06
2.40493e-06
2.2595e-06
2.12246e-06
1.99337e-06
1.87179e-06
1.75732e-06
1.64959e-06
1.54822e-06
1.45289e-06
1.36326e-06
1.27905e-06
1.19997e-06
1.12575e-06
1.05615e-06
9.9095e-07
9.29932e-07
8.7291e-07
8.19713e-07
7.70188e-07
7.24204e-07
6.8165e-07
6.4244e-07
6.06508e-07
5.73816e-07
5.44354e-07
5.18141e-07
4.9523e-07
4.75705e-07
4.59691e-07
4.47344e-07
4.38859e-07
4.34482e-07
0.000282917
0.000906367
0.00159264
0.00233914
0.00314393
0.00400687
0.00492806
0.00590776
0.00694637
0.00804432
0.00920204
0.0104198
0.0116978
0.0130359
0.0144338
0.0158911
0.0174068
0.01898
0.0206092
0.0222928
0.0240289
0.0258153
0.0276497
0.0295292
0.031451
0.033412
0.0354089
0.0374381
0.0394959
0.0415785
0.043682
0.0458021
0.0479348
0.0500757
0.0522205
0.0543648
0.0565042
0.0586342
0.0607505
0.0628488
0.0649246
0.0669737
0.0689921
0.0709756
0.0729202
0.0748223
0.0766782
0.0784843
0.0802374
0.0819343
0.0835721
0.085148
0.0866595
0.0881044
0.0894804
0.0907857
0.0920187
0.0931779
0.094262
0.0952702
0.0962016
0.0970557
0.0978321
0.0985307
0.0991515
0.0996948
0.100161
0.100551
0.100865
0.101104
0.10127
0.101363
0.101385
0.101338
0.101223
0.101041
0.100794
0.100484
0.100114
0.0996852
0.0991994
0.098659
0.0980662
0.097423
0.0967317
0.0959945
0.0952136
0.0943913
0.0935297
0.092631
0.0916974
0.090731
0.089734
0.0887085
0.0876565
0.0865801
0.0854812
0.0843618
0.0832237
0.0820688
0.0808989
0.0797156
0.0785208
0.077316
0.0761028
0.0748827
0.0736571
0.0724275
0.0711951
0.0699614
0.0687274
0.0674945
0.0662637
0.065036
0.0638126
0.0625943
0.0613821
0.0601768
0.0589793
0.0577902
0.0566104
0.0554406
0.0542812
0.0531329
0.0519964
0.0508719
0.0497602
0.0486614
0.0475762
0.0465047
0.0454474
0.0444046
0.0433764
0.0423631
0.041365
0.0403822
0.0394149
0.0384631
0.0375271
0.0366068
0.0357023
0.0348137
0.033941
0.0330842
0.0322433
0.0314182
0.0306089
0.0298153
0.0290374
0.0282751
0.0275283
0.0267968
0.0260805
0.0253793
0.0246931
0.0240218
0.0233651
0.0227228
0.022095
0.0214812
0.0208814
0.0202954
0.019723
0.019164
0.0186182
0.0180854
0.0175654
0.017058
0.016563
0.0160801
0.0156092
0.0151501
0.0147025
0.0142662
0.0138411
0.0134268
0.0130233
0.0126302
0.0122475
0.0118748
0.0115119
0.0111588
0.010815
0.0104806
0.0101552
0.00983867
0.0095308
0.00923141
0.0089403
0.00865728
0.00838218
0.0081148
0.00785497
0.0076025
0.00735723
0.00711899
0.00688759
0.00666288
0.00644469
0.00623287
0.00602724
0.00582767
0.00563399
0.00544606
0.00526373
0.00508685
0.00491529
0.00474891
0.00458757
0.00443114
0.00427949
0.00413249
0.00399003
0.00385197
0.0037182
0.0035886
0.00346306
0.00334146
0.00322371
0.00310968
0.00299929
0.00289242
0.00278899
0.00268888
0.00259201
0.00249829
0.00240762
0.00231992
0.0022351
0.00215308
0.00207378
0.00199711
0.001923
0.00185138
0.00178217
0.0017153
0.0016507
0.0015883
0.00152803
0.00146984
0.00141365
0.00135941
0.00130705
0.00125652
0.00120776
0.00116072
0.00111534
0.00107157
0.00102936
0.000988665
0.000949428
0.000911607
0.000875155
0.00084003
0.000806187
0.000773585
0.000742184
0.000711944
0.000682827
0.000654795
0.000627813
0.000601846
0.000576859
0.000552819
0.000529694
0.000507453
0.000486066
0.000465503
0.000445736
0.000426737
0.00040848
0.000390938
0.000374087
0.000357901
0.000342358
0.000327434
0.000313108
0.000299357
0.00028616
0.000273499
0.000261352
0.000249702
0.00023853
0.000227818
0.000217549
0.000207706
0.000198274
0.000189237
0.00018058
0.000172288
0.000164348
0.000156746
0.000149469
0.000142504
0.00013584
0.000129464
0.000123365
0.000117532
0.000111954
0.000106622
0.000101525
9.66543e-05
9.20004e-05
8.75545e-05
8.33082e-05
7.92532e-05
7.53817e-05
7.1686e-05
6.81588e-05
6.47932e-05
6.15822e-05
5.85195e-05
5.55987e-05
5.28138e-05
5.01589e-05
4.76285e-05
4.52173e-05
4.292e-05
4.07317e-05
3.86476e-05
3.66632e-05
3.4774e-05
3.29759e-05
3.12648e-05
2.96368e-05
2.80882e-05
2.66153e-05
2.52149e-05
2.38835e-05
2.2618e-05
2.14154e-05
2.02729e-05
1.91875e-05
1.81567e-05
1.71779e-05
1.62487e-05
1.53668e-05
1.45299e-05
1.37358e-05
1.29826e-05
1.22683e-05
1.15909e-05
1.09488e-05
1.03403e-05
9.76355e-06
9.21718e-06
8.69964e-06
8.20952e-06
7.74547e-06
7.30618e-06
6.89042e-06
6.49701e-06
6.12483e-06
5.77281e-06
5.43992e-06
5.12519e-06
4.82769e-06
4.54654e-06
4.28089e-06
4.02995e-06
3.79295e-06
3.56917e-06
3.35791e-06
3.15852e-06
2.97036e-06
2.79286e-06
2.62544e-06
2.46757e-06
2.31874e-06
2.17846e-06
2.04629e-06
1.92178e-06
1.80452e-06
1.69412e-06
1.59023e-06
1.49248e-06
1.40055e-06
1.31413e-06
1.23294e-06
1.1567e-06
1.08516e-06
1.01808e-06
9.55243e-07
8.96451e-07
8.41521e-07
7.90288e-07
7.42607e-07
6.98353e-07
6.5742e-07
6.19726e-07
5.8521e-07
5.53837e-07
5.25599e-07
5.00514e-07
4.78631e-07
4.60031e-07
4.44824e-07
4.3315e-07
4.25171e-07
4.21085e-07
0.000288739
0.000919249
0.00161114
0.00235988
0.00316414
0.00402468
0.00494198
0.00591641
0.00694843
0.00803848
0.00918696
0.0103941
0.0116601
0.0129847
0.0143676
0.0158083
0.0173059
0.0188592
0.0204669
0.0221273
0.0238385
0.0255982
0.027404
0.0292532
0.031143
0.0330702
0.0350315
0.0370233
0.0390421
0.041084
0.0431451
0.0452213
0.0473085
0.0494025
0.051499
0.0535937
0.0556822
0.0577603
0.0598236
0.0618679
0.063889
0.0658828
0.0678451
0.0697722
0.0716601
0.0735052
0.0753039
0.077053
0.0787492
0.0803896
0.0819712
0.0834915
0.0849482
0.0863389
0.0876617
0.0889148
0.0900968
0.0912061
0.0922419
0.093203
0.094089
0.0948992
0.0956334
0.0962916
0.0968738
0.0973804
0.0978118
0.0981687
0.098452
0.0986625
0.0988014
0.09887
0.0988697
0.0988024
0.0986688
0.0984708
0.0982102
0.097889
0.097509
0.0970722
0.0965808
0.0960367
0.0954421
0.0947991
0.0941098
0.0933765
0.0926013
0.0917863
0.0909337
0.0900456
0.0891242
0.0881715
0.0871897
0.0861807
0.0851466
0.0840893
0.0830107
0.0819127
0.0807971
0.0796658
0.0785203
0.0773625
0.0761939
0.0750161
0.0738306
0.0726389
0.0714423
0.0702422
0.06904
0.0678368
0.0666338
0.0654321
0.0642329
0.0630372
0.0618458
0.0606598
0.05948
0.0583073
0.0571424
0.055986
0.0548388
0.0537015
0.0525747
0.0514589
0.0503546
0.0492624
0.0481826
0.0471157
0.046062
0.0450219
0.0439957
0.0429836
0.041986
0.041003
0.0400347
0.0390815
0.0381434
0.0372205
0.0363129
0.0354207
0.0345439
0.0336827
0.0328369
0.0320066
0.0311917
0.0303923
0.0296083
0.0288395
0.028086
0.0273477
0.0266243
0.025916
0.0252224
0.0245435
0.0238791
0.0232291
0.0225934
0.0219717
0.0213639
0.0207699
0.0201894
0.0196223
0.0190684
0.0185274
0.0179993
0.0174837
0.0169806
0.0164897
0.0160108
0.0155436
0.0150881
0.014644
0.014211
0.013789
0.0133778
0.0129772
0.0125869
0.0122068
0.0118366
0.0114762
0.0111253
0.0107838
0.0104515
0.0101281
0.00981345
0.0095074
0.00920974
0.00892028
0.00863884
0.00836523
0.00809927
0.00784079
0.00758961
0.00734556
0.00710847
0.00687817
0.0066545
0.0064373
0.00622641
0.00602167
0.00582293
0.00563004
0.00544285
0.00526121
0.005085
0.00491406
0.00474826
0.00458747
0.00443155
0.00428038
0.00413383
0.00399179
0.00385412
0.00372071
0.00359145
0.00346622
0.00334491
0.00322742
0.00311365
0.00300348
0.00289681
0.00279356
0.00269362
0.0025969
0.00250331
0.00241277
0.00232517
0.00224044
0.0021585
0.00207926
0.00200265
0.00192859
0.001857
0.00178781
0.00172096
0.00165636
0.00159396
0.00153368
0.00147547
0.00141925
0.00136498
0.00131259
0.00126202
0.00121321
0.00116612
0.00112068
0.00107685
0.00103458
0.000993814
0.000954508
0.000916613
0.000880087
0.000844884
0.000810961
0.000778279
0.000746795
0.000716471
0.000687269
0.000659151
0.000632083
0.000606028
0.000580953
0.000556825
0.000533612
0.000511283
0.000489808
0.000469158
0.000449303
0.000430218
0.000411875
0.000394247
0.000377311
0.000361042
0.000345416
0.00033041
0.000316002
0.000302171
0.000288896
0.000276157
0.000263934
0.000252208
0.000240962
0.000230177
0.000219837
0.000209924
0.000200423
0.000191319
0.000182596
0.00017424
0.000166237
0.000158573
0.000151236
0.000144213
0.000137491
0.000131059
0.000124905
0.000119019
0.000113389
0.000108007
0.000102861
9.79421e-05
9.32418e-05
8.87508e-05
8.44606e-05
8.0363e-05
7.64501e-05
7.27143e-05
6.91482e-05
6.57449e-05
6.24974e-05
5.93993e-05
5.64442e-05
5.36261e-05
5.09391e-05
4.83777e-05
4.59364e-05
4.36101e-05
4.13938e-05
3.92826e-05
3.72721e-05
3.53577e-05
3.35352e-05
3.18007e-05
3.015e-05
2.85796e-05
2.70857e-05
2.5665e-05
2.43141e-05
2.30299e-05
2.18093e-05
2.06494e-05
1.95473e-05
1.85005e-05
1.75063e-05
1.65623e-05
1.56662e-05
1.48156e-05
1.40084e-05
1.32426e-05
1.25163e-05
1.18274e-05
1.11742e-05
1.0555e-05
9.96812e-06
9.41201e-06
8.88515e-06
8.38611e-06
7.91352e-06
7.46606e-06
7.04249e-06
6.64162e-06
6.26231e-06
5.90347e-06
5.56407e-06
5.24312e-06
4.93969e-06
4.65287e-06
4.38183e-06
4.12573e-06
3.88382e-06
3.65535e-06
3.43962e-06
3.23597e-06
3.04376e-06
2.8624e-06
2.6913e-06
2.52992e-06
2.37775e-06
2.2343e-06
2.0991e-06
1.97171e-06
1.8517e-06
1.73869e-06
1.6323e-06
1.53217e-06
1.43797e-06
1.34939e-06
1.26612e-06
1.18788e-06
1.11443e-06
1.0455e-06
9.80876e-07
9.20346e-07
8.63719e-07
8.10817e-07
7.61485e-07
7.15582e-07
6.72988e-07
6.33604e-07
5.97349e-07
5.64168e-07
5.34027e-07
5.06918e-07
4.82861e-07
4.61902e-07
4.44117e-07
4.29609e-07
4.18504e-07
4.10945e-07
4.07096e-07
)
;

boundaryField
{
    frontAndBack
    {
        type            empty;
    }
    inlet
    {
        type            uniformFixedValue;
        uniformValue    
        {
            type            table;
            values          
4
(
(0 0)
(0.05 1)
(0.1 1)
(0.15 0)
)
;
        }
        value           uniform 0;
    }
    outlet
    {
        type            zeroGradient;
    }
    substrate
    {
        type            firstorder;
        value           nonuniform List<scalar> 
400
(
0.00028732
0.000914493
0.0016025
0.00234682
0.00314612
0.00400116
0.0049124
0.00588019
0.00690495
0.00798712
0.00912706
0.010325
0.011581
0.012895
0.0142665
0.015695
0.0171796
0.0187192
0.0203123
0.0219573
0.0236522
0.0253948
0.0271827
0.0290131
0.0308833
0.03279
0.0347301
0.0366999
0.0386959
0.0407143
0.0427511
0.0448024
0.0468641
0.0489319
0.0510017
0.0530691
0.05513
0.05718
0.0592148
0.0612304
0.0632225
0.065187
0.0671201
0.0690177
0.0708762
0.072692
0.0744616
0.0761816
0.0778491
0.079461
0.0810145
0.0825072
0.0839366
0.0853007
0.0865975
0.0878253
0.0889826
0.090068
0.0910806
0.0920195
0.092884
0.0936737
0.0943884
0.095028
0.0955926
0.0960826
0.0964985
0.096841
0.0971108
0.0973091
0.0974368
0.0974953
0.0974859
0.0974108
0.0972704
0.0970666
0.0968014
0.0964766
0.096094
0.0956558
0.0951638
0.0946203
0.0940271
0.0933866
0.0927007
0.0919716
0.0912015
0.0903925
0.0895467
0.0886662
0.0877532
0.0868096
0.0858375
0.0848389
0.0838159
0.0827702
0.0817038
0.0806186
0.0795163
0.0783986
0.0772674
0.0761241
0.0749705
0.073808
0.0726381
0.0714623
0.0702819
0.0690983
0.0679127
0.0667263
0.0655403
0.0643559
0.0631739
0.0619955
0.0608216
0.0596531
0.0584909
0.0573357
0.0561883
0.0550495
0.0539198
0.0528
0.0516905
0.050592
0.049505
0.0484299
0.0473671
0.0463171
0.0452801
0.0442566
0.0432468
0.042251
0.0412695
0.0403024
0.0393499
0.0384121
0.0374893
0.0365816
0.0356889
0.0348114
0.0339492
0.0331022
0.0322704
0.0314539
0.0306527
0.0298666
0.0290957
0.0283399
0.0275991
0.0268732
0.0261621
0.0254657
0.0247839
0.0241165
0.0234634
0.0228245
0.0221996
0.0215885
0.0209911
0.0204073
0.0198367
0.0192794
0.0187349
0.0182033
0.0176843
0.0171776
0.0166832
0.0162007
0.0157301
0.0152711
0.0148234
0.014387
0.0139615
0.0135469
0.0131428
0.0127491
0.0123656
0.0119921
0.0116284
0.0112743
0.0109295
0.010594
0.0102674
0.00994971
0.00964059
0.00933989
0.00904744
0.00876305
0.00848654
0.00821772
0.00795643
0.00770248
0.00745571
0.00721594
0.00698302
0.00675676
0.00653702
0.00632364
0.00611645
0.00591531
0.00572007
0.00553057
0.00534668
0.00516824
0.00499513
0.0048272
0.00466432
0.00450636
0.0043532
0.00420469
0.00406073
0.00392118
0.00378594
0.00365489
0.00352791
0.00340489
0.00328573
0.00317031
0.00305854
0.00295032
0.00284554
0.00274411
0.00264594
0.00255093
0.00245899
0.00237004
0.002284
0.00220077
0.00212027
0.00204244
0.00196718
0.00189443
0.0018241
0.00175614
0.00169047
0.00162701
0.00156571
0.0015065
0.00144932
0.0013941
0.00134079
0.00128932
0.00123965
0.00119171
0.00114545
0.00110082
0.00105776
0.00101624
0.000976195
0.000937584
0.000900361
0.000864481
0.000829902
0.00079658
0.000764477
0.000733551
0.000703764
0.000675079
0.00064746
0.000620871
0.000595278
0.000570647
0.000546947
0.000524145
0.000502212
0.000481118
0.000460833
0.000441331
0.000422584
0.000404566
0.000387251
0.000370615
0.000354634
0.000339285
0.000324545
0.000310393
0.000296807
0.000283767
0.000271254
0.000259248
0.00024773
0.000236684
0.00022609
0.000215933
0.000206196
0.000196864
0.000187922
0.000179353
0.000171146
0.000163285
0.000155757
0.00014855
0.000141651
0.000135048
0.00012873
0.000122686
0.000116904
0.000111375
0.000106087
0.000101033
9.62017e-05
9.15848e-05
8.71735e-05
8.29595e-05
7.89346e-05
7.50912e-05
7.14218e-05
6.7919e-05
6.45761e-05
6.13863e-05
5.83432e-05
5.54406e-05
5.26726e-05
5.00333e-05
4.75174e-05
4.51195e-05
4.28345e-05
4.06575e-05
3.85839e-05
3.66091e-05
3.47287e-05
3.29387e-05
3.12349e-05
2.96136e-05
2.80711e-05
2.66038e-05
2.52083e-05
2.38815e-05
2.26201e-05
2.14212e-05
2.02818e-05
1.91994e-05
1.81712e-05
1.71947e-05
1.62675e-05
1.53872e-05
1.45518e-05
1.3759e-05
1.30068e-05
1.22934e-05
1.16167e-05
1.09752e-05
1.0367e-05
9.79057e-06
9.24435e-06
8.72687e-06
8.23671e-06
7.77253e-06
7.33304e-06
6.91701e-06
6.52327e-06
6.15071e-06
5.79826e-06
5.4649e-06
5.14967e-06
4.85164e-06
4.56993e-06
4.30371e-06
4.05218e-06
3.81457e-06
3.59017e-06
3.37829e-06
3.17826e-06
2.98948e-06
2.81135e-06
2.6433e-06
2.4848e-06
2.33534e-06
2.19444e-06
2.06165e-06
1.93653e-06
1.81866e-06
1.70767e-06
1.60317e-06
1.50483e-06
1.41231e-06
1.3253e-06
1.24352e-06
1.16668e-06
1.09453e-06
1.02683e-06
9.63362e-07
9.03913e-07
8.48295e-07
7.96337e-07
7.47885e-07
7.02801e-07
6.60967e-07
6.22285e-07
5.86678e-07
5.54088e-07
5.24485e-07
4.9786e-07
4.74232e-07
4.53647e-07
4.36179e-07
4.2193e-07
4.11026e-07
4.03614e-07
3.99842e-07
)
;
    }
    Wall
    {
        type            firstorder;
        value           nonuniform List<scalar> 
400
(
0.000287308
0.000914466
0.00160246
0.00234678
0.00314606
0.00400107
0.00491227
0.00588001
0.00690471
0.00798681
0.00912667
0.0103245
0.0115804
0.0128943
0.0142657
0.0156941
0.0171786
0.018718
0.020311
0.0219558
0.0236505
0.025393
0.0271807
0.029011
0.0308811
0.0327876
0.0347275
0.0366972
0.038693
0.0407112
0.0427479
0.0447991
0.0468606
0.0489283
0.0509979
0.0530652
0.0551259
0.0571758
0.0592105
0.0612259
0.0632179
0.0651823
0.0671153
0.0690128
0.0708712
0.0726869
0.0744564
0.0761763
0.0778437
0.0794555
0.081009
0.0825016
0.083931
0.0852951
0.0865919
0.0878196
0.0889769
0.0900623
0.091075
0.0920139
0.0928784
0.0936681
0.0943829
0.0950225
0.0955872
0.0960773
0.0964932
0.0968358
0.0971057
0.097304
0.0974318
0.0974904
0.0974812
0.0974061
0.0972657
0.0970621
0.096797
0.0964723
0.0960898
0.0956517
0.0951599
0.0946164
0.0940234
0.093383
0.0926972
0.0919682
0.0911983
0.0903894
0.0895437
0.0886633
0.0877503
0.0868069
0.0858349
0.0848364
0.0838135
0.0827679
0.0817016
0.0806165
0.0795142
0.0783967
0.0772655
0.0761224
0.0749688
0.0738064
0.0726366
0.0714609
0.0702806
0.0690971
0.0679116
0.0667253
0.0655394
0.0643549
0.0631731
0.0619947
0.0608209
0.0596525
0.0584903
0.0573351
0.0561878
0.055049
0.0539194
0.0527996
0.0516902
0.0505918
0.0495048
0.0484297
0.0473669
0.0463169
0.04528
0.0442565
0.0432468
0.042251
0.0412695
0.0403024
0.0393499
0.0384122
0.0374894
0.0365817
0.035689
0.0348116
0.0339493
0.0331023
0.0322706
0.0314541
0.0306529
0.0298669
0.029096
0.0283402
0.0275994
0.0268734
0.0261624
0.025466
0.0247841
0.0241168
0.0234637
0.0228248
0.0221999
0.0215888
0.0209914
0.0204076
0.019837
0.0192797
0.0187352
0.0182036
0.0176846
0.0171779
0.0166835
0.016201
0.0157304
0.0152714
0.0148237
0.0143873
0.0139618
0.0135472
0.0131431
0.0127494
0.0123659
0.0119924
0.0116287
0.0112745
0.0109298
0.0105942
0.0102677
0.00994995
0.00964083
0.00934013
0.00904768
0.00876328
0.00848676
0.00821794
0.00795665
0.0077027
0.00745592
0.00721615
0.00698322
0.00675696
0.00653722
0.00632383
0.00611664
0.0059155
0.00572025
0.00553075
0.00534685
0.00516841
0.00499529
0.00482736
0.00466448
0.00450652
0.00435335
0.00420484
0.00406087
0.00392133
0.00378608
0.00365502
0.00352804
0.00340502
0.00328585
0.00317043
0.00305866
0.00295043
0.00284565
0.00274422
0.00264604
0.00255103
0.0024591
0.00237014
0.00228409
0.00220086
0.00212037
0.00204253
0.00196727
0.00189451
0.00182419
0.00175622
0.00169055
0.00162709
0.00156579
0.00150658
0.00144939
0.00139417
0.00134086
0.00128939
0.00123971
0.00119177
0.00114551
0.00110087
0.00105782
0.00101629
0.000976248
0.000937635
0.000900411
0.00086453
0.000829949
0.000796626
0.000764521
0.000733593
0.000703805
0.000675119
0.000647499
0.000620909
0.000595314
0.000570682
0.000546981
0.000524178
0.000502244
0.000481149
0.000460863
0.00044136
0.000422612
0.000404593
0.000387277
0.00037064
0.000354659
0.000339309
0.000324568
0.000310415
0.000296828
0.000283788
0.000271274
0.000259267
0.000247749
0.000236701
0.000226107
0.00021595
0.000206212
0.00019688
0.000187936
0.000179368
0.000171159
0.000163298
0.00015577
0.000148562
0.000141663
0.00013506
0.000128741
0.000122696
0.000116914
0.000111384
0.000106097
0.000101042
9.62104e-05
9.15931e-05
8.71815e-05
8.29672e-05
7.8942e-05
7.50983e-05
7.14286e-05
6.79256e-05
6.45824e-05
6.13924e-05
5.8349e-05
5.54462e-05
5.26779e-05
5.00384e-05
4.75223e-05
4.51242e-05
4.2839e-05
4.06618e-05
3.8588e-05
3.6613e-05
3.47325e-05
3.29423e-05
3.12384e-05
2.96169e-05
2.80742e-05
2.66068e-05
2.52112e-05
2.38842e-05
2.26227e-05
2.14237e-05
2.02843e-05
1.92017e-05
1.81734e-05
1.71968e-05
1.62695e-05
1.53892e-05
1.45536e-05
1.37607e-05
1.30085e-05
1.22949e-05
1.16182e-05
1.09766e-05
1.03684e-05
9.79186e-06
9.24559e-06
8.72804e-06
8.23783e-06
7.77359e-06
7.33405e-06
6.91797e-06
6.52419e-06
6.15158e-06
5.79908e-06
5.46569e-06
5.15041e-06
4.85235e-06
4.5706e-06
4.30435e-06
4.05278e-06
3.81514e-06
3.59071e-06
3.3788e-06
3.17875e-06
2.98994e-06
2.81178e-06
2.64371e-06
2.48519e-06
2.33571e-06
2.1948e-06
2.06198e-06
1.93684e-06
1.81896e-06
1.70795e-06
1.60344e-06
1.50508e-06
1.41255e-06
1.32553e-06
1.24373e-06
1.16688e-06
1.09472e-06
1.02701e-06
9.63532e-07
9.04073e-07
8.48447e-07
7.96481e-07
7.4802e-07
7.02929e-07
6.61088e-07
6.224e-07
5.86787e-07
5.54192e-07
5.24584e-07
4.97955e-07
4.74323e-07
4.53735e-07
4.36264e-07
4.22013e-07
4.11104e-07
4.03679e-07
3.99897e-07
)
;
    }
}


// ************************************************************************* //
