/*--------------------------------*- C++ -*----------------------------------*\
  =========                 |
  \\      /  F ield         | OpenFOAM: The Open Source CFD Toolbox
   \\    /   O peration     | Website:  https://openfoam.org
    \\  /    A nd           | Version:  dev
     \\/     M anipulation  |
\*---------------------------------------------------------------------------*/
FoamFile
{
    format      ascii;
    class       volScalarField;
    location    "0.24";
    object      N1;
}
// * * * * * * * * * * * * * * * * * * * * * * * * * * * * * * * * * * * * * //

dimensions      [0 0 0 0 0 0 0];

internalField   nonuniform List<scalar> 
8000
(
6.44817e-06
2.05389e-05
3.60339e-05
5.28587e-05
7.10139e-05
9.05506e-05
0.000111516
0.000133961
0.00015794
0.000183513
0.000210742
0.000239692
0.000270428
0.000303016
0.00033752
0.000374005
0.000412532
0.000453163
0.000495958
0.000540973
0.000588263
0.000637881
0.000689878
0.000744302
0.000801199
0.000860611
0.000922581
0.000987146
0.00105434
0.0011242
0.00119675
0.00127202
0.00135003
0.00143081
0.00151437
0.00160073
0.00168988
0.00178186
0.00187664
0.00197425
0.00207466
0.00217788
0.0022839
0.00239269
0.00250423
0.00261851
0.0027355
0.00285516
0.00297746
0.00310236
0.00322982
0.00335978
0.0034922
0.00362701
0.00376417
0.0039036
0.00404523
0.004189
0.00433483
0.00448263
0.00463233
0.00478383
0.00493705
0.00509189
0.00524826
0.00540604
0.00556514
0.00572545
0.00588686
0.00604926
0.00621252
0.00637653
0.00654118
0.00670633
0.00687186
0.00703764
0.00720355
0.00736946
0.00753523
0.00770073
0.00786582
0.00803038
0.00819426
0.00835733
0.00851945
0.00868049
0.00884032
0.00899879
0.00915577
0.00931113
0.00946473
0.00961645
0.00976615
0.0099137
0.010059
0.0102019
0.0103422
0.0104799
0.0106149
0.010747
0.0108761
0.0110021
0.0111249
0.0112443
0.0113604
0.011473
0.011582
0.0116873
0.0117888
0.0118865
0.0119803
0.01207
0.0121558
0.0122374
0.0123148
0.012388
0.0124569
0.0125214
0.0125816
0.0126375
0.0126888
0.0127358
0.0127782
0.0128162
0.0128497
0.0128787
0.0129032
0.0129232
0.0129387
0.0129497
0.0129562
0.0129584
0.0129561
0.0129495
0.0129385
0.0129232
0.0129036
0.0128798
0.0128519
0.0128198
0.0127837
0.0127436
0.0126996
0.0126518
0.0126001
0.0125448
0.0124858
0.0124233
0.0123573
0.0122879
0.0122152
0.0121393
0.0120603
0.0119783
0.0118933
0.0118055
0.011715
0.0116218
0.011526
0.0114278
0.0113273
0.0112245
0.0111195
0.0110125
0.0109035
0.0107927
0.0106801
0.0105659
0.0104501
0.0103329
0.0102143
0.0100944
0.00997338
0.00985128
0.00972821
0.00960424
0.00947949
0.00935403
0.00922796
0.00910137
0.00897433
0.00884693
0.00871926
0.00859139
0.00846341
0.00833539
0.00820741
0.00807954
0.00795184
0.0078244
0.00769727
0.00757052
0.00744422
0.00731842
0.00719319
0.00706858
0.00694464
0.00682143
0.006699
0.0065774
0.00645666
0.00633685
0.00621799
0.00610014
0.00598332
0.00586757
0.00575293
0.00563943
0.0055271
0.00541597
0.00530606
0.00519741
0.00509002
0.00498393
0.00487915
0.0047757
0.0046736
0.00457286
0.0044735
0.00437552
0.00427893
0.00418376
0.00408999
0.00399764
0.00390671
0.00381721
0.00372914
0.0036425
0.00355728
0.00347349
0.00339113
0.00331019
0.00323066
0.00315255
0.00307584
0.00300054
0.00292662
0.00285409
0.00278293
0.00271314
0.0026447
0.0025776
0.00251184
0.00244739
0.00238425
0.0023224
0.00226183
0.00220253
0.00214447
0.00208766
0.00203206
0.00197767
0.00192447
0.00187244
0.00182157
0.00177184
0.00172324
0.00167575
0.00162934
0.00158402
0.00153975
0.00149652
0.00145431
0.00141311
0.0013729
0.00133367
0.00129539
0.00125805
0.00122163
0.00118611
0.00115148
0.00111773
0.00108483
0.00105276
0.00102152
0.000991081
0.000961433
0.000932557
0.000904438
0.000877061
0.000850409
0.000824468
0.000799221
0.000774655
0.000750753
0.000727503
0.000704888
0.000682895
0.000661509
0.000640717
0.000620506
0.00060086
0.000581769
0.000563217
0.000545193
0.000527684
0.000510677
0.00049416
0.000478121
0.000462549
0.000447432
0.000432758
0.000418516
0.000404696
0.000391286
0.000378277
0.000365657
0.000353417
0.000341547
0.000330036
0.000318877
0.000308058
0.000297572
0.000287409
0.000277561
0.000268019
0.000258774
0.000249818
0.000241145
0.000232745
0.000224611
0.000216735
0.000209111
0.000201732
0.000194589
0.000187677
0.00018099
0.000174519
0.00016826
0.000162206
0.000156351
0.000150689
0.000145215
0.000139923
0.000134807
0.000129863
0.000125084
0.000120467
0.000116007
0.000111697
0.000107535
0.000103515
9.96333e-05
9.58852e-05
9.22668e-05
8.87739e-05
8.54026e-05
8.21492e-05
7.901e-05
7.59812e-05
7.30594e-05
7.02413e-05
6.75234e-05
6.49026e-05
6.23757e-05
5.99397e-05
5.75916e-05
5.53287e-05
5.31481e-05
5.10471e-05
4.90231e-05
4.70736e-05
4.51962e-05
4.33884e-05
4.1648e-05
3.99728e-05
3.83607e-05
3.68095e-05
3.53173e-05
3.38822e-05
3.25023e-05
3.11759e-05
2.99013e-05
2.86768e-05
2.75011e-05
2.63726e-05
2.529e-05
2.42519e-05
2.32574e-05
2.23052e-05
2.13945e-05
2.05243e-05
1.9694e-05
1.89031e-05
1.8151e-05
1.74375e-05
1.67626e-05
1.61263e-05
1.55291e-05
1.49714e-05
1.44541e-05
1.39784e-05
1.35458e-05
1.31579e-05
1.2817e-05
1.25255e-05
1.22862e-05
1.21022e-05
1.19767e-05
1.19127e-05
6.31703e-06
2.02474e-05
3.5613e-05
5.23823e-05
7.05429e-05
9.01248e-05
0.000111168
0.00013372
0.000157834
0.000183571
0.000210994
0.000240169
0.000271162
0.000304041
0.000338873
0.000375724
0.000414657
0.000455738
0.000499026
0.000544582
0.000592462
0.000642722
0.000695415
0.000750592
0.0008083
0.000868585
0.000931491
0.000997058
0.00106532
0.00113632
0.00121009
0.00128665
0.00136603
0.00144826
0.00153335
0.00162131
0.00171217
0.00180593
0.0019026
0.00200217
0.00210465
0.00221003
0.00231829
0.00242943
0.00254343
0.00266025
0.00277989
0.0029023
0.00302745
0.0031553
0.00328581
0.00341892
0.0035546
0.00369277
0.00383339
0.00397638
0.00412167
0.0042692
0.00441888
0.00457063
0.00472437
0.00488002
0.00503746
0.00519662
0.00535739
0.00551966
0.00568333
0.00584828
0.00601442
0.00618161
0.00634973
0.00651868
0.00668832
0.00685852
0.00702916
0.0072001
0.00737121
0.00754237
0.00771342
0.00788424
0.00805468
0.00822461
0.00839388
0.00856236
0.00872991
0.00889637
0.00906162
0.00922552
0.00938791
0.00954867
0.00970765
0.00986473
0.0100198
0.0101726
0.0103231
0.0104712
0.0106167
0.0107595
0.0108995
0.0110366
0.0111706
0.0113014
0.011429
0.0115532
0.0116738
0.0117909
0.0119043
0.0120139
0.0121196
0.0122214
0.0123192
0.0124128
0.0125023
0.0125875
0.0126684
0.012745
0.0128172
0.0128849
0.0129481
0.0130067
0.0130608
0.0131103
0.0131552
0.0131955
0.0132311
0.0132621
0.0132884
0.0133101
0.0133271
0.0133395
0.0133473
0.0133505
0.0133492
0.0133434
0.0133331
0.0133183
0.013299
0.0132754
0.0132476
0.0132154
0.0131791
0.0131386
0.0130941
0.0130455
0.0129931
0.0129368
0.0128768
0.0128131
0.0127457
0.0126749
0.0126006
0.0125231
0.0124422
0.0123583
0.0122713
0.0121813
0.0120885
0.0119929
0.0118947
0.011794
0.0116907
0.0115852
0.0114774
0.0113675
0.0112555
0.0111416
0.0110259
0.0109084
0.0107893
0.0106687
0.0105467
0.0104234
0.0102988
0.0101731
0.0100464
0.00991877
0.0097903
0.00966109
0.00953122
0.0094008
0.00926991
0.00913864
0.00900706
0.00887528
0.00874336
0.00861138
0.00847943
0.00834759
0.00821591
0.00808448
0.00795337
0.00782264
0.00769236
0.00756258
0.00743339
0.00730482
0.00717694
0.0070498
0.00692345
0.00679796
0.00667335
0.00654968
0.006427
0.00630534
0.00618474
0.00606524
0.00594688
0.0058297
0.00571371
0.00559895
0.00548546
0.00537325
0.00526234
0.00515277
0.00504455
0.0049377
0.00483224
0.00472817
0.00462553
0.00452431
0.00442453
0.0043262
0.00422932
0.0041339
0.00403995
0.00394747
0.00385646
0.00376693
0.00367887
0.00359228
0.00350716
0.00342351
0.00334132
0.00326059
0.0031813
0.00310347
0.00302706
0.00295209
0.00287854
0.00280639
0.00273564
0.00266628
0.00259829
0.00253166
0.00246638
0.00240244
0.00233981
0.0022785
0.00221847
0.00215973
0.00210224
0.002046
0.00199099
0.00193719
0.00188458
0.00183316
0.0017829
0.00173378
0.00168579
0.00163892
0.00159313
0.00154842
0.00150477
0.00146216
0.00142058
0.00138
0.0013404
0.00130178
0.00126411
0.00122737
0.00119155
0.00115664
0.0011226
0.00108943
0.00105712
0.00102563
0.000994959
0.000965087
0.000935998
0.000907676
0.000880103
0.000853265
0.000827146
0.00080173
0.000777002
0.000752947
0.000729549
0.000706794
0.000684667
0.000663155
0.000642242
0.000621916
0.000602161
0.000582966
0.000564316
0.000546198
0.0005286
0.000511509
0.000494912
0.000478798
0.000463155
0.00044797
0.000433232
0.00041893
0.000405053
0.00039159
0.00037853
0.000365863
0.000353578
0.000341666
0.000330117
0.00031892
0.000308068
0.000297549
0.000287357
0.00027748
0.000267912
0.000258643
0.000249666
0.000240971
0.000232552
0.000224401
0.000216509
0.000208871
0.000201478
0.000194323
0.000187401
0.000180703
0.000174224
0.000167957
0.000161896
0.000156035
0.000150368
0.00014489
0.000139594
0.000134475
0.000129529
0.000124749
0.000120131
0.00011567
0.000111361
0.000107199
0.00010318
9.92997e-05
9.55534e-05
9.19371e-05
8.84467e-05
8.50783e-05
8.1828e-05
7.8692e-05
7.56669e-05
7.27489e-05
6.99348e-05
6.72211e-05
6.46046e-05
6.20823e-05
5.9651e-05
5.73077e-05
5.50497e-05
5.28741e-05
5.07782e-05
4.87594e-05
4.68153e-05
4.49432e-05
4.31409e-05
4.14061e-05
3.97365e-05
3.81301e-05
3.65847e-05
3.50984e-05
3.36692e-05
3.22954e-05
3.09752e-05
2.9707e-05
2.84892e-05
2.73202e-05
2.61987e-05
2.51233e-05
2.40929e-05
2.31064e-05
2.21627e-05
2.12609e-05
2.04004e-05
1.95805e-05
1.88008e-05
1.8061e-05
1.73609e-05
1.67008e-05
1.60809e-05
1.55018e-05
1.49643e-05
1.44697e-05
1.40195e-05
1.36154e-05
1.32598e-05
1.29552e-05
1.27046e-05
1.25112e-05
1.23788e-05
1.23108e-05
6.19917e-06
1.9885e-05
3.49675e-05
5.14816e-05
6.94408e-05
8.8868e-05
0.000109797
0.000132269
0.000156337
0.000182058
0.000209494
0.000238711
0.000269777
0.00030276
0.000337727
0.000374745
0.000413882
0.000455201
0.000498766
0.000544637
0.000592874
0.000643535
0.000696673
0.000752343
0.000810593
0.000871473
0.000935027
0.0010013
0.00107033
0.00114215
0.0012168
0.00129432
0.00137472
0.00145803
0.00154428
0.00163349
0.00172566
0.00182081
0.00191894
0.00202007
0.00212418
0.00223127
0.00234134
0.00245438
0.00257035
0.00268925
0.00281105
0.00293572
0.00306322
0.00319351
0.00332656
0.00346231
0.00360071
0.0037417
0.00388524
0.00403124
0.00417963
0.00433036
0.00448333
0.00463847
0.00479569
0.00495489
0.00511599
0.00527889
0.00544348
0.00560966
0.00577731
0.00594634
0.00611661
0.00628802
0.00646043
0.00663373
0.00680779
0.00698247
0.00715765
0.00733319
0.00750895
0.0076848
0.0078606
0.00803619
0.00821146
0.00838623
0.00856039
0.00873377
0.00890624
0.00907764
0.00924784
0.00941669
0.00958404
0.00974976
0.00991369
0.0100757
0.0102356
0.0103934
0.0105488
0.0107017
0.0108521
0.0109996
0.0111444
0.0112861
0.0114247
0.0115601
0.0116922
0.0118208
0.0119458
0.0120672
0.0121848
0.0122986
0.0124083
0.0125141
0.0126157
0.0127131
0.0128063
0.0128951
0.0129794
0.0130594
0.0131347
0.0132056
0.0132718
0.0133333
0.0133902
0.0134423
0.0134897
0.0135324
0.0135702
0.0136033
0.0136316
0.0136552
0.0136739
0.0136879
0.0136972
0.0137017
0.0137016
0.0136969
0.0136874
0.0136734
0.0136548
0.0136317
0.0136042
0.0135722
0.013536
0.0134955
0.0134508
0.0134019
0.0133491
0.0132922
0.0132315
0.013167
0.0130987
0.0130269
0.0129515
0.0128726
0.0127904
0.0127049
0.0126163
0.0125246
0.01243
0.0123325
0.0122323
0.0121294
0.012024
0.0119161
0.011806
0.0116936
0.011579
0.0114625
0.0113441
0.0112239
0.011102
0.0109784
0.0108535
0.0107271
0.0105995
0.0104706
0.0103408
0.0102099
0.0100781
0.00994561
0.0098124
0.00967859
0.00954428
0.00940955
0.0092745
0.00913922
0.00900377
0.00886826
0.00873276
0.00859734
0.00846208
0.00832706
0.00819236
0.00805803
0.00792414
0.00779077
0.00765797
0.00752581
0.00739435
0.00726363
0.00713373
0.00700467
0.00687653
0.00674934
0.00662315
0.00649801
0.00637395
0.00625101
0.00612924
0.00600866
0.00588931
0.00577121
0.00565441
0.00553892
0.00542477
0.00531198
0.00520058
0.00509058
0.004982
0.00487486
0.00476917
0.00466494
0.0045622
0.00446093
0.00436116
0.00426289
0.00416612
0.00407087
0.00397712
0.00388489
0.00379417
0.00370496
0.00361727
0.00353108
0.0034464
0.00336321
0.00328151
0.0032013
0.00312257
0.00304531
0.0029695
0.00289514
0.00282222
0.00275073
0.00268065
0.00261197
0.00254467
0.00247876
0.0024142
0.00235098
0.0022891
0.00222853
0.00216926
0.00211127
0.00205455
0.00199907
0.00194483
0.0018918
0.00183997
0.00178932
0.00173983
0.00169148
0.00164426
0.00159815
0.00155313
0.00150918
0.00146628
0.00142442
0.00138358
0.00134374
0.00130488
0.00126698
0.00123003
0.00119401
0.0011589
0.00112468
0.00109133
0.00105885
0.0010272
0.00099638
0.000966365
0.000937141
0.00090869
0.000880996
0.000854043
0.000827815
0.000802297
0.000777472
0.000753325
0.000729841
0.000707005
0.000684803
0.000663219
0.00064224
0.000621851
0.000602038
0.000582787
0.000564086
0.000545921
0.000528279
0.000511147
0.000494513
0.000478364
0.000462689
0.000447474
0.00043271
0.000418383
0.000404484
0.000391001
0.000377922
0.000365239
0.00035294
0.000341015
0.000329455
0.000318249
0.000307389
0.000296864
0.000286666
0.000276785
0.000267214
0.000257943
0.000248965
0.000240271
0.000231853
0.000223703
0.000215814
0.000208179
0.00020079
0.00019364
0.000186723
0.000180031
0.000173558
0.000167298
0.000161245
0.000155391
0.000149732
0.000144262
0.000138975
0.000133865
0.000128928
0.000124157
0.000119548
0.000115097
0.000110797
0.000106645
0.000102637
9.87661e-05
9.50299e-05
9.14237e-05
8.79435e-05
8.45852e-05
8.13451e-05
7.82193e-05
7.52043e-05
7.22965e-05
6.94924e-05
6.67887e-05
6.41822e-05
6.16698e-05
5.92483e-05
5.69148e-05
5.46665e-05
5.25005e-05
5.04142e-05
4.84048e-05
4.647e-05
4.46073e-05
4.28142e-05
4.10885e-05
3.9428e-05
3.78306e-05
3.62941e-05
3.48168e-05
3.33966e-05
3.20317e-05
3.07205e-05
2.94613e-05
2.82526e-05
2.70929e-05
2.59808e-05
2.4915e-05
2.38945e-05
2.29182e-05
2.19852e-05
2.10947e-05
2.0246e-05
1.94386e-05
1.86723e-05
1.79469e-05
1.72625e-05
1.66194e-05
1.60183e-05
1.54599e-05
1.49454e-05
1.44765e-05
1.40549e-05
1.36831e-05
1.33638e-05
1.31001e-05
1.28959e-05
1.27551e-05
1.26823e-05
6.08253e-06
1.95067e-05
3.42782e-05
5.04648e-05
6.81111e-05
8.72524e-05
0.000107927
0.000130177
0.000154055
0.000179617
0.000206925
0.000236043
0.000267039
0.000299981
0.000334937
0.000371973
0.000411158
0.000452557
0.000496233
0.000542249
0.000590665
0.000641541
0.000694933
0.000750895
0.000809479
0.000870736
0.000934713
0.00100145
0.001071
0.0011434
0.00121867
0.00129686
0.001378
0.00146212
0.00154922
0.00163935
0.00173251
0.00182872
0.00192798
0.0020303
0.00213568
0.00224412
0.00235562
0.00247015
0.00258771
0.00270827
0.00283181
0.0029583
0.00308771
0.00322
0.00335513
0.00349304
0.00363369
0.00377703
0.00392298
0.0040715
0.00422249
0.00437591
0.00453165
0.00468965
0.0048498
0.00501204
0.00517625
0.00534233
0.00551019
0.00567972
0.00585081
0.00602333
0.00619718
0.00637224
0.00654837
0.00672546
0.00690336
0.00708196
0.00726111
0.00744068
0.00762052
0.0078005
0.00798048
0.0081603
0.00833982
0.0085189
0.00869739
0.00887514
0.00905199
0.00922781
0.00940244
0.00957573
0.00974754
0.00991771
0.0100861
0.0102526
0.010417
0.0105792
0.010739
0.0108963
0.011051
0.011203
0.011352
0.0114981
0.011641
0.0117806
0.0119168
0.0120495
0.0121786
0.012304
0.0124255
0.0125431
0.0126567
0.0127661
0.0128714
0.0129724
0.013069
0.0131612
0.0132488
0.013332
0.0134105
0.0134843
0.0135534
0.0136178
0.0136773
0.013732
0.0137819
0.0138269
0.0138671
0.0139023
0.0139326
0.0139581
0.0139786
0.0139943
0.0140051
0.0140111
0.0140122
0.0140087
0.0140003
0.0139872
0.0139694
0.013947
0.01392
0.0138886
0.0138526
0.0138123
0.0137677
0.0137189
0.0136658
0.0136087
0.0135476
0.0134826
0.0134137
0.0133412
0.0132649
0.0131851
0.0131019
0.0130153
0.0129254
0.0128324
0.0127363
0.0126373
0.0125354
0.0124308
0.0123236
0.0122139
0.0121017
0.0119873
0.0118706
0.0117519
0.0116312
0.0115087
0.0113843
0.0112584
0.0111308
0.0110019
0.0108716
0.0107401
0.0106075
0.0104738
0.0103392
0.0102038
0.0100677
0.00993092
0.00979362
0.00965587
0.00951778
0.00937942
0.00924088
0.00910225
0.0089636
0.00882503
0.00868661
0.00854842
0.00841052
0.008273
0.00813591
0.00799934
0.00786334
0.00772798
0.00759331
0.0074594
0.0073263
0.00719407
0.00706276
0.00693241
0.00680308
0.0066748
0.00654763
0.0064216
0.00629674
0.00617311
0.00605072
0.00592962
0.00580982
0.00569137
0.00557428
0.00545858
0.0053443
0.00523144
0.00512004
0.0050101
0.00490165
0.00479469
0.00468924
0.00458531
0.00448291
0.00438204
0.0042827
0.00418491
0.00408867
0.00399398
0.00390083
0.00380924
0.00371919
0.00363068
0.00354371
0.00345828
0.00337437
0.00329199
0.00321112
0.00313175
0.00305388
0.00297749
0.00290258
0.00282912
0.00275712
0.00268655
0.00261741
0.00254968
0.00248334
0.00241838
0.00235478
0.00229253
0.00223161
0.00217201
0.00211371
0.00205669
0.00200093
0.00194642
0.00189314
0.00184107
0.00179019
0.00174049
0.00169194
0.00164453
0.00159824
0.00155305
0.00150894
0.0014659
0.0014239
0.00138293
0.00134297
0.00130399
0.00126599
0.00122894
0.00119283
0.00115763
0.00112334
0.00108992
0.00105737
0.00102567
0.00099479
0.000964726
0.000935458
0.000906967
0.000879239
0.000852255
0.000826001
0.000800459
0.000775615
0.000751452
0.000727955
0.00070511
0.0006829
0.000661312
0.00064033
0.000619942
0.000600131
0.000580886
0.000562191
0.000544035
0.000526403
0.000509282
0.000492661
0.000476527
0.000460867
0.000445669
0.000430923
0.000416615
0.000402736
0.000389273
0.000376217
0.000363555
0.000351279
0.000339378
0.000327841
0.00031666
0.000305824
0.000295324
0.000285151
0.000275296
0.00026575
0.000256505
0.000247553
0.000238885
0.000230493
0.000222369
0.000214507
0.000206897
0.000199534
0.00019241
0.000185518
0.000178852
0.000172405
0.000166169
0.000160141
0.000154312
0.000148678
0.000143232
0.000137968
0.000132882
0.000127968
0.000123221
0.000118635
0.000114206
0.000109928
0.000105798
0.000101811
9.79615e-05
9.42461e-05
9.06603e-05
8.72002e-05
8.38617e-05
8.0641e-05
7.75343e-05
7.4538e-05
7.16485e-05
6.88625e-05
6.61765e-05
6.35874e-05
6.10919e-05
5.86871e-05
5.63699e-05
5.41376e-05
5.19873e-05
4.99163e-05
4.79221e-05
4.60021e-05
4.41538e-05
4.23749e-05
4.06632e-05
3.90165e-05
3.74325e-05
3.59094e-05
3.44452e-05
3.30379e-05
3.16859e-05
3.03874e-05
2.91408e-05
2.79447e-05
2.67976e-05
2.56982e-05
2.46453e-05
2.36378e-05
2.26748e-05
2.17554e-05
2.0879e-05
2.0045e-05
1.92531e-05
1.85032e-05
1.77952e-05
1.71295e-05
1.65066e-05
1.59275e-05
1.53933e-05
1.49055e-05
1.44662e-05
1.40778e-05
1.37432e-05
1.3466e-05
1.32502e-05
1.31005e-05
1.30226e-05
5.97249e-06
1.9148e-05
3.36258e-05
4.94817e-05
6.67815e-05
8.55783e-05
0.000105922
0.000127864
0.00015146
0.000176767
0.000203849
0.00023277
0.000263597
0.000296397
0.000331238
0.000368188
0.000407312
0.000448678
0.000492348
0.000538386
0.000586854
0.000637811
0.000691315
0.000747422
0.000806185
0.000867656
0.000931883
0.000998915
0.00106879
0.00114156
0.00121726
0.00129591
0.00137757
0.00146224
0.00154997
0.00164076
0.00173465
0.00183164
0.00193174
0.00203497
0.00214132
0.00225079
0.00236339
0.00247908
0.00259788
0.00271974
0.00284466
0.0029726
0.00310353
0.00323742
0.00337422
0.00351388
0.00365636
0.00380159
0.00394953
0.0041001
0.00425323
0.00440885
0.00456689
0.00472725
0.00488985
0.0050546
0.00522141
0.00539016
0.00556077
0.00573311
0.00590709
0.00608257
0.00625945
0.0064376
0.00661689
0.0067972
0.00697839
0.00716032
0.00734287
0.00752589
0.00770924
0.00789278
0.00807636
0.00825983
0.00844304
0.00862584
0.00880809
0.00898963
0.0091703
0.00934997
0.00952846
0.00970564
0.00988135
0.0100554
0.0102278
0.0103981
0.0105665
0.0107326
0.0108963
0.0110576
0.0112162
0.011372
0.0115249
0.0116748
0.0118214
0.0119648
0.0121048
0.0122412
0.0123739
0.0125029
0.012628
0.0127491
0.0128661
0.0129789
0.0130875
0.0131917
0.0132915
0.0133868
0.0134775
0.0135636
0.013645
0.0137216
0.0137934
0.0138604
0.0139225
0.0139796
0.0140319
0.0140791
0.0141214
0.0141587
0.014191
0.0142183
0.0142405
0.0142579
0.0142702
0.0142776
0.01428
0.0142777
0.0142705
0.0142584
0.0142415
0.0142199
0.0141936
0.0141627
0.0141272
0.0140873
0.0140429
0.0139942
0.0139412
0.0138841
0.0138228
0.0137575
0.0136883
0.0136152
0.0135384
0.013458
0.013374
0.0132865
0.0131957
0.0131017
0.0130045
0.0129043
0.0128011
0.0126952
0.0125865
0.0124752
0.0123615
0.0122454
0.012127
0.0120065
0.0118839
0.0117594
0.0116331
0.011505
0.0113754
0.0112443
0.0111118
0.010978
0.010843
0.010707
0.01057
0.0104321
0.0102935
0.0101542
0.0100144
0.00987405
0.00973334
0.00959233
0.00945113
0.00930981
0.00916847
0.00902717
0.00888601
0.00874507
0.00860441
0.00846411
0.00832425
0.00818489
0.00804611
0.00790795
0.0077705
0.0076338
0.00749792
0.00736291
0.00722882
0.00709571
0.00696362
0.00683261
0.0067027
0.00657395
0.00644639
0.00632007
0.00619501
0.00607126
0.00594883
0.00582776
0.00570809
0.00558982
0.00547299
0.00535761
0.00524371
0.0051313
0.00502041
0.00491103
0.00480319
0.00469689
0.00459215
0.00448897
0.00438736
0.00428733
0.00418887
0.00409199
0.00399668
0.00390296
0.00381082
0.00372024
0.00363124
0.00354381
0.00345793
0.00337361
0.00329083
0.00320959
0.00312987
0.00305167
0.00297498
0.00289978
0.00282606
0.0027538
0.002683
0.00261364
0.00254571
0.00247918
0.00241405
0.0023503
0.00228791
0.00222687
0.00216715
0.00210874
0.00205162
0.00199578
0.0019412
0.00188786
0.00183573
0.00178481
0.00173507
0.00168649
0.00163906
0.00159275
0.00154756
0.00150345
0.00146041
0.00141842
0.00137746
0.00133752
0.00129857
0.0012606
0.00122358
0.00118751
0.00115235
0.0011181
0.00108473
0.00105223
0.00102058
0.000989758
0.000959751
0.000930542
0.000902113
0.000874447
0.000847527
0.000821338
0.000795863
0.000771087
0.000746993
0.000723565
0.00070079
0.000678651
0.000657133
0.000636223
0.000615906
0.000596167
0.000576994
0.000558371
0.000540286
0.000522725
0.000505676
0.000489126
0.000473062
0.000457473
0.000442345
0.000427667
0.000413429
0.000399617
0.000386222
0.000373232
0.000360637
0.000348426
0.000336589
0.000325116
0.000313997
0.000303223
0.000292784
0.000282672
0.000272876
0.000263389
0.000254202
0.000245306
0.000236694
0.000228357
0.000220287
0.000212477
0.00020492
0.000197608
0.000190534
0.000183692
0.000177074
0.000170674
0.000164485
0.000158502
0.000152718
0.000147127
0.000141723
0.000136502
0.000131457
0.000126583
0.000121875
0.000117327
0.000112936
0.000108695
0.000104601
0.000100648
9.68329e-05
9.31509e-05
8.95977e-05
8.61694e-05
8.28619e-05
7.96715e-05
7.65943e-05
7.36268e-05
7.07655e-05
6.80068e-05
6.53476e-05
6.27844e-05
6.03144e-05
5.79343e-05
5.56412e-05
5.34324e-05
5.1305e-05
4.92563e-05
4.72839e-05
4.53851e-05
4.35575e-05
4.17988e-05
4.01069e-05
3.84794e-05
3.69143e-05
3.54096e-05
3.39635e-05
3.25739e-05
3.12394e-05
2.9958e-05
2.87284e-05
2.75491e-05
2.64187e-05
2.53359e-05
2.42997e-05
2.33091e-05
2.2363e-05
2.1461e-05
2.06023e-05
1.97866e-05
1.90137e-05
1.82837e-05
1.75968e-05
1.69535e-05
1.63548e-05
1.58017e-05
1.5296e-05
1.48397e-05
1.44352e-05
1.40859e-05
1.37953e-05
1.35681e-05
1.34097e-05
1.33267e-05
5.87515e-06
1.88297e-05
3.30468e-05
4.86014e-05
6.55698e-05
8.40203e-05
0.000104017
0.000125621
0.000148895
0.000173903
0.00020071
0.000229381
0.000259984
0.000292586
0.000327254
0.000364054
0.000403053
0.000444316
0.000487908
0.000533891
0.000582327
0.000633277
0.000686799
0.000742949
0.000801783
0.000863354
0.000927712
0.000994904
0.00106498
0.00113797
0.00121393
0.00129289
0.00137489
0.00145995
0.0015481
0.00163936
0.00173377
0.00183132
0.00193204
0.00203593
0.002143
0.00225324
0.00236666
0.00248325
0.00260298
0.00272585
0.00285183
0.00298089
0.00311301
0.00324814
0.00338625
0.00352729
0.00367121
0.00381796
0.00396747
0.00411968
0.00427452
0.00443192
0.0045918
0.00475408
0.00491866
0.00508545
0.00525437
0.0054253
0.00559814
0.00577279
0.00594914
0.00612705
0.00630642
0.00648712
0.00666902
0.00685199
0.0070359
0.00722062
0.00740599
0.00759189
0.00777817
0.00796467
0.00815126
0.00833779
0.00852409
0.00871003
0.00889544
0.00908017
0.00926407
0.00944698
0.00962875
0.00980922
0.00998824
0.0101657
0.0103413
0.010515
0.0106867
0.0108562
0.0110233
0.0111879
0.0113498
0.011509
0.0116652
0.0118183
0.0119683
0.0121149
0.0122581
0.0123977
0.0125336
0.0126657
0.0127938
0.012918
0.013038
0.0131538
0.0132653
0.0133724
0.0134749
0.013573
0.0136664
0.013755
0.013839
0.0139181
0.0139923
0.0140616
0.0141259
0.0141853
0.0142396
0.0142889
0.0143332
0.0143723
0.0144064
0.0144354
0.0144593
0.0144781
0.0144919
0.0145006
0.0145043
0.0145031
0.0144971
0.0144859
0.0144699
0.0144491
0.0144235
0.0143932
0.0143583
0.0143188
0.0142748
0.0142263
0.0141735
0.0141164
0.0140551
0.0139897
0.0139203
0.013847
0.0137698
0.0136889
0.0136044
0.0135163
0.0134248
0.01333
0.013232
0.0131309
0.0130267
0.0129197
0.0128099
0.0126975
0.0125824
0.012465
0.0123452
0.0122232
0.0120991
0.0119731
0.0118451
0.0117154
0.011584
0.0114511
0.0113168
0.0111812
0.0110443
0.0109063
0.0107673
0.0106274
0.0104868
0.0103454
0.0102034
0.0100609
0.00991803
0.00977482
0.00963139
0.00948783
0.00934422
0.00920064
0.00905719
0.00891393
0.00877095
0.00862832
0.00848612
0.00834441
0.00820327
0.00806276
0.00792295
0.0077839
0.00764566
0.0075083
0.00737186
0.0072364
0.00710198
0.00696863
0.0068364
0.00670534
0.00657548
0.00644687
0.00631954
0.00619353
0.00606886
0.00594556
0.00582367
0.00570321
0.00558421
0.00546668
0.00535064
0.00523612
0.00512313
0.00501168
0.00490179
0.00479347
0.00468673
0.00458157
0.00447801
0.00437604
0.00427568
0.00417692
0.00407976
0.00398421
0.00389026
0.00379792
0.00370717
0.00361801
0.00353044
0.00344445
0.00336003
0.00327717
0.00319586
0.0031161
0.00303787
0.00296116
0.00288595
0.00281225
0.00274002
0.00266925
0.00259994
0.00253207
0.00246561
0.00240056
0.00233689
0.0022746
0.00221365
0.00215404
0.00209575
0.00203876
0.00198305
0.0019286
0.0018754
0.00182342
0.00177264
0.00172305
0.00167463
0.00162736
0.00158122
0.00153619
0.00149224
0.00144937
0.00140755
0.00136677
0.001327
0.00128822
0.00125043
0.00121358
0.00117768
0.0011427
0.00110862
0.00107543
0.0010431
0.00101162
0.000980976
0.000951141
0.000922102
0.000893842
0.000866344
0.000839592
0.000813568
0.000788256
0.000763641
0.000739708
0.000716439
0.00069382
0.000671836
0.000650471
0.000629712
0.000609543
0.000589952
0.000570922
0.000552442
0.000534498
0.000517075
0.000500162
0.000483746
0.000467814
0.000452354
0.000437353
0.0004228
0.000408684
0.000394993
0.000381716
0.000368842
0.00035636
0.000344261
0.000332533
0.000321168
0.000310154
0.000299483
0.000289145
0.000279131
0.000269432
0.000260039
0.000250944
0.000242139
0.000233615
0.000225364
0.000217379
0.000209652
0.000202175
0.000194942
0.000187945
0.000181177
0.000174633
0.000168304
0.000162185
0.00015627
0.000150552
0.000145026
0.000139686
0.000134526
0.000129541
0.000124726
0.000120074
0.000115582
0.000111245
0.000107057
0.000103013
9.91108e-05
9.53442e-05
9.17094e-05
8.82022e-05
8.48185e-05
8.15545e-05
7.84063e-05
7.53703e-05
7.24427e-05
6.96202e-05
6.68993e-05
6.42767e-05
6.17493e-05
5.93138e-05
5.69674e-05
5.47071e-05
5.25301e-05
5.04335e-05
4.84149e-05
4.64716e-05
4.46012e-05
4.28012e-05
4.10694e-05
3.94036e-05
3.78015e-05
3.62613e-05
3.47808e-05
3.33582e-05
3.19918e-05
3.06798e-05
2.94207e-05
2.82129e-05
2.70551e-05
2.59459e-05
2.48843e-05
2.38691e-05
2.28995e-05
2.19747e-05
2.10941e-05
2.02572e-05
1.94639e-05
1.87142e-05
1.80083e-05
1.73467e-05
1.67303e-05
1.61603e-05
1.56383e-05
1.51664e-05
1.47474e-05
1.43844e-05
1.40816e-05
1.38439e-05
1.36774e-05
1.35896e-05
5.79365e-06
1.85631e-05
3.25624e-05
4.78623e-05
6.45434e-05
8.26841e-05
0.00010236
0.000123644
0.000146606
0.000171317
0.000197846
0.000226259
0.000256627
0.000289014
0.000323489
0.000360118
0.000398965
0.000440096
0.000483574
0.000529463
0.000577824
0.000628717
0.000682203
0.000738338
0.000797177
0.000858775
0.000923183
0.000990451
0.00106062
0.00113375
0.00120986
0.00128901
0.00137122
0.00145653
0.00154496
0.00163655
0.0017313
0.00182925
0.0019304
0.00203476
0.00214235
0.00225315
0.00236717
0.0024844
0.00260483
0.00272844
0.00285521
0.00298512
0.00311812
0.0032542
0.00339331
0.0035354
0.00368042
0.00382832
0.00397904
0.00413252
0.00428869
0.00444746
0.00460877
0.00477253
0.00493866
0.00510705
0.00527762
0.00545026
0.00562486
0.00580133
0.00597954
0.00615937
0.00634071
0.00652343
0.0067074
0.00689249
0.00707857
0.0072655
0.00745313
0.00764133
0.00782994
0.00801883
0.00820784
0.00839681
0.00858561
0.00877406
0.00896202
0.00914933
0.00933584
0.00952138
0.0097058
0.00988894
0.0100706
0.0102508
0.0104291
0.0106056
0.01078
0.0109522
0.011122
0.0112893
0.011454
0.0116159
0.0117748
0.0119307
0.0120833
0.0122326
0.0123785
0.0125207
0.0126592
0.0127939
0.0129246
0.0130513
0.0131738
0.013292
0.0134059
0.0135154
0.0136203
0.0137206
0.0138162
0.0139071
0.0139932
0.0140744
0.0141506
0.0142219
0.0142882
0.0143494
0.0144055
0.0144565
0.0145024
0.0145432
0.0145788
0.0146092
0.0146345
0.0146546
0.0146697
0.0146796
0.0146844
0.0146842
0.0146792
0.0146689
0.0146537
0.0146336
0.0146087
0.014579
0.0145446
0.0145055
0.0144618
0.0144137
0.0143611
0.0143041
0.0142429
0.0141775
0.014108
0.0140345
0.0139572
0.013876
0.0137911
0.0137026
0.0136106
0.0135153
0.0134166
0.0133148
0.01321
0.0131021
0.0129915
0.0128781
0.0127621
0.0126437
0.0125228
0.0123997
0.0122744
0.0121471
0.0120179
0.0118869
0.0117542
0.0116199
0.0114841
0.011347
0.0112086
0.0110691
0.0109285
0.010787
0.0106447
0.0105017
0.010358
0.0102138
0.0100691
0.00992418
0.00977897
0.0096336
0.00948817
0.00934276
0.00919745
0.00905233
0.00890748
0.00876297
0.00861888
0.00847528
0.00833224
0.00818983
0.00804811
0.00790715
0.007767
0.00762773
0.00748939
0.00735203
0.00721571
0.00708046
0.00694635
0.00681341
0.00668168
0.00655121
0.00642203
0.00629417
0.00616767
0.00604256
0.00591887
0.00579662
0.00567584
0.00555655
0.00543877
0.00532252
0.00520782
0.00509468
0.00498311
0.00487313
0.00476475
0.00465798
0.00455281
0.00444927
0.00434734
0.00424704
0.00414837
0.00405132
0.00395589
0.00386209
0.0037699
0.00367933
0.00359037
0.003503
0.00341723
0.00333304
0.00325043
0.00316939
0.00308989
0.00301194
0.00293552
0.00286061
0.0027872
0.00271528
0.00264484
0.00257585
0.0025083
0.00244218
0.00237746
0.00231413
0.00225218
0.00219158
0.00213232
0.00207438
0.00201774
0.00196238
0.00190828
0.00185543
0.0018038
0.00175338
0.00170414
0.00165607
0.00160915
0.00156335
0.00151866
0.00147506
0.00143253
0.00139105
0.0013506
0.00131116
0.00127271
0.00123524
0.00119872
0.00116314
0.00112847
0.0010947
0.00106182
0.00102979
0.000998614
0.000968261
0.000938717
0.000909965
0.000881987
0.000854767
0.000828288
0.000802534
0.000777488
0.000753133
0.000729456
0.000706439
0.000684067
0.000662326
0.0006412
0.000620675
0.000600736
0.00058137
0.000562562
0.000544298
0.000526566
0.000509352
0.000492643
0.000476426
0.00046069
0.000445421
0.000430607
0.000416238
0.000402301
0.000388785
0.00037568
0.000362973
0.000350656
0.000338716
0.000327145
0.000315932
0.000305068
0.000294542
0.000284347
0.000274471
0.000264908
0.000255647
0.000246682
0.000238002
0.0002296
0.000221469
0.0002136
0.000205987
0.000198621
0.000191495
0.000184603
0.000177938
0.000171493
0.000165261
0.000159237
0.000153414
0.000147785
0.000142346
0.000137091
0.000132013
0.000127108
0.00012237
0.000117794
0.000113376
0.00010911
0.000104991
0.000101015
9.71781e-05
9.34752e-05
8.99022e-05
8.6455e-05
8.31296e-05
7.99221e-05
7.68288e-05
7.38461e-05
7.09702e-05
6.81979e-05
6.55256e-05
6.29503e-05
6.04686e-05
5.80776e-05
5.57743e-05
5.35558e-05
5.14193e-05
4.93621e-05
4.73816e-05
4.54754e-05
4.36408e-05
4.18757e-05
4.01778e-05
3.85449e-05
3.69748e-05
3.54656e-05
3.40154e-05
3.26223e-05
3.12847e-05
3.00008e-05
2.87692e-05
2.75884e-05
2.64572e-05
2.53742e-05
2.43385e-05
2.3349e-05
2.2405e-05
2.1506e-05
2.06513e-05
1.98408e-05
1.90744e-05
1.83524e-05
1.76753e-05
1.70439e-05
1.64595e-05
1.59236e-05
1.54385e-05
1.50068e-05
1.46322e-05
1.43188e-05
1.4072e-05
1.38985e-05
1.38066e-05
5.7303e-06
1.8356e-05
3.2187e-05
4.72892e-05
6.37439e-05
8.16359e-05
0.000101049
0.000122065
0.000144763
0.000169218
0.000195503
0.000223689
0.000253845
0.000286039
0.000320336
0.000356804
0.000395506
0.000436507
0.00047987
0.000525659
0.000573933
0.000624755
0.000678184
0.000734276
0.000793089
0.000854677
0.000919092
0.000986384
0.0010566
0.00112979
0.00120599
0.00128524
0.00136758
0.00145304
0.00154165
0.00163344
0.00172842
0.00182663
0.00192807
0.00203275
0.00214069
0.00225187
0.00236631
0.00248399
0.00260491
0.00272904
0.00285637
0.00298687
0.00312051
0.00325727
0.00339709
0.00353993
0.00368575
0.00383449
0.00398609
0.00414048
0.00429761
0.00445739
0.00461975
0.0047846
0.00495185
0.00512142
0.00529321
0.00546711
0.00564301
0.00582082
0.00600041
0.00618167
0.00636448
0.0065487
0.00673422
0.00692089
0.00710859
0.00729716
0.00748649
0.0076764
0.00786677
0.00805745
0.00824827
0.00843909
0.00862976
0.00882011
0.00901
0.00919925
0.00938773
0.00957525
0.00976168
0.00994684
0.0101306
0.0103127
0.0104932
0.0106717
0.0108482
0.0110224
0.0111944
0.0113638
0.0115305
0.0116945
0.0118555
0.0120134
0.0121681
0.0123195
0.0124674
0.0126116
0.0127521
0.0128888
0.0130215
0.0131501
0.0132745
0.0133947
0.0135105
0.0136217
0.0137285
0.0138305
0.0139279
0.0140205
0.0141082
0.014191
0.0142689
0.0143417
0.0144094
0.0144721
0.0145296
0.014582
0.0146292
0.0146712
0.014708
0.0147396
0.014766
0.0147872
0.0148033
0.0148141
0.0148198
0.0148204
0.0148162
0.0148067
0.0147922
0.0147727
0.0147483
0.0147191
0.0146851
0.0146464
0.0146031
0.0145552
0.0145028
0.014446
0.0143849
0.0143195
0.01425
0.0141765
0.014099
0.0140176
0.0139325
0.0138438
0.0137515
0.0136557
0.0135567
0.0134544
0.013349
0.0132406
0.0131293
0.0130153
0.0128986
0.0127794
0.0126578
0.0125339
0.0124077
0.0122796
0.0121494
0.0120174
0.0118837
0.0117484
0.0116115
0.0114733
0.0113338
0.0111931
0.0110514
0.0109087
0.0107651
0.0106208
0.0104759
0.0103304
0.0101845
0.0100382
0.00989163
0.00974491
0.00959811
0.00945132
0.00930462
0.0091581
0.00901184
0.00886591
0.00872039
0.00857536
0.00843089
0.00828703
0.00814387
0.00800146
0.00785987
0.00771916
0.00757937
0.00744057
0.00730281
0.00716613
0.00703058
0.00689622
0.00676307
0.00663118
0.00650059
0.00637133
0.00624344
0.00611695
0.00599188
0.00586827
0.00574614
0.00562551
0.0055064
0.00538883
0.00527283
0.00515839
0.00504555
0.00493431
0.00482468
0.00471666
0.00461028
0.00450552
0.00440241
0.00430093
0.00420109
0.0041029
0.00400634
0.00391142
0.00381814
0.00372648
0.00363645
0.00354804
0.00346124
0.00337603
0.00329242
0.00321039
0.00312993
0.00305102
0.00297366
0.00289784
0.00282353
0.00275072
0.00267941
0.00260956
0.00254118
0.00247423
0.00240871
0.00234459
0.00228186
0.00222051
0.0021605
0.00210183
0.00204448
0.00198842
0.00193364
0.00188011
0.00182783
0.00177676
0.0017269
0.00167821
0.00163068
0.0015843
0.00153904
0.00149488
0.0014518
0.00140978
0.00136881
0.00132886
0.00128991
0.00125195
0.00121496
0.00117891
0.00114379
0.00110958
0.00107627
0.00104382
0.00101223
0.000981482
0.000951549
0.000922417
0.00089407
0.00086649
0.000839661
0.000813565
0.000788186
0.000763508
0.000739515
0.000716191
0.000693521
0.000671489
0.000650081
0.00062928
0.000609074
0.000589448
0.000570386
0.000551877
0.000533906
0.000516459
0.000499524
0.000483088
0.000467138
0.000451662
0.000436647
0.000422082
0.000407956
0.000394256
0.000380971
0.000368091
0.000355605
0.000343502
0.000331773
0.000320406
0.000309392
0.000298722
0.000288385
0.000278374
0.000268678
0.00025929
0.0002502
0.0002414
0.000232882
0.000224638
0.00021666
0.00020894
0.000201471
0.000194247
0.000187258
0.0001805
0.000173965
0.000167646
0.000161537
0.000155631
0.000149924
0.000144408
0.000139079
0.000133929
0.000128955
0.00012415
0.00011951
0.000115029
0.000110702
0.000106525
0.000102493
9.86009e-05
9.48452e-05
9.12212e-05
8.77248e-05
8.43518e-05
8.10985e-05
7.79609e-05
7.49353e-05
7.20182e-05
6.92059e-05
6.64952e-05
6.38827e-05
6.13652e-05
5.89397e-05
5.6603e-05
5.43523e-05
5.21848e-05
5.00978e-05
4.80885e-05
4.61544e-05
4.42931e-05
4.25022e-05
4.07794e-05
3.91224e-05
3.75292e-05
3.59978e-05
3.45261e-05
3.31124e-05
3.17548e-05
3.04517e-05
2.92016e-05
2.8003e-05
2.68545e-05
2.57549e-05
2.47032e-05
2.36983e-05
2.27394e-05
2.18259e-05
2.09574e-05
2.01334e-05
1.93541e-05
1.86195e-05
1.79302e-05
1.72871e-05
1.66913e-05
1.61445e-05
1.56489e-05
1.52073e-05
1.48234e-05
1.45016e-05
1.42476e-05
1.40685e-05
1.39733e-05
5.68697e-06
1.82146e-05
3.1931e-05
4.68984e-05
6.31977e-05
8.09169e-05
0.000100145
0.000120971
0.000143478
0.000167746
0.000193853
0.00022187
0.000251869
0.000283916
0.00031808
0.000354425
0.000393015
0.000433915
0.000477187
0.000522893
0.000571096
0.000621856
0.000675231
0.000731281
0.000790062
0.000851627
0.000916031
0.000983324
0.00105355
0.00112677
0.00120301
0.00128231
0.00136472
0.00145027
0.00153898
0.00163089
0.00172601
0.00182437
0.00192599
0.00203087
0.00213902
0.00225044
0.00236514
0.0024831
0.00260432
0.00272879
0.00285647
0.00298736
0.00312141
0.00325859
0.00339887
0.0035422
0.00368854
0.00383782
0.00398999
0.00414498
0.00430274
0.00446317
0.00462622
0.00479178
0.00495978
0.00513012
0.00530271
0.00547743
0.0056542
0.00583289
0.0060134
0.0061956
0.00637938
0.0065646
0.00675114
0.00693886
0.00712763
0.00731731
0.00750775
0.00769881
0.00789035
0.00808222
0.00827425
0.00846631
0.00865822
0.00884985
0.00904102
0.00923158
0.00942137
0.00961023
0.009798
0.00998452
0.0101696
0.0103532
0.010535
0.0107149
0.0108928
0.0110684
0.0112418
0.0114126
0.0115807
0.0117461
0.0119085
0.0120678
0.012224
0.0123767
0.0125259
0.0126716
0.0128135
0.0129515
0.0130855
0.0132154
0.0133412
0.0134626
0.0135796
0.0136922
0.0138001
0.0139034
0.014002
0.0140957
0.0141846
0.0142685
0.0143474
0.0144213
0.0144901
0.0145537
0.0146122
0.0146656
0.0147137
0.0147565
0.0147942
0.0148266
0.0148538
0.0148757
0.0148924
0.0149039
0.0149102
0.0149114
0.0149077
0.0148988
0.0148847
0.0148657
0.0148417
0.0148128
0.0147792
0.0147407
0.0146977
0.01465
0.0145977
0.0145411
0.01448
0.0144147
0.0143453
0.0142717
0.0141941
0.0141127
0.0140275
0.0139385
0.013846
0.0137501
0.0136507
0.0135482
0.0134424
0.0133337
0.013222
0.0131076
0.0129905
0.0128708
0.0127486
0.0126242
0.0124975
0.0123687
0.0122379
0.0121053
0.0119709
0.0118349
0.0116974
0.0115584
0.0114182
0.0112767
0.0111342
0.0109907
0.0108464
0.0107012
0.0105555
0.0104091
0.0102623
0.0101151
0.00996769
0.00982006
0.00967235
0.00952464
0.00937701
0.00922955
0.00908235
0.00893547
0.008789
0.00864301
0.00849757
0.00835275
0.00820862
0.00806525
0.00792268
0.007781
0.00764024
0.00750047
0.00736174
0.0072241
0.00708759
0.00695226
0.00681816
0.00668532
0.00655378
0.00642358
0.00629475
0.00616733
0.00604134
0.00591681
0.00579377
0.00567223
0.00555223
0.00543377
0.00531689
0.00520158
0.00508787
0.00497578
0.0048653
0.00475645
0.00464924
0.00454367
0.00443975
0.00433748
0.00423686
0.00413789
0.00404057
0.00394489
0.00385087
0.00375848
0.00366773
0.00357861
0.0034911
0.00340521
0.00332092
0.00323822
0.00315711
0.00307756
0.00299957
0.00292312
0.0028482
0.00277479
0.00270289
0.00263247
0.00256351
0.00249601
0.00242994
0.00236529
0.00230203
0.00224016
0.00217965
0.00212049
0.00206265
0.00200611
0.00195087
0.00189689
0.00184416
0.00179266
0.00174237
0.00169326
0.00164533
0.00159855
0.0015529
0.00150835
0.0014649
0.00142252
0.00138119
0.0013409
0.00130161
0.00126332
0.00122601
0.00118964
0.00115422
0.00111971
0.0010861
0.00105337
0.0010215
0.000990481
0.000960283
0.000930894
0.000902296
0.000874471
0.000847403
0.000821075
0.00079547
0.000770572
0.000746365
0.000722833
0.000699959
0.00067773
0.000656129
0.000635142
0.000614754
0.00059495
0.000575717
0.00055704
0.000538906
0.000521301
0.000504213
0.000487627
0.000471532
0.000455915
0.000440763
0.000426066
0.00041181
0.000397984
0.000384578
0.00037158
0.000358979
0.000346765
0.000334927
0.000323455
0.00031234
0.000301571
0.000291139
0.000281035
0.00027125
0.000261774
0.000252599
0.000243718
0.00023512
0.000226799
0.000218747
0.000210955
0.000203416
0.000196124
0.00018907
0.000182248
0.000175651
0.000169273
0.000163106
0.000157145
0.000151384
0.000145816
0.000140436
0.000135238
0.000130216
0.000125366
0.000120681
0.000116157
0.000111789
0.000107572
0.000103502
9.95725e-05
9.57808e-05
9.2122e-05
8.8592e-05
8.51866e-05
8.19019e-05
7.87341e-05
7.56793e-05
7.2734e-05
6.98946e-05
6.71576e-05
6.45198e-05
6.19778e-05
5.95287e-05
5.71693e-05
5.48967e-05
5.2708e-05
5.06005e-05
4.85715e-05
4.66185e-05
4.47389e-05
4.29304e-05
4.11905e-05
3.95172e-05
3.79082e-05
3.63616e-05
3.48752e-05
3.34474e-05
3.20762e-05
3.076e-05
2.94972e-05
2.82864e-05
2.71261e-05
2.60152e-05
2.49525e-05
2.39371e-05
2.2968e-05
2.20447e-05
2.11666e-05
2.03334e-05
1.95451e-05
1.8802e-05
1.81043e-05
1.74531e-05
1.68495e-05
1.62951e-05
1.57923e-05
1.53439e-05
1.49536e-05
1.4626e-05
1.4367e-05
1.4184e-05
1.40865e-05
5.66497e-06
1.81428e-05
3.18012e-05
4.67003e-05
6.29207e-05
8.05515e-05
9.96849e-05
0.000120412
0.000142819
0.000166989
0.000193002
0.000220929
0.000250844
0.000282814
0.000316905
0.000353184
0.000391713
0.000432558
0.000475779
0.000521441
0.000569603
0.000620327
0.000673672
0.000729695
0.000788455
0.000850005
0.000914399
0.000981687
0.00105192
0.00112514
0.00120139
0.00128072
0.00136316
0.00144874
0.0015375
0.00162946
0.00172465
0.00182308
0.00192478
0.00202975
0.002138
0.00224954
0.00236437
0.00248247
0.00260384
0.00272846
0.00285632
0.00298739
0.00312163
0.00325903
0.00339954
0.0035431
0.00368969
0.00383924
0.00399169
0.00414698
0.00430504
0.0044658
0.00462918
0.0047951
0.00496347
0.00513419
0.00530717
0.00548231
0.0056595
0.00583863
0.00601959
0.00620227
0.00638652
0.00657224
0.00675929
0.00694753
0.00713684
0.00732706
0.00751807
0.00770971
0.00790183
0.00809429
0.00828693
0.0084796
0.00867214
0.0088644
0.00905622
0.00924743
0.00943788
0.00962741
0.00981586
0.0100031
0.0101889
0.0103731
0.0105556
0.0107362
0.0109148
0.0110912
0.0112652
0.0114367
0.0116056
0.0117717
0.0119348
0.0120948
0.0122516
0.0124051
0.012555
0.0127013
0.0128439
0.0129826
0.0131173
0.0132479
0.0133743
0.0134964
0.0136141
0.0137272
0.0138358
0.0139397
0.0140389
0.0141332
0.0142226
0.0143071
0.0143866
0.014461
0.0145303
0.0145945
0.0146535
0.0147073
0.0147558
0.0147992
0.0148372
0.01487
0.0148976
0.0149199
0.014937
0.0149488
0.0149555
0.014957
0.0149536
0.0149449
0.0149311
0.0149122
0.0148885
0.0148598
0.0148263
0.014788
0.0147451
0.0146975
0.0146453
0.0145887
0.0145278
0.0144625
0.014393
0.0143195
0.0142419
0.0141604
0.0140751
0.0139861
0.0138935
0.0137974
0.013698
0.0135953
0.0134894
0.0133805
0.0132686
0.013154
0.0130366
0.0129167
0.0127943
0.0126696
0.0125426
0.0124135
0.0122825
0.0121495
0.0120148
0.0118785
0.0117406
0.0116013
0.0114606
0.0113188
0.0111759
0.011032
0.0108873
0.0107417
0.0105955
0.0104487
0.0103015
0.0101539
0.010006
0.00985792
0.00970975
0.00956158
0.00941348
0.00926556
0.00911788
0.00897052
0.00882357
0.0086771
0.00853118
0.00838588
0.00824127
0.0080974
0.00795436
0.00781218
0.00767094
0.00753069
0.00739147
0.00725334
0.00711635
0.00698054
0.00684595
0.00671264
0.00658062
0.00644995
0.00632065
0.00619276
0.0060663
0.00594131
0.00581781
0.00569582
0.00557536
0.00545646
0.00533913
0.00522339
0.00510925
0.00499672
0.00488582
0.00477655
0.00466892
0.00456294
0.00445861
0.00435594
0.00425492
0.00415556
0.00405786
0.00396181
0.00386741
0.00377465
0.00368354
0.00359405
0.0035062
0.00341996
0.00333533
0.00325229
0.00317085
0.00309097
0.00301266
0.0029359
0.00286067
0.00278696
0.00271476
0.00264405
0.00257481
0.00250702
0.00244068
0.00237575
0.00231223
0.0022501
0.00218934
0.00212992
0.00207184
0.00201507
0.00195958
0.00190538
0.00185242
0.0018007
0.00175019
0.00170088
0.00165274
0.00160576
0.00155991
0.00151517
0.00147154
0.00142897
0.00138746
0.00134699
0.00130754
0.00126908
0.0012316
0.00119508
0.0011595
0.00112484
0.00109108
0.00105821
0.0010262
0.000995037
0.000964706
0.000935186
0.000906461
0.000878513
0.000851324
0.000824879
0.000799159
0.00077415
0.000749834
0.000726196
0.00070322
0.000680891
0.000659193
0.000638111
0.000617631
0.000597737
0.000578417
0.000559656
0.000541439
0.000523755
0.000506588
0.000489927
0.000473759
0.00045807
0.000442849
0.000428084
0.000413763
0.000399874
0.000386406
0.000373348
0.000360689
0.000348419
0.000336526
0.000325001
0.000313834
0.000303016
0.000292535
0.000282384
0.000272553
0.000263033
0.000253816
0.000244893
0.000236255
0.000227895
0.000219805
0.000211976
0.000204402
0.000197075
0.000189988
0.000183134
0.000176506
0.000170098
0.000163902
0.000157913
0.000152124
0.00014653
0.000141124
0.000135901
0.000130856
0.000125982
0.000121275
0.00011673
0.000112341
0.000108104
0.000104013
0.000100065
9.62555e-05
9.25791e-05
8.9032e-05
8.56102e-05
8.23097e-05
7.91265e-05
7.60569e-05
7.30973e-05
7.0244e-05
6.74938e-05
6.48431e-05
6.22888e-05
5.98277e-05
5.74567e-05
5.5173e-05
5.29736e-05
5.08557e-05
4.88168e-05
4.68541e-05
4.49652e-05
4.31477e-05
4.13993e-05
3.97177e-05
3.81007e-05
3.65463e-05
3.50525e-05
3.36175e-05
3.22394e-05
3.09165e-05
2.96473e-05
2.84303e-05
2.72641e-05
2.61474e-05
2.50791e-05
2.40583e-05
2.30841e-05
2.21557e-05
2.12728e-05
2.04349e-05
1.96421e-05
1.88946e-05
1.81927e-05
1.75373e-05
1.69297e-05
1.63716e-05
1.58651e-05
1.54132e-05
1.50195e-05
1.4689e-05
1.44274e-05
1.42424e-05
1.41438e-05
5.66495e-06
1.81427e-05
3.18011e-05
4.67001e-05
6.29204e-05
8.05511e-05
9.96844e-05
0.000120411
0.000142818
0.000166989
0.000193001
0.000220928
0.000250843
0.000282812
0.000316903
0.000353181
0.000391711
0.000432555
0.000475776
0.000521437
0.000569599
0.000620322
0.000673667
0.00072969
0.000788449
0.000849999
0.000914392
0.00098168
0.00105191
0.00112513
0.00120139
0.00128071
0.00136315
0.00144873
0.00153749
0.00162945
0.00172464
0.00182307
0.00192477
0.00202974
0.00213799
0.00224953
0.00236435
0.00248245
0.00260382
0.00272844
0.0028563
0.00298736
0.00312161
0.00325901
0.00339951
0.00354308
0.00368966
0.00383921
0.00399166
0.00414695
0.00430501
0.00446577
0.00462915
0.00479507
0.00496343
0.00513416
0.00530714
0.00548227
0.00565946
0.0058386
0.00601956
0.00620223
0.00638648
0.0065722
0.00675925
0.00694749
0.00713679
0.00732702
0.00751802
0.00770966
0.00790178
0.00809424
0.00828688
0.00847955
0.00867209
0.00886435
0.00905616
0.00924738
0.00943783
0.00962736
0.0098158
0.010003
0.0101888
0.010373
0.0105555
0.0107361
0.0109147
0.0110911
0.0112651
0.0114367
0.0116055
0.0117716
0.0119347
0.0120947
0.0122515
0.012405
0.0125549
0.0127013
0.0128438
0.0129825
0.0131172
0.0132478
0.0133742
0.0134963
0.013614
0.0137272
0.0138357
0.0139396
0.0140388
0.0141331
0.0142226
0.0143071
0.0143865
0.0144609
0.0145302
0.0145944
0.0146534
0.0147072
0.0147558
0.0147991
0.0148372
0.01487
0.0148975
0.0149198
0.0149369
0.0149488
0.0149554
0.0149569
0.0149535
0.0149448
0.014931
0.0149122
0.0148884
0.0148597
0.0148262
0.014788
0.014745
0.0146974
0.0146453
0.0145887
0.0145277
0.0144625
0.014393
0.0143194
0.0142418
0.0141604
0.0140751
0.0139861
0.0138935
0.0137974
0.0136979
0.0135952
0.0134893
0.0133804
0.0132686
0.0131539
0.0130366
0.0129166
0.0127943
0.0126695
0.0125426
0.0124135
0.0122824
0.0121495
0.0120148
0.0118784
0.0117405
0.0116012
0.0114606
0.0113188
0.0111759
0.011032
0.0108872
0.0107417
0.0105955
0.0104487
0.0103015
0.0101539
0.010006
0.0098579
0.00970973
0.00956156
0.00941347
0.00926554
0.00911786
0.00897051
0.00882356
0.00867709
0.00853117
0.00838587
0.00824126
0.0080974
0.00795435
0.00781217
0.00767093
0.00753068
0.00739146
0.00725333
0.00711634
0.00698053
0.00684595
0.00671263
0.00658062
0.00644994
0.00632065
0.00619275
0.0060663
0.00594131
0.00581781
0.00569582
0.00557536
0.00545646
0.00533913
0.00522339
0.00510925
0.00499672
0.00488582
0.00477655
0.00466892
0.00456294
0.00445862
0.00435594
0.00425492
0.00415556
0.00405786
0.00396181
0.00386741
0.00377465
0.00368354
0.00359406
0.0035062
0.00341996
0.00333533
0.0032523
0.00317085
0.00309098
0.00301267
0.0029359
0.00286067
0.00278697
0.00271476
0.00264405
0.00257481
0.00250702
0.00244068
0.00237576
0.00231224
0.00225011
0.00218934
0.00212993
0.00207184
0.00201507
0.00195959
0.00190538
0.00185242
0.0018007
0.0017502
0.00170088
0.00165274
0.00160576
0.00155991
0.00151518
0.00147154
0.00142897
0.00138747
0.00134699
0.00130754
0.00126908
0.0012316
0.00119508
0.0011595
0.00112484
0.00109108
0.00105821
0.0010262
0.000995039
0.000964708
0.000935188
0.000906463
0.000878515
0.000851326
0.000824881
0.000799161
0.000774152
0.000749836
0.000726198
0.000703222
0.000680893
0.000659194
0.000638113
0.000617632
0.000597739
0.000578419
0.000559657
0.000541441
0.000523756
0.00050659
0.000489928
0.00047376
0.000458071
0.000442851
0.000428085
0.000413764
0.000399875
0.000386407
0.000373349
0.00036069
0.00034842
0.000336527
0.000325002
0.000313835
0.000303017
0.000292536
0.000282385
0.000272554
0.000263034
0.000253817
0.000244893
0.000236256
0.000227896
0.000219805
0.000211977
0.000204403
0.000197076
0.000189989
0.000183135
0.000176507
0.000170098
0.000163903
0.000157913
0.000152125
0.00014653
0.000141125
0.000135902
0.000130856
0.000125983
0.000121276
0.00011673
0.000112341
0.000108104
0.000104014
0.000100066
9.6256e-05
9.25795e-05
8.90324e-05
8.56106e-05
8.23101e-05
7.91269e-05
7.60573e-05
7.30976e-05
7.02444e-05
6.74941e-05
6.48434e-05
6.22891e-05
5.9828e-05
5.7457e-05
5.51732e-05
5.29738e-05
5.0856e-05
4.8817e-05
4.68544e-05
4.49655e-05
4.3148e-05
4.13995e-05
3.97179e-05
3.81009e-05
3.65465e-05
3.50527e-05
3.36177e-05
3.22395e-05
3.09167e-05
2.96475e-05
2.84305e-05
2.72642e-05
2.61476e-05
2.50793e-05
2.40585e-05
2.30842e-05
2.21559e-05
2.12729e-05
2.04351e-05
1.96423e-05
1.88947e-05
1.81928e-05
1.75374e-05
1.69298e-05
1.63717e-05
1.58652e-05
1.54133e-05
1.50196e-05
1.46891e-05
1.44275e-05
1.42425e-05
1.41439e-05
5.68691e-06
1.82144e-05
3.19306e-05
4.68978e-05
6.3197e-05
8.09159e-05
0.000100144
0.000120969
0.000143476
0.000167744
0.00019385
0.000221867
0.000251864
0.000283911
0.000318074
0.000354418
0.000393007
0.000433906
0.000477177
0.000522882
0.000571084
0.000621843
0.000675217
0.000731265
0.000790045
0.000851609
0.000916011
0.000983303
0.00105353
0.00112674
0.00120298
0.00128228
0.00136469
0.00145023
0.00153895
0.00163085
0.00172597
0.00182433
0.00192595
0.00203082
0.00213897
0.00225039
0.00236509
0.00248305
0.00260427
0.00272873
0.00285642
0.0029873
0.00312134
0.00325853
0.0033988
0.00354213
0.00368846
0.00383774
0.00398991
0.0041449
0.00430265
0.00446309
0.00462613
0.00479169
0.00495968
0.00513002
0.0053026
0.00547733
0.00565409
0.00583278
0.00601328
0.00619548
0.00637926
0.00656448
0.00675101
0.00693873
0.0071275
0.00731717
0.00750761
0.00769868
0.00789021
0.00808207
0.0082741
0.00846615
0.00865807
0.00884969
0.00904086
0.00923142
0.00942121
0.00961007
0.00979783
0.00998435
0.0101695
0.010353
0.0105348
0.0107147
0.0108926
0.0110683
0.0112416
0.0114124
0.0115806
0.0117459
0.0119083
0.0120677
0.0122238
0.0123765
0.0125257
0.0126714
0.0128132
0.0129513
0.0130853
0.0132152
0.013341
0.0134624
0.0135794
0.013692
0.0137999
0.0139032
0.0140018
0.0140955
0.0141844
0.0142683
0.0143472
0.0144211
0.0144899
0.0145535
0.014612
0.0146654
0.0147135
0.0147563
0.014794
0.0148264
0.0148536
0.0148755
0.0148922
0.0149037
0.0149101
0.0149112
0.0149076
0.0148986
0.0148845
0.0148655
0.0148415
0.0148127
0.014779
0.0147406
0.0146975
0.0146498
0.0145976
0.0145409
0.0144799
0.0144146
0.0143451
0.0142716
0.014194
0.0141126
0.0140273
0.0139384
0.0138459
0.0137499
0.0136506
0.013548
0.0134423
0.0133336
0.0132219
0.0131075
0.0129904
0.0128707
0.0127485
0.0126241
0.0124974
0.0123686
0.0122378
0.0121052
0.0119708
0.0118348
0.0116973
0.0115583
0.0114181
0.0112767
0.0111342
0.0109907
0.0108463
0.0107012
0.0105554
0.0104091
0.0102622
0.0101151
0.00996763
0.00982001
0.0096723
0.00952459
0.00937697
0.00922951
0.0090823
0.00893543
0.00878896
0.00864297
0.00849753
0.00835272
0.00820859
0.00806522
0.00792266
0.00778097
0.00764022
0.00750045
0.00736172
0.00722408
0.00708757
0.00695224
0.00681814
0.0066853
0.00655377
0.00642357
0.00629474
0.00616732
0.00604133
0.0059168
0.00579376
0.00567222
0.00555222
0.00543377
0.00531688
0.00520158
0.00508787
0.00497578
0.0048653
0.00475645
0.00464924
0.00454367
0.00443975
0.00433748
0.00423686
0.00413789
0.00404057
0.0039449
0.00385087
0.00375849
0.00366773
0.00357861
0.00349111
0.00340522
0.00332093
0.00323823
0.00315711
0.00307757
0.00299957
0.00292313
0.00284821
0.0027748
0.0027029
0.00263247
0.00256352
0.00249602
0.00242995
0.00236529
0.00230204
0.00224017
0.00217966
0.00212049
0.00206265
0.00200612
0.00195087
0.0018969
0.00184417
0.00179267
0.00174237
0.00169327
0.00164534
0.00159856
0.0015529
0.00150836
0.00146491
0.00142253
0.0013812
0.0013409
0.00130162
0.00126333
0.00122601
0.00118965
0.00115423
0.00111972
0.00108611
0.00105338
0.00102151
0.000990487
0.000960289
0.0009309
0.000902302
0.000874477
0.000847409
0.000821081
0.000795476
0.000770578
0.00074637
0.000722838
0.000699965
0.000677735
0.000656134
0.000635147
0.000614758
0.000594955
0.000575721
0.000557045
0.00053891
0.000521306
0.000504217
0.000487631
0.000471536
0.000455919
0.000440767
0.000426069
0.000411814
0.000397988
0.000384582
0.000371584
0.000358983
0.000346768
0.00033493
0.000323459
0.000312343
0.000301574
0.000291142
0.000281038
0.000271252
0.000261777
0.000252602
0.00024372
0.000235123
0.000226802
0.000218749
0.000210957
0.000203418
0.000196126
0.000189072
0.00018225
0.000175653
0.000169275
0.000163108
0.000157147
0.000151386
0.000145818
0.000140438
0.000135239
0.000130218
0.000125367
0.000120683
0.000116159
0.000111791
0.000107574
0.000103503
9.95739e-05
9.57821e-05
9.21233e-05
8.85932e-05
8.51878e-05
8.19031e-05
7.87352e-05
7.56804e-05
7.2735e-05
6.98956e-05
6.71586e-05
6.45207e-05
6.19787e-05
5.95296e-05
5.71701e-05
5.48975e-05
5.27088e-05
5.06013e-05
4.85723e-05
4.66192e-05
4.47396e-05
4.29311e-05
4.11912e-05
3.95179e-05
3.79089e-05
3.63622e-05
3.48758e-05
3.34479e-05
3.20767e-05
3.07605e-05
2.94977e-05
2.82869e-05
2.71266e-05
2.60157e-05
2.4953e-05
2.39375e-05
2.29684e-05
2.20451e-05
2.1167e-05
2.03338e-05
1.95455e-05
1.88023e-05
1.81047e-05
1.74534e-05
1.68498e-05
1.62955e-05
1.57926e-05
1.53442e-05
1.49539e-05
1.46263e-05
1.43673e-05
1.41843e-05
1.40868e-05
5.73021e-06
1.83557e-05
3.21865e-05
4.72884e-05
6.37428e-05
8.16343e-05
0.000101047
0.000122063
0.00014476
0.000169214
0.000195498
0.000223683
0.000253838
0.000286031
0.000320327
0.000356793
0.000395494
0.000436493
0.000479855
0.000525641
0.000573914
0.000624734
0.00067816
0.000734251
0.000793061
0.000854647
0.000919059
0.000986349
0.00105656
0.00112975
0.00120594
0.00128519
0.00136753
0.00145299
0.0015416
0.00163338
0.00172837
0.00182657
0.001928
0.00203268
0.00214061
0.0022518
0.00236623
0.00248391
0.00260482
0.00272895
0.00285627
0.00298677
0.00312041
0.00325716
0.00339697
0.00353981
0.00368563
0.00383436
0.00398596
0.00414035
0.00429747
0.00445725
0.0046196
0.00478444
0.00495169
0.00512126
0.00529304
0.00546693
0.00564284
0.00582064
0.00600023
0.00618148
0.00636428
0.0065485
0.00673401
0.00692068
0.00710837
0.00729695
0.00748626
0.00767618
0.00786654
0.00805721
0.00824803
0.00843884
0.0086295
0.00881985
0.00900973
0.00919899
0.00938746
0.00957498
0.0097614
0.00994656
0.0101303
0.0103125
0.0104929
0.0106714
0.0108479
0.0110221
0.0111941
0.0113635
0.0115302
0.0116942
0.0118552
0.0120131
0.0121678
0.0123192
0.012467
0.0126113
0.0127518
0.0128885
0.0130212
0.0131498
0.0132742
0.0133944
0.0135101
0.0136214
0.0137281
0.0138302
0.0139276
0.0140202
0.0141079
0.0141907
0.0142685
0.0143413
0.0144091
0.0144718
0.0145293
0.0145817
0.0146289
0.0146709
0.0147077
0.0147393
0.0147657
0.0147869
0.0148029
0.0148138
0.0148195
0.0148201
0.0148159
0.0148064
0.0147919
0.0147724
0.014748
0.0147188
0.0146848
0.0146461
0.0146028
0.0145549
0.0145025
0.0144457
0.0143846
0.0143193
0.0142498
0.0141762
0.0140987
0.0140174
0.0139323
0.0138435
0.0137513
0.0136555
0.0135565
0.0134542
0.0133488
0.0132404
0.0131292
0.0130151
0.0128985
0.0127793
0.0126576
0.0125337
0.0124076
0.0122794
0.0121492
0.0120173
0.0118835
0.0117482
0.0116114
0.0114732
0.0113337
0.011193
0.0110513
0.0109086
0.010765
0.0106207
0.0104758
0.0103303
0.0101844
0.0100381
0.00989154
0.00974482
0.00959803
0.00945124
0.00930455
0.00915803
0.00901177
0.00886584
0.00872033
0.0085753
0.00843083
0.00828698
0.00814382
0.00800142
0.00785983
0.00771911
0.00757933
0.00744053
0.00730277
0.00716609
0.00703055
0.00689619
0.00676304
0.00663115
0.00650057
0.00637131
0.00624342
0.00611693
0.00599187
0.00586826
0.00574613
0.0056255
0.00550639
0.00538883
0.00527282
0.00515839
0.00504555
0.0049343
0.00482467
0.00471666
0.00461028
0.00450552
0.00440241
0.00430093
0.00420109
0.0041029
0.00400634
0.00391143
0.00381814
0.00372649
0.00363646
0.00354805
0.00346124
0.00337604
0.00329243
0.0032104
0.00312994
0.00305103
0.00297367
0.00289785
0.00282354
0.00275073
0.00267942
0.00260957
0.00254119
0.00247424
0.00240872
0.0023446
0.00228188
0.00222052
0.00216051
0.00210184
0.00204449
0.00198843
0.00193365
0.00188012
0.00182784
0.00177677
0.00172691
0.00167822
0.0016307
0.00158431
0.00153905
0.00149489
0.00145181
0.00140979
0.00136882
0.00132887
0.00128992
0.00125196
0.00121497
0.00117892
0.0011438
0.0011096
0.00107628
0.00104383
0.00101224
0.000981492
0.000951558
0.000922427
0.00089408
0.0008665
0.00083967
0.000813574
0.000788195
0.000763517
0.000739524
0.0007162
0.00069353
0.000671498
0.000650089
0.000629288
0.000609082
0.000589455
0.000570394
0.000551884
0.000533913
0.000516466
0.000499531
0.000483095
0.000467144
0.000451668
0.000436653
0.000422089
0.000407962
0.000394262
0.000380977
0.000368097
0.000355611
0.000343508
0.000331778
0.000320411
0.000309397
0.000298726
0.00028839
0.000278379
0.000268683
0.000259294
0.000250204
0.000241404
0.000232886
0.000224642
0.000216664
0.000208944
0.000201475
0.00019425
0.000187262
0.000180503
0.000173968
0.000167649
0.00016154
0.000155635
0.000149927
0.000144411
0.000139082
0.000133932
0.000128958
0.000124153
0.000119512
0.000115031
0.000110704
0.000106527
0.000102495
9.86032e-05
9.48474e-05
9.12233e-05
8.77268e-05
8.43538e-05
8.11003e-05
7.79627e-05
7.4937e-05
7.20198e-05
6.92075e-05
6.64968e-05
6.38842e-05
6.13667e-05
5.89411e-05
5.66044e-05
5.43537e-05
5.21861e-05
5.0099e-05
4.80897e-05
4.61556e-05
4.42943e-05
4.25033e-05
4.07805e-05
3.91235e-05
3.75302e-05
3.59987e-05
3.4527e-05
3.31133e-05
3.17557e-05
3.04526e-05
2.92024e-05
2.80038e-05
2.68553e-05
2.57557e-05
2.47039e-05
2.3699e-05
2.27401e-05
2.18266e-05
2.0958e-05
2.0134e-05
1.93547e-05
1.86201e-05
1.79308e-05
1.72876e-05
1.66918e-05
1.6145e-05
1.56494e-05
1.52078e-05
1.48239e-05
1.45021e-05
1.42481e-05
1.4069e-05
1.39738e-05
5.79354e-06
1.85627e-05
3.25618e-05
4.78613e-05
6.45419e-05
8.2682e-05
0.000102357
0.00012364
0.000146602
0.000171312
0.000197839
0.000226252
0.000256617
0.000289003
0.000323476
0.000360103
0.000398948
0.000440076
0.000483552
0.000529439
0.000577797
0.000628688
0.000682171
0.000738303
0.000797139
0.000858734
0.000923139
0.000990403
0.00106057
0.00113369
0.00120981
0.00128895
0.00137116
0.00145646
0.00154489
0.00163647
0.00173122
0.00182917
0.00193031
0.00203467
0.00214225
0.00225305
0.00236706
0.00248429
0.00260471
0.00272832
0.00285508
0.00298498
0.00311798
0.00325405
0.00339315
0.00353524
0.00368025
0.00382815
0.00397887
0.00413234
0.00428849
0.00444726
0.00460857
0.00477232
0.00493844
0.00510682
0.00527739
0.00545002
0.00562462
0.00580108
0.00597928
0.00615911
0.00634044
0.00652315
0.00670712
0.00689221
0.00707828
0.0072652
0.00745282
0.00764101
0.00782962
0.0080185
0.0082075
0.00839647
0.00858526
0.00877371
0.00896166
0.00914897
0.00933547
0.00952101
0.00970542
0.00988855
0.0100703
0.0102504
0.0104287
0.0106052
0.0107796
0.0109518
0.0111216
0.0112889
0.0114536
0.0116154
0.0117744
0.0119302
0.0120829
0.0122322
0.012378
0.0125202
0.0126587
0.0127934
0.0129241
0.0130508
0.0131733
0.0132916
0.0134055
0.0135149
0.0136198
0.0137202
0.0138158
0.0139067
0.0139927
0.0140739
0.0141502
0.0142214
0.0142877
0.0143489
0.014405
0.0144561
0.014502
0.0145427
0.0145783
0.0146088
0.0146341
0.0146542
0.0146692
0.0146792
0.014684
0.0146838
0.0146787
0.0146685
0.0146533
0.0146332
0.0146083
0.0145786
0.0145442
0.0145051
0.0144615
0.0144133
0.0143607
0.0143038
0.0142426
0.0141772
0.0141077
0.0140342
0.0139568
0.0138757
0.0137908
0.0137023
0.0136103
0.013515
0.0134164
0.0133145
0.0132097
0.0131019
0.0129912
0.0128779
0.0127619
0.0126434
0.0125226
0.0123995
0.0122742
0.0121469
0.0120177
0.0118867
0.011754
0.0116197
0.0114839
0.0113468
0.0112084
0.0110689
0.0109284
0.0107869
0.0106445
0.0105015
0.0103578
0.0102136
0.010069
0.00992405
0.00977884
0.00963348
0.00948805
0.00934265
0.00919735
0.00905223
0.00890739
0.00876288
0.00861879
0.0084752
0.00833216
0.00818975
0.00804804
0.00790708
0.00776694
0.00762767
0.00748933
0.00735198
0.00721566
0.00708042
0.00694631
0.00681337
0.00668165
0.00655118
0.006422
0.00629414
0.00616764
0.00604254
0.00591885
0.0057966
0.00567582
0.00555653
0.00543876
0.00532251
0.00520781
0.00509467
0.0049831
0.00487313
0.00476475
0.00465797
0.00455281
0.00444927
0.00434734
0.00424704
0.00414837
0.00405132
0.0039559
0.00386209
0.00376991
0.00367934
0.00359037
0.00350301
0.00341724
0.00333306
0.00325044
0.0031694
0.0030899
0.00301195
0.00293553
0.00286062
0.00278722
0.0027153
0.00264485
0.00257586
0.00250831
0.00244219
0.00237747
0.00231415
0.0022522
0.0021916
0.00213234
0.0020744
0.00201776
0.0019624
0.0019083
0.00185545
0.00180382
0.0017534
0.00170416
0.00165609
0.00160916
0.00156337
0.00151868
0.00147508
0.00143255
0.00139106
0.00135061
0.00131117
0.00127273
0.00123525
0.00119874
0.00116315
0.00112849
0.00109472
0.00106183
0.00102981
0.000998628
0.000968274
0.00093873
0.000909978
0.000882
0.00085478
0.000828301
0.000802546
0.0007775
0.000753145
0.000729467
0.00070645
0.000684079
0.000662337
0.000641211
0.000620686
0.000600747
0.00058138
0.000562572
0.000544308
0.000526576
0.000509362
0.000492652
0.000476435
0.000460698
0.000445429
0.000430616
0.000416246
0.000402309
0.000388793
0.000375688
0.000362981
0.000350663
0.000338724
0.000327152
0.000315939
0.000305075
0.000294549
0.000284353
0.000274478
0.000264914
0.000255653
0.000246687
0.000238008
0.000229606
0.000221475
0.000213606
0.000205992
0.000198626
0.0001915
0.000184608
0.000177943
0.000171498
0.000165266
0.000159241
0.000153418
0.000147789
0.00014235
0.000137094
0.000132017
0.000127111
0.000122373
0.000117798
0.000113379
0.000109113
0.000104994
0.000101018
9.71812e-05
9.34781e-05
8.9905e-05
8.64577e-05
8.31322e-05
7.99246e-05
7.68313e-05
7.38484e-05
7.09725e-05
6.82001e-05
6.55278e-05
6.29523e-05
6.04706e-05
5.80795e-05
5.57762e-05
5.35576e-05
5.1421e-05
4.93638e-05
4.73833e-05
4.5477e-05
4.36424e-05
4.18773e-05
4.01793e-05
3.85463e-05
3.69762e-05
3.54669e-05
3.40167e-05
3.26236e-05
3.12859e-05
3.0002e-05
2.87703e-05
2.75895e-05
2.64582e-05
2.53752e-05
2.43394e-05
2.33499e-05
2.24059e-05
2.15068e-05
2.06521e-05
1.98416e-05
1.90752e-05
1.83532e-05
1.76761e-05
1.70447e-05
1.64602e-05
1.59243e-05
1.54391e-05
1.50075e-05
1.46328e-05
1.43194e-05
1.40726e-05
1.38991e-05
1.38072e-05
5.87504e-06
1.88293e-05
3.30461e-05
4.86002e-05
6.5568e-05
8.40178e-05
0.000104013
0.000125617
0.00014889
0.000173896
0.000200702
0.000229371
0.000259973
0.000292573
0.000327238
0.000364036
0.000403032
0.000444293
0.000487881
0.000533861
0.000582295
0.000633241
0.000686759
0.000742906
0.000801737
0.000863303
0.000927657
0.000994845
0.00106491
0.00113791
0.00121386
0.00129282
0.00137481
0.00145986
0.00154801
0.00163927
0.00173367
0.00183122
0.00193193
0.00203581
0.00214288
0.00225312
0.00236653
0.0024831
0.00260283
0.00272569
0.00285166
0.00298072
0.00311283
0.00324796
0.00338606
0.00352709
0.00367101
0.00381774
0.00396725
0.00411945
0.00427429
0.00443168
0.00459155
0.00475381
0.00491838
0.00508517
0.00525408
0.005425
0.00559784
0.00577248
0.00594881
0.00612672
0.00630608
0.00648677
0.00666867
0.00685163
0.00703554
0.00722024
0.00740561
0.0075915
0.00777777
0.00796426
0.00815085
0.00833736
0.00852366
0.00870958
0.00889499
0.00907971
0.00926361
0.00944651
0.00962828
0.00980874
0.00998775
0.0101652
0.0103408
0.0105145
0.0106862
0.0108557
0.0110227
0.0111873
0.0113493
0.0115084
0.0116646
0.0118178
0.0119677
0.0121143
0.0122575
0.0123971
0.012533
0.0126651
0.0127933
0.0129174
0.0130374
0.0131532
0.0132647
0.0133718
0.0134744
0.0135724
0.0136658
0.0137545
0.0138384
0.0139175
0.0139917
0.014061
0.0141254
0.0141847
0.0142391
0.0142884
0.0143326
0.0143718
0.0144058
0.0144348
0.0144587
0.0144776
0.0144913
0.0145001
0.0145038
0.0145026
0.0144965
0.0144854
0.0144694
0.0144486
0.014423
0.0143927
0.0143578
0.0143183
0.0142743
0.0142258
0.014173
0.014116
0.0140547
0.0139893
0.0139199
0.0138466
0.0137694
0.0136885
0.013604
0.0135159
0.0134245
0.0133297
0.0132316
0.0131305
0.0130264
0.0129194
0.0128096
0.0126971
0.0125821
0.0124647
0.0123449
0.0122229
0.0120989
0.0119728
0.0118448
0.0117151
0.0115838
0.0114509
0.0113166
0.0111809
0.0110441
0.0109061
0.0107671
0.0106272
0.0104866
0.0103452
0.0102032
0.0100607
0.00991786
0.00977466
0.00963124
0.00948768
0.00934407
0.0092005
0.00905705
0.0089138
0.00877082
0.0086282
0.008486
0.0083443
0.00820317
0.00806267
0.00792286
0.00778381
0.00764558
0.00750822
0.00737179
0.00723633
0.00710191
0.00696857
0.00683634
0.00670529
0.00657543
0.00644683
0.0063195
0.00619349
0.00606882
0.00594553
0.00582364
0.00570319
0.00558418
0.00546665
0.00535062
0.0052361
0.00512311
0.00501167
0.00490178
0.00479346
0.00468672
0.00458156
0.004478
0.00437604
0.00427568
0.00417692
0.00407976
0.00398422
0.00389027
0.00379792
0.00370718
0.00361802
0.00353045
0.00344446
0.00336004
0.00327718
0.00319587
0.00311611
0.00303788
0.00296117
0.00288597
0.00281226
0.00274003
0.00266927
0.00259996
0.00253208
0.00246563
0.00240057
0.00233691
0.00227461
0.00221367
0.00215406
0.00209577
0.00203878
0.00198307
0.00192862
0.00187542
0.00182344
0.00177266
0.00172307
0.00167465
0.00162738
0.00158124
0.00153621
0.00149226
0.00144939
0.00140757
0.00136679
0.00132702
0.00128824
0.00125044
0.0012136
0.0011777
0.00114272
0.00110864
0.00107545
0.00104312
0.00101164
0.000980993
0.000951158
0.000922118
0.000893858
0.00086636
0.000839607
0.000813583
0.000788271
0.000763656
0.000739722
0.000716453
0.000693834
0.000671849
0.000650485
0.000629725
0.000609557
0.000589965
0.000570935
0.000552455
0.00053451
0.000517087
0.000500174
0.000483758
0.000467825
0.000452364
0.000437364
0.000422811
0.000408694
0.000395003
0.000381726
0.000368851
0.00035637
0.00034427
0.000332542
0.000321176
0.000310163
0.000299491
0.000289153
0.000279139
0.00026944
0.000260047
0.000250952
0.000242146
0.000233622
0.000225371
0.000217386
0.000209658
0.000202181
0.000194948
0.000187951
0.000181183
0.000174638
0.00016831
0.000162191
0.000156275
0.000150557
0.000145031
0.000139691
0.000134531
0.000129546
0.00012473
0.000120079
0.000115586
0.000111249
0.000107061
0.000103017
9.91146e-05
9.53479e-05
9.17129e-05
8.82056e-05
8.48218e-05
8.15577e-05
7.84094e-05
7.53733e-05
7.24456e-05
6.9623e-05
6.6902e-05
6.42794e-05
6.17518e-05
5.93163e-05
5.69698e-05
5.47094e-05
5.25323e-05
5.04357e-05
4.8417e-05
4.64737e-05
4.46032e-05
4.28032e-05
4.10713e-05
3.94054e-05
3.78033e-05
3.62629e-05
3.47824e-05
3.33598e-05
3.19933e-05
3.06813e-05
2.94221e-05
2.82143e-05
2.70564e-05
2.59472e-05
2.48855e-05
2.38703e-05
2.29007e-05
2.19758e-05
2.10951e-05
2.02582e-05
1.94649e-05
1.87152e-05
1.80092e-05
1.73476e-05
1.67312e-05
1.61612e-05
1.56392e-05
1.51673e-05
1.47482e-05
1.43852e-05
1.40824e-05
1.38447e-05
1.36782e-05
1.35904e-05
5.97239e-06
1.91477e-05
3.36251e-05
4.94806e-05
6.67797e-05
8.55758e-05
0.000105919
0.00012786
0.000151454
0.00017676
0.000203839
0.000232759
0.000263583
0.000296381
0.00033122
0.000368167
0.000407289
0.000448651
0.000492318
0.000538353
0.000586817
0.00063777
0.00069127
0.000747372
0.000806131
0.000867597
0.000931821
0.000998847
0.00106872
0.00114148
0.00121717
0.00129583
0.00137747
0.00146214
0.00154986
0.00164065
0.00173453
0.00183152
0.00193161
0.00203483
0.00214118
0.00225064
0.00236323
0.00247892
0.0025977
0.00271956
0.00284447
0.0029724
0.00310333
0.0032372
0.00337399
0.00351365
0.00365612
0.00380134
0.00394927
0.00409983
0.00425295
0.00440857
0.00456659
0.00472694
0.00488954
0.00505428
0.00522107
0.00538982
0.00556041
0.00573275
0.00590671
0.00608219
0.00625906
0.00643719
0.00661648
0.00679677
0.00697796
0.00715988
0.00734242
0.00752544
0.00770878
0.0078923
0.00807587
0.00825933
0.00844253
0.00862533
0.00880756
0.00898909
0.00916976
0.00934942
0.00952791
0.00970508
0.00988078
0.0100549
0.0102272
0.0103975
0.0105659
0.010732
0.0108957
0.011057
0.0112156
0.0113714
0.0115243
0.0116741
0.0118208
0.0119642
0.0121041
0.0122405
0.0123732
0.0125022
0.0126273
0.0127484
0.0128654
0.0129782
0.0130868
0.013191
0.0132908
0.0133861
0.0134768
0.0135629
0.0136443
0.0137209
0.0137927
0.0138597
0.0139218
0.013979
0.0140312
0.0140785
0.0141207
0.014158
0.0141903
0.0142176
0.0142399
0.0142572
0.0142696
0.014277
0.0142794
0.0142771
0.0142699
0.0142578
0.0142409
0.0142193
0.014193
0.0141621
0.0141267
0.0140867
0.0140424
0.0139937
0.0139407
0.0138836
0.0138223
0.013757
0.0136878
0.0136148
0.013538
0.0134575
0.0133735
0.0132861
0.0131953
0.0131012
0.0130041
0.0129039
0.0128007
0.0126948
0.0125861
0.0124749
0.0123611
0.012245
0.0121266
0.0120061
0.0118836
0.0117591
0.0116327
0.0115047
0.0113751
0.011244
0.0111115
0.0109777
0.0108427
0.0107067
0.0105697
0.0104319
0.0102933
0.010154
0.0100142
0.00987384
0.00973313
0.00959214
0.00945094
0.00930963
0.00916829
0.00902701
0.00888586
0.00874491
0.00860426
0.00846397
0.00832412
0.00818477
0.00804598
0.00790784
0.00777039
0.0076337
0.00749782
0.00736282
0.00722873
0.00709563
0.00696354
0.00683253
0.00670263
0.00657388
0.00644633
0.00632001
0.00619496
0.00607121
0.00594878
0.00582772
0.00570805
0.00558978
0.00547296
0.00535758
0.00524369
0.00513128
0.00502039
0.00491101
0.00480317
0.00469688
0.00459214
0.00448897
0.00438736
0.00428732
0.00418887
0.00409199
0.00399669
0.00390296
0.00381082
0.00372025
0.00363125
0.00354382
0.00345794
0.00337362
0.00329084
0.0032096
0.00312989
0.00305169
0.00297499
0.00289979
0.00282607
0.00275382
0.00268302
0.00261366
0.00254573
0.0024792
0.00241407
0.00235032
0.00228793
0.00222689
0.00216717
0.00210876
0.00205165
0.00199581
0.00194122
0.00188788
0.00183575
0.00178483
0.00173509
0.00168651
0.00163908
0.00159278
0.00154758
0.00150347
0.00146043
0.00141844
0.00137748
0.00133754
0.00129859
0.00126062
0.0012236
0.00118753
0.00115237
0.00111812
0.00108475
0.00105225
0.0010206
0.000989777
0.000959771
0.000930561
0.000902131
0.000874465
0.000847545
0.000821356
0.000795881
0.000771104
0.000747009
0.000723582
0.000700806
0.000678667
0.000657149
0.000636239
0.000615921
0.000596182
0.000577008
0.000558385
0.0005403
0.000522739
0.00050569
0.00048914
0.000473076
0.000457485
0.000442357
0.00042768
0.000413441
0.000399629
0.000386233
0.000373243
0.000360648
0.000348437
0.000336599
0.000325126
0.000314007
0.000303233
0.000292794
0.000282681
0.000272886
0.000263398
0.000254211
0.000245315
0.000236702
0.000228365
0.000220295
0.000212485
0.000204928
0.000197616
0.000190541
0.000183699
0.00017708
0.00017068
0.000164491
0.000158508
0.000152724
0.000147133
0.000141729
0.000136508
0.000131462
0.000126588
0.00012188
0.000117332
0.00011294
0.0001087
0.000104605
0.000100653
9.68373e-05
9.31551e-05
8.96019e-05
8.61734e-05
8.28658e-05
7.96752e-05
7.65979e-05
7.36303e-05
7.07689e-05
6.80101e-05
6.53507e-05
6.27875e-05
6.03173e-05
5.79371e-05
5.5644e-05
5.34351e-05
5.13076e-05
4.92589e-05
4.72863e-05
4.53875e-05
4.35598e-05
4.18011e-05
4.0109e-05
3.84815e-05
3.69163e-05
3.54116e-05
3.39653e-05
3.25758e-05
3.12411e-05
2.99597e-05
2.87301e-05
2.75507e-05
2.64202e-05
2.53374e-05
2.43012e-05
2.33104e-05
2.23644e-05
2.14623e-05
2.06035e-05
1.97878e-05
1.90149e-05
1.82848e-05
1.75979e-05
1.69546e-05
1.63558e-05
1.58028e-05
1.5297e-05
1.48406e-05
1.44362e-05
1.40868e-05
1.37962e-05
1.3569e-05
1.34106e-05
1.33276e-05
6.0825e-06
1.95065e-05
3.42777e-05
5.04639e-05
6.81097e-05
8.72502e-05
0.000107923
0.000130173
0.000154049
0.000179609
0.000206915
0.000236032
0.000267025
0.000299965
0.000334917
0.000371951
0.000411133
0.000452528
0.0004962
0.000542212
0.000590625
0.000641497
0.000694884
0.000750841
0.000809421
0.000870673
0.000934644
0.00100138
0.00107092
0.00114331
0.00121858
0.00129677
0.0013779
0.00146201
0.00154911
0.00163923
0.00173238
0.00182858
0.00192784
0.00203015
0.00213553
0.00224396
0.00235545
0.00246997
0.00258752
0.00270807
0.00283161
0.00295809
0.00308749
0.00321977
0.00335488
0.00349279
0.00363343
0.00377675
0.0039227
0.0040712
0.00422219
0.00437559
0.00453132
0.00468931
0.00484946
0.00501168
0.00517588
0.00534195
0.0055098
0.00567932
0.00585039
0.00602291
0.00619675
0.00637179
0.00654792
0.00672499
0.00690289
0.00708147
0.00726061
0.00744017
0.00762001
0.00779998
0.00797994
0.00815975
0.00833926
0.00851833
0.00869681
0.00887455
0.00905139
0.0092272
0.00940182
0.0095751
0.0097469
0.00991707
0.0100855
0.0102519
0.0104163
0.0105785
0.0107383
0.0108956
0.0110503
0.0112023
0.0113513
0.0114974
0.0116402
0.0117798
0.011916
0.0120488
0.0121778
0.0123032
0.0124247
0.0125423
0.0126559
0.0127654
0.0128706
0.0129716
0.0130682
0.0131604
0.0132481
0.0133312
0.0134097
0.0134835
0.0135527
0.013617
0.0136766
0.0137313
0.0137812
0.0138262
0.0138663
0.0139016
0.0139319
0.0139574
0.0139779
0.0139936
0.0140044
0.0140104
0.0140115
0.014008
0.0139996
0.0139865
0.0139688
0.0139464
0.0139194
0.0138879
0.013852
0.0138117
0.0137671
0.0137183
0.0136652
0.0136082
0.0135471
0.013482
0.0134132
0.0133406
0.0132644
0.0131846
0.0131014
0.0130148
0.0129249
0.0128319
0.0127358
0.0126368
0.012535
0.0124304
0.0123232
0.0122135
0.0121013
0.0119869
0.0118702
0.0117515
0.0116308
0.0115083
0.011384
0.011258
0.0111305
0.0110016
0.0108713
0.0107398
0.0106072
0.0104735
0.0103389
0.0102035
0.0100674
0.00993066
0.00979337
0.00965564
0.00951755
0.0093792
0.00924067
0.00910204
0.00896341
0.00882485
0.00868643
0.00854824
0.00841035
0.00827284
0.00813576
0.00799919
0.0078632
0.00772784
0.00759318
0.00745928
0.00732619
0.00719397
0.00706266
0.00693232
0.00680299
0.00667472
0.00654755
0.00642152
0.00629667
0.00617304
0.00605066
0.00592956
0.00580977
0.00569132
0.00557424
0.00545854
0.00534426
0.00523141
0.00512001
0.00501008
0.00490163
0.00479467
0.00468923
0.0045853
0.00448289
0.00438202
0.00428269
0.00418491
0.00408867
0.00399398
0.00390083
0.00380924
0.00371919
0.00363069
0.00354372
0.00345829
0.00337438
0.003292
0.00321113
0.00313176
0.00305389
0.00297751
0.00290259
0.00282914
0.00275714
0.00268657
0.00261743
0.0025497
0.00248336
0.0024184
0.0023548
0.00229255
0.00223164
0.00217204
0.00211373
0.00205671
0.00200096
0.00194645
0.00189316
0.00184109
0.00179022
0.00174051
0.00169196
0.00164455
0.00159826
0.00155307
0.00150897
0.00146592
0.00142392
0.00138295
0.00134299
0.00130402
0.00126601
0.00122897
0.00119285
0.00115766
0.00112336
0.00108994
0.00105739
0.00102569
0.000994811
0.000964747
0.000935479
0.000906988
0.000879259
0.000852275
0.00082602
0.000800479
0.000775634
0.000751471
0.000727974
0.000705128
0.000682918
0.000661329
0.000640348
0.000619959
0.000600148
0.000580902
0.000562207
0.00054405
0.000526418
0.000509298
0.000492676
0.000476541
0.000460881
0.000445683
0.000430936
0.000416629
0.000402749
0.000389286
0.000376229
0.000363568
0.000351291
0.00033939
0.000327853
0.000316671
0.000305835
0.000295335
0.000285161
0.000275306
0.00026576
0.000256515
0.000247563
0.000238894
0.000230502
0.000222378
0.000214515
0.000206906
0.000199542
0.000192418
0.000185526
0.00017886
0.000172412
0.000166177
0.000160148
0.000154319
0.000148684
0.000143238
0.000137975
0.000132888
0.000127974
0.000123226
0.00011864
0.000114211
0.000109934
0.000105803
0.000101816
9.79664e-05
9.42509e-05
9.0665e-05
8.72047e-05
8.38661e-05
8.06452e-05
7.75384e-05
7.4542e-05
7.16524e-05
6.88662e-05
6.61801e-05
6.35909e-05
6.10953e-05
5.86904e-05
5.63731e-05
5.41407e-05
5.19903e-05
4.99192e-05
4.79249e-05
4.60048e-05
4.41564e-05
4.23775e-05
4.06657e-05
3.90189e-05
3.74348e-05
3.59116e-05
3.44473e-05
3.304e-05
3.16879e-05
3.03893e-05
2.91427e-05
2.79465e-05
2.67993e-05
2.56998e-05
2.46469e-05
2.36394e-05
2.26763e-05
2.17569e-05
2.08804e-05
2.00464e-05
1.92545e-05
1.85045e-05
1.77964e-05
1.71307e-05
1.65078e-05
1.59286e-05
1.53944e-05
1.49066e-05
1.44673e-05
1.40788e-05
1.37443e-05
1.3467e-05
1.32512e-05
1.31015e-05
1.30236e-05
6.19923e-06
1.9885e-05
3.49673e-05
5.14811e-05
6.94399e-05
8.88663e-05
0.000109794
0.000132265
0.000156332
0.00018205
0.000209485
0.0002387
0.000269764
0.000302744
0.000337708
0.000374723
0.000413857
0.000455172
0.000498733
0.0005446
0.000592834
0.00064349
0.000696624
0.000752289
0.000810535
0.00087141
0.000934959
0.00100123
0.00107025
0.00114207
0.00121671
0.00129422
0.00137462
0.00145793
0.00154417
0.00163337
0.00172553
0.00182067
0.0019188
0.00201992
0.00212402
0.00223111
0.00234117
0.00245419
0.00257016
0.00268905
0.00281084
0.0029355
0.00306299
0.00319327
0.00332631
0.00346205
0.00360044
0.00374143
0.00388495
0.00403094
0.00417932
0.00433004
0.004483
0.00463813
0.00479533
0.00495453
0.00511562
0.0052785
0.00544308
0.00560925
0.00577689
0.00594591
0.00611617
0.00628756
0.00645997
0.00663326
0.0068073
0.00698197
0.00715714
0.00733267
0.00750842
0.00768426
0.00786004
0.00803563
0.00821088
0.00838565
0.00855979
0.00873317
0.00890562
0.00907702
0.00924721
0.00941605
0.00958339
0.0097491
0.00991302
0.010075
0.010235
0.0103927
0.0105481
0.010701
0.0108513
0.0109989
0.0111436
0.0112854
0.011424
0.0115594
0.0116914
0.01182
0.0119451
0.0120664
0.0121841
0.0122978
0.0124076
0.0125133
0.0126149
0.0127124
0.0128055
0.0128943
0.0129787
0.0130586
0.013134
0.0132048
0.013271
0.0133325
0.0133894
0.0134416
0.013489
0.0135316
0.0135695
0.0136026
0.0136309
0.0136544
0.0136732
0.0136872
0.0136965
0.013701
0.0137009
0.0136962
0.0136867
0.0136727
0.0136541
0.013631
0.0136035
0.0135716
0.0135353
0.0134948
0.0134501
0.0134013
0.0133485
0.0132916
0.0132309
0.0131664
0.0130982
0.0130263
0.0129509
0.0128721
0.0127899
0.0127044
0.0126158
0.0125241
0.0124295
0.012332
0.0122318
0.0121289
0.0120235
0.0119157
0.0118055
0.0116931
0.0115786
0.0114621
0.0113437
0.0112235
0.0111016
0.0109781
0.0108531
0.0107268
0.0105991
0.0104703
0.0103404
0.0102096
0.0100779
0.00994533
0.00981213
0.00967833
0.00954402
0.00940931
0.00927427
0.00913899
0.00900355
0.00886805
0.00873255
0.00859714
0.00846189
0.00832688
0.00819218
0.00805786
0.00792398
0.00779062
0.00765783
0.00752568
0.00739422
0.00726351
0.00713361
0.00700456
0.00687642
0.00674924
0.00662306
0.00649792
0.00637386
0.00625093
0.00612916
0.00600859
0.00588924
0.00577115
0.00565435
0.00553887
0.00542472
0.00531194
0.00520054
0.00509054
0.00498197
0.00487483
0.00476914
0.00466492
0.00456217
0.00446091
0.00436114
0.00426288
0.00416611
0.00407086
0.00397711
0.00388489
0.00379417
0.00370497
0.00361727
0.00353109
0.0034464
0.00336322
0.00328152
0.00320131
0.00312258
0.00304532
0.00296951
0.00289516
0.00282224
0.00275074
0.00268066
0.00261198
0.00254469
0.00247878
0.00241422
0.002351
0.00228912
0.00222855
0.00216928
0.00211129
0.00205457
0.00199909
0.00194485
0.00189182
0.00183999
0.00178934
0.00173985
0.00169151
0.00164429
0.00159817
0.00155315
0.0015092
0.00146631
0.00142445
0.00138361
0.00134376
0.0013049
0.00126701
0.00123006
0.00119403
0.00115892
0.0011247
0.00109136
0.00105887
0.00102722
0.000996402
0.000966387
0.000937162
0.000908711
0.000881017
0.000854064
0.000827836
0.000802317
0.000777491
0.000753344
0.00072986
0.000707024
0.000684822
0.000663238
0.000642258
0.000621868
0.000602055
0.000582805
0.000564103
0.000545938
0.000528296
0.000511163
0.000494529
0.00047838
0.000462704
0.000447489
0.000432724
0.000418397
0.000404498
0.000391014
0.000377936
0.000365252
0.000352953
0.000341028
0.000329467
0.000318261
0.0003074
0.000296875
0.000286677
0.000276796
0.000267225
0.000257954
0.000248975
0.000240281
0.000231862
0.000223713
0.000215824
0.000208188
0.000200799
0.000193649
0.000186731
0.000180039
0.000173566
0.000167306
0.000161252
0.000155399
0.000149739
0.000144269
0.000138981
0.000133872
0.000128934
0.000124163
0.000119554
0.000115103
0.000110803
0.000106651
0.000102642
9.87713e-05
9.5035e-05
9.14286e-05
8.79483e-05
8.45899e-05
8.13496e-05
7.82237e-05
7.52085e-05
7.23006e-05
6.94964e-05
6.67926e-05
6.4186e-05
6.16734e-05
5.92518e-05
5.69182e-05
5.46698e-05
5.25037e-05
5.04172e-05
4.84078e-05
4.64729e-05
4.46101e-05
4.28169e-05
4.10911e-05
3.94305e-05
3.7833e-05
3.62965e-05
3.48191e-05
3.33988e-05
3.20339e-05
3.07226e-05
2.94633e-05
2.82545e-05
2.70947e-05
2.59826e-05
2.49168e-05
2.38962e-05
2.29199e-05
2.19868e-05
2.10962e-05
2.02474e-05
1.944e-05
1.86737e-05
1.79482e-05
1.72638e-05
1.66207e-05
1.60195e-05
1.54611e-05
1.49466e-05
1.44776e-05
1.40561e-05
1.36842e-05
1.33649e-05
1.31012e-05
1.28969e-05
1.27561e-05
1.26833e-05
6.31683e-06
2.02468e-05
3.56121e-05
5.23811e-05
7.05412e-05
9.01222e-05
0.000111164
0.000133715
0.000157828
0.000183563
0.000210984
0.000240157
0.000271148
0.000304024
0.000338853
0.0003757
0.000414631
0.000455708
0.000498992
0.000544544
0.00059242
0.000642676
0.000695365
0.000750537
0.00080824
0.00086852
0.000931421
0.000996983
0.00106524
0.00113624
0.00121
0.00128655
0.00136593
0.00144815
0.00153323
0.00162119
0.00171204
0.0018058
0.00190246
0.00200202
0.00210449
0.00220986
0.00231812
0.00242925
0.00254323
0.00266005
0.00277968
0.00290208
0.00302722
0.00315506
0.00328556
0.00341867
0.00355433
0.0036925
0.0038331
0.00397608
0.00412136
0.00426888
0.00441855
0.00457029
0.00472402
0.00487965
0.00503709
0.00519624
0.00535699
0.00551925
0.00568291
0.00584786
0.00601398
0.00618116
0.00634928
0.00651821
0.00668784
0.00685803
0.00702866
0.00719959
0.00737069
0.00754183
0.00771288
0.00788368
0.00805412
0.00822404
0.0083933
0.00856177
0.0087293
0.00889576
0.009061
0.00922489
0.00938727
0.00954802
0.009707
0.00986406
0.0100191
0.0101719
0.0103224
0.0104705
0.010616
0.0107588
0.0108988
0.0110359
0.0111699
0.0113007
0.0114283
0.0115524
0.0116731
0.0117902
0.0119035
0.0120131
0.0121189
0.0122207
0.0123184
0.0124121
0.0125015
0.0125868
0.0126677
0.0127442
0.0128164
0.0128841
0.0129473
0.013006
0.0130601
0.0131096
0.0131545
0.0131947
0.0132304
0.0132613
0.0132877
0.0133093
0.0133264
0.0133388
0.0133466
0.0133498
0.0133485
0.0133427
0.0133324
0.0133176
0.0132984
0.0132748
0.0132469
0.0132148
0.0131784
0.013138
0.0130934
0.0130449
0.0129925
0.0129362
0.0128762
0.0128125
0.0127452
0.0126744
0.0126001
0.0125225
0.0124417
0.0123578
0.0122708
0.0121808
0.012088
0.0119925
0.0118943
0.0117935
0.0116903
0.0115848
0.011477
0.0113671
0.0112551
0.0111412
0.0110255
0.010908
0.010789
0.0106684
0.0105464
0.010423
0.0102985
0.0101728
0.0100461
0.00991848
0.00979002
0.00966082
0.00953096
0.00940055
0.00926967
0.0091384
0.00900684
0.00887506
0.00874314
0.00861118
0.00847924
0.0083474
0.00821573
0.00808431
0.0079532
0.00782248
0.0076922
0.00756244
0.00743325
0.00730469
0.00717681
0.00704968
0.00692334
0.00679785
0.00667325
0.00654958
0.00642691
0.00630525
0.00618466
0.00606517
0.00594681
0.00582963
0.00571365
0.0055989
0.0054854
0.0053732
0.0052623
0.00515273
0.00504451
0.00493767
0.00483221
0.00472815
0.0046255
0.00452429
0.00442451
0.00432618
0.00422931
0.00413389
0.00403994
0.00394747
0.00385646
0.00376693
0.00367887
0.00359228
0.00350716
0.00342351
0.00334132
0.00326059
0.00318131
0.00310348
0.00302708
0.0029521
0.00287855
0.0028064
0.00273566
0.00266629
0.0025983
0.00253168
0.0024664
0.00240246
0.00233983
0.00227852
0.00221849
0.00215975
0.00210226
0.00204602
0.00199101
0.00193721
0.00188461
0.00183318
0.00178292
0.00173381
0.00168582
0.00163894
0.00159316
0.00154845
0.0015048
0.00146219
0.0014206
0.00138002
0.00134043
0.0013018
0.00126413
0.0012274
0.00119158
0.00115666
0.00112263
0.00108946
0.00105714
0.00102565
0.000994981
0.000965109
0.00093602
0.000907697
0.000880124
0.000853286
0.000827167
0.00080175
0.000777022
0.000752966
0.000729568
0.000706813
0.000684686
0.000663173
0.00064226
0.000621933
0.000602179
0.000582983
0.000564332
0.000546214
0.000528616
0.000511525
0.000494928
0.000478814
0.00046317
0.000447985
0.000433247
0.000418944
0.000405067
0.000391604
0.000378543
0.000365876
0.000353591
0.000341679
0.000330129
0.000318932
0.000308079
0.000297561
0.000287368
0.000277491
0.000267923
0.000258654
0.000249676
0.000240981
0.000232562
0.00022441
0.000216519
0.00020888
0.000201487
0.000194332
0.000187409
0.000180711
0.000174232
0.000167965
0.000161904
0.000156042
0.000150375
0.000144897
0.000139601
0.000134482
0.000129535
0.000124755
0.000120137
0.000115676
0.000111367
0.000107205
0.000103186
9.9305e-05
9.55585e-05
9.19421e-05
8.84515e-05
8.50829e-05
8.18325e-05
7.86964e-05
7.56711e-05
7.2753e-05
6.99388e-05
6.72249e-05
6.46084e-05
6.20859e-05
5.96545e-05
5.73111e-05
5.5053e-05
5.28773e-05
5.07813e-05
4.87624e-05
4.68182e-05
4.4946e-05
4.31437e-05
4.14087e-05
3.97391e-05
3.81325e-05
3.65871e-05
3.51007e-05
3.36715e-05
3.22976e-05
3.09773e-05
2.9709e-05
2.84911e-05
2.73221e-05
2.62005e-05
2.51251e-05
2.40946e-05
2.3108e-05
2.21642e-05
2.12625e-05
2.04019e-05
1.9582e-05
1.88022e-05
1.80623e-05
1.73622e-05
1.6702e-05
1.60821e-05
1.55029e-05
1.49655e-05
1.44709e-05
1.40206e-05
1.36165e-05
1.32609e-05
1.29563e-05
1.27056e-05
1.25123e-05
1.23797e-05
1.23117e-05
6.44792e-06
2.05383e-05
3.60331e-05
5.28577e-05
7.10124e-05
9.05483e-05
0.000111513
0.000133957
0.000157934
0.000183506
0.000210733
0.000239681
0.000270415
0.000303
0.000337502
0.000373983
0.000412508
0.000453136
0.000495927
0.000540938
0.000588224
0.000637838
0.000689831
0.000744251
0.000801143
0.000860551
0.000922516
0.000987076
0.00105427
0.00112412
0.00119667
0.00127193
0.00134994
0.00143071
0.00151426
0.00160061
0.00168977
0.00178173
0.00187651
0.00197411
0.00207452
0.00217773
0.00228374
0.00239252
0.00250406
0.00261833
0.00273531
0.00285496
0.00297725
0.00310214
0.00322959
0.00335954
0.00349195
0.00362676
0.0037639
0.00390332
0.00404495
0.00418871
0.00433452
0.00448232
0.00463201
0.0047835
0.00493671
0.00509154
0.00524789
0.00540567
0.00556476
0.00572506
0.00588646
0.00604884
0.0062121
0.0063761
0.00654073
0.00670587
0.0068714
0.00703717
0.00720307
0.00736897
0.00753473
0.00770022
0.0078653
0.00802985
0.00819372
0.00835678
0.00851889
0.00867993
0.00883974
0.0089982
0.00915518
0.00931053
0.00946413
0.00961584
0.00976553
0.00991307
0.0100583
0.0102012
0.0103416
0.0104793
0.0106142
0.0107463
0.0108754
0.0110014
0.0111242
0.0112436
0.0113597
0.0114723
0.0115813
0.0116866
0.0117881
0.0118858
0.0119796
0.0120693
0.0121551
0.0122367
0.0123141
0.0123873
0.0124562
0.0125207
0.012581
0.0126368
0.0126882
0.0127351
0.0127776
0.0128155
0.012849
0.012878
0.0129025
0.0129225
0.012938
0.012949
0.0129556
0.0129577
0.0129555
0.0129489
0.0129379
0.0129226
0.012903
0.0128792
0.0128513
0.0128192
0.0127831
0.0127431
0.0126991
0.0126512
0.0125996
0.0125442
0.0124853
0.0124227
0.0123568
0.0122874
0.0122147
0.0121388
0.0120598
0.0119778
0.0118929
0.0118051
0.0117145
0.0116213
0.0115256
0.0114274
0.0113269
0.0112241
0.0111191
0.0110121
0.0109032
0.0107923
0.0106798
0.0105656
0.0104498
0.0103326
0.010214
0.0100941
0.00997309
0.009851
0.00972793
0.00960398
0.00947923
0.00935378
0.00922772
0.00910113
0.0089741
0.00884671
0.00871905
0.00859119
0.00846322
0.00833521
0.00820723
0.00807936
0.00795168
0.00782424
0.00769712
0.00757038
0.00744408
0.00731829
0.00719306
0.00706846
0.00694452
0.00682132
0.0066989
0.0065773
0.00645657
0.00633676
0.00621791
0.00610006
0.00598324
0.0058675
0.00575287
0.00563937
0.00552704
0.00541592
0.00530601
0.00519736
0.00508998
0.00498389
0.00487912
0.00477567
0.00467357
0.00457284
0.00447347
0.0043755
0.00427892
0.00418374
0.00408998
0.00399763
0.00390671
0.00381721
0.00372914
0.00364249
0.00355728
0.00347349
0.00339113
0.00331019
0.00323067
0.00315256
0.00307585
0.00300055
0.00292663
0.0028541
0.00278295
0.00271316
0.00264472
0.00257762
0.00251186
0.00244741
0.00238427
0.00232242
0.00226185
0.00220255
0.00214449
0.00208768
0.00203208
0.00197769
0.00192449
0.00187246
0.00182159
0.00177187
0.00172326
0.00167577
0.00162937
0.00158404
0.00153977
0.00149654
0.00145433
0.00141314
0.00137293
0.00133369
0.00129541
0.00125807
0.00122165
0.00118613
0.00115151
0.00111775
0.00108485
0.00105278
0.00102154
0.000991103
0.000961454
0.000932578
0.000904459
0.000877081
0.000850429
0.000824487
0.00079924
0.000774674
0.000750772
0.000727521
0.000704906
0.000682912
0.000661527
0.000640734
0.000620522
0.000600877
0.000581785
0.000563233
0.000545209
0.000527699
0.000510692
0.000494175
0.000478136
0.000462564
0.000447446
0.000432772
0.00041853
0.000404709
0.000391299
0.000378289
0.000365669
0.000353429
0.000341559
0.000330048
0.000318888
0.00030807
0.000297583
0.00028742
0.000277571
0.000268029
0.000258784
0.000249828
0.000241154
0.000232754
0.00022462
0.000216744
0.00020912
0.00020174
0.000194598
0.000187686
0.000180997
0.000174527
0.000168268
0.000162213
0.000156358
0.000150696
0.000145222
0.000139929
0.000134813
0.000129869
0.00012509
0.000120473
0.000116012
0.000111703
0.00010754
0.00010352
9.96384e-05
9.58902e-05
9.22716e-05
8.87785e-05
8.54072e-05
8.21536e-05
7.90142e-05
7.59853e-05
7.30634e-05
7.02451e-05
6.75271e-05
6.49062e-05
6.23792e-05
5.99431e-05
5.75949e-05
5.53319e-05
5.31512e-05
5.10501e-05
4.9026e-05
4.70764e-05
4.51989e-05
4.3391e-05
4.16506e-05
3.99753e-05
3.83631e-05
3.68118e-05
3.53195e-05
3.38843e-05
3.25044e-05
3.11779e-05
2.99032e-05
2.86788e-05
2.75029e-05
2.63744e-05
2.52917e-05
2.42536e-05
2.3259e-05
2.23067e-05
2.13959e-05
2.05257e-05
1.96954e-05
1.89044e-05
1.81523e-05
1.74388e-05
1.67638e-05
1.61275e-05
1.55302e-05
1.49725e-05
1.44552e-05
1.39795e-05
1.35468e-05
1.31589e-05
1.2818e-05
1.25265e-05
1.22872e-05
1.21032e-05
1.19775e-05
1.19134e-05
)
;

boundaryField
{
    frontAndBack
    {
        type            empty;
    }
    inlet
    {
        type            uniformFixedValue;
        uniformValue    
        {
            type            table;
            values          
4
(
(0 0)
(0.05 1)
(0.1 1)
(0.15 0)
)
;
        }
        value           uniform 0;
    }
    outlet
    {
        type            zeroGradient;
    }
    substrate
    {
        type            firstorder;
        value           nonuniform List<scalar> 
400
(
6.41622e-06
2.0432e-05
3.58398e-05
5.25652e-05
7.06084e-05
9.00199e-05
0.000110847
0.000133138
0.000156948
0.000182335
0.000209361
0.00023809
0.000268586
0.000300912
0.000335133
0.000371311
0.000409508
0.000449783
0.000492194
0.000536798
0.000583647
0.000632794
0.000684288
0.000738176
0.000794501
0.000853307
0.000914633
0.000978516
0.00104499
0.00111409
0.00118583
0.00126026
0.00133738
0.00141722
0.0014998
0.00158512
0.0016732
0.00176405
0.00185766
0.00195404
0.00205317
0.00215506
0.00225969
0.00236705
0.00247711
0.00258985
0.00270524
0.00282325
0.00294385
0.00306699
0.00319263
0.00332073
0.00345123
0.00358407
0.0037192
0.00385656
0.00399606
0.00413765
0.00428125
0.00442678
0.00457415
0.00472329
0.00487409
0.00502647
0.00518033
0.00533557
0.00549209
0.00564978
0.00580853
0.00596823
0.00612877
0.00629003
0.0064519
0.00661424
0.00677694
0.00693987
0.00710291
0.00726592
0.00742879
0.00759137
0.00775354
0.00791517
0.00807611
0.00823624
0.00839543
0.00855354
0.00871044
0.00886599
0.00902007
0.00917254
0.00932328
0.00947214
0.00961901
0.00976376
0.00990627
0.0100464
0.010184
0.0103191
0.0104514
0.0105809
0.0107074
0.0108309
0.0109513
0.0110683
0.0111821
0.0112923
0.0113991
0.0115022
0.0116016
0.0116972
0.011789
0.0118769
0.0119607
0.0120405
0.0121162
0.0121878
0.0122551
0.0123182
0.012377
0.0124314
0.0124815
0.0125273
0.0125686
0.0126056
0.0126381
0.0126662
0.0126899
0.0127092
0.0127241
0.0127346
0.0127407
0.0127424
0.0127399
0.012733
0.0127219
0.0127065
0.012687
0.0126633
0.0126355
0.0126037
0.012568
0.0125283
0.0124848
0.0124374
0.0123864
0.0123318
0.0122736
0.0122119
0.0121468
0.0120784
0.0120067
0.0119319
0.0118541
0.0117733
0.0116896
0.0116031
0.0115139
0.0114222
0.0113279
0.0112312
0.0111323
0.0110311
0.0109278
0.0108225
0.0107153
0.0106062
0.0104955
0.0103831
0.0102692
0.0101539
0.0100372
0.00991936
0.00980033
0.00968026
0.00955923
0.00943733
0.00931466
0.00919131
0.00906735
0.00894289
0.00881799
0.00869274
0.00856723
0.00844154
0.00831573
0.00818988
0.00806408
0.00793839
0.00781287
0.00768761
0.00756265
0.00743808
0.00731395
0.00719031
0.00706723
0.00694476
0.00682296
0.00670188
0.00658156
0.00646206
0.00634341
0.00622567
0.00610887
0.00599306
0.00587827
0.00576453
0.00565188
0.00554036
0.00542998
0.00532078
0.00521279
0.00510602
0.00500051
0.00489627
0.00479332
0.00469168
0.00459136
0.00449238
0.00439475
0.00429849
0.00420359
0.00411008
0.00401795
0.00392722
0.00383789
0.00374996
0.00366343
0.0035783
0.00349458
0.00341226
0.00333135
0.00325183
0.0031737
0.00309696
0.0030216
0.00294762
0.002875
0.00280375
0.00273384
0.00266527
0.00259804
0.00253212
0.00246751
0.0024042
0.00234217
0.00228141
0.00222191
0.00216365
0.00210662
0.0020508
0.00199618
0.00194275
0.00189049
0.00183938
0.0017894
0.00174055
0.00169281
0.00164615
0.00160057
0.00155604
0.00151255
0.00147008
0.00142862
0.00138815
0.00134865
0.00131011
0.0012725
0.00123582
0.00120004
0.00116515
0.00113114
0.00109798
0.00106566
0.00103416
0.00100347
0.000973568
0.000944443
0.000916077
0.000888455
0.000861561
0.00083538
0.000809896
0.000785096
0.000760963
0.000737484
0.000714644
0.000692429
0.000670824
0.000649817
0.000629392
0.000609538
0.00059024
0.000571485
0.000553261
0.000535556
0.000518356
0.000501649
0.000485425
0.000469669
0.000454372
0.000439522
0.000425107
0.000411117
0.000397541
0.000384369
0.000371589
0.000359193
0.000347169
0.000335508
0.000324202
0.000313239
0.000302612
0.000292311
0.000282328
0.000272654
0.00026328
0.000254199
0.000245402
0.000236881
0.00022863
0.00022064
0.000212903
0.000205414
0.000198165
0.000191149
0.000184359
0.00017779
0.000171434
0.000165285
0.000159338
0.000153587
0.000148025
0.000142647
0.000137449
0.000132424
0.000127567
0.000122873
0.000118337
0.000113956
0.000109722
0.000105634
0.000101685
9.78717e-05
9.41899e-05
9.06354e-05
8.72042e-05
8.38926e-05
8.06967e-05
7.7613e-05
7.46377e-05
7.17676e-05
6.89993e-05
6.63295e-05
6.3755e-05
6.12728e-05
5.88799e-05
5.65733e-05
5.43504e-05
5.22083e-05
5.01445e-05
4.81563e-05
4.62413e-05
4.4397e-05
4.26212e-05
4.09116e-05
3.9266e-05
3.76824e-05
3.61586e-05
3.46928e-05
3.32831e-05
3.19276e-05
3.06246e-05
2.93726e-05
2.81698e-05
2.70148e-05
2.59063e-05
2.48428e-05
2.38231e-05
2.28461e-05
2.19108e-05
2.10162e-05
2.01614e-05
1.93458e-05
1.85688e-05
1.78301e-05
1.71292e-05
1.64662e-05
1.58412e-05
1.52545e-05
1.47067e-05
1.41985e-05
1.37313e-05
1.33062e-05
1.29252e-05
1.25903e-05
1.2304e-05
1.2069e-05
1.18882e-05
1.17649e-05
1.17021e-05
)
;
    }
    Wall
    {
        type            firstorder;
        value           nonuniform List<scalar> 
400
(
6.41598e-06
2.04315e-05
3.5839e-05
5.25642e-05
7.06069e-05
9.00176e-05
0.000110844
0.000133134
0.000156942
0.000182328
0.000209352
0.000238079
0.000268573
0.000300897
0.000335115
0.00037129
0.000409484
0.000449755
0.000492163
0.000536763
0.000583609
0.000632752
0.000684242
0.000738125
0.000794446
0.000853248
0.000914569
0.000978447
0.00104492
0.00111401
0.00118575
0.00126017
0.00133728
0.00141712
0.00149969
0.00158501
0.00167308
0.00176392
0.00185753
0.0019539
0.00205303
0.00215491
0.00225953
0.00236688
0.00247693
0.00258966
0.00270504
0.00282305
0.00294364
0.00306677
0.00319241
0.00332049
0.00345098
0.00358382
0.00371894
0.00385628
0.00399578
0.00413736
0.00428095
0.00442647
0.00457383
0.00472296
0.00487375
0.00502612
0.00517997
0.0053352
0.00549171
0.00564939
0.00580813
0.00596783
0.00612836
0.00628961
0.00645146
0.00661379
0.00677648
0.0069394
0.00710243
0.00726544
0.0074283
0.00759087
0.00775303
0.00791464
0.00807558
0.0082357
0.00839488
0.00855298
0.00870988
0.00886542
0.00901949
0.00917195
0.00932268
0.00947154
0.0096184
0.00976314
0.00990564
0.0100458
0.0101834
0.0103184
0.0104508
0.0105802
0.0107068
0.0108303
0.0109506
0.0110677
0.0111814
0.0112917
0.0113984
0.0115015
0.0116009
0.0116966
0.0117883
0.0118762
0.01196
0.0120398
0.0121155
0.0121871
0.0122544
0.0123175
0.0123763
0.0124307
0.0124809
0.0125266
0.012568
0.0126049
0.0126375
0.0126656
0.0126893
0.0127086
0.0127234
0.0127339
0.01274
0.0127418
0.0127392
0.0127324
0.0127213
0.0127059
0.0126864
0.0126627
0.0126349
0.0126031
0.0125674
0.0125277
0.0124842
0.0124369
0.0123859
0.0123312
0.012273
0.0122114
0.0121463
0.0120779
0.0120062
0.0119315
0.0118536
0.0117728
0.0116891
0.0116027
0.0115135
0.0114217
0.0113275
0.0112308
0.0111319
0.0110307
0.0109274
0.0108221
0.0107149
0.0106059
0.0104951
0.0103828
0.0102689
0.0101536
0.0100369
0.00991906
0.00980004
0.00967998
0.00955895
0.00943707
0.00931441
0.00919106
0.00906712
0.00894266
0.00881777
0.00869253
0.00856703
0.00844134
0.00831553
0.0081897
0.0080639
0.00793821
0.00781271
0.00768745
0.0075625
0.00743794
0.00731381
0.00719018
0.0070671
0.00694464
0.00682285
0.00670177
0.00658146
0.00646196
0.00634332
0.00622558
0.00610879
0.00599298
0.00587819
0.00576446
0.00565182
0.0055403
0.00542992
0.00532073
0.00521274
0.00510598
0.00500047
0.00489623
0.00479329
0.00469165
0.00459133
0.00449236
0.00439473
0.00429847
0.00420358
0.00411007
0.00401794
0.00392721
0.00383788
0.00374995
0.00366343
0.0035783
0.00349458
0.00341227
0.00333135
0.00325183
0.0031737
0.00309697
0.00302161
0.00294763
0.00287501
0.00280376
0.00273385
0.00266529
0.00259805
0.00253214
0.00246753
0.00240422
0.00234219
0.00228143
0.00222193
0.00216367
0.00210664
0.00205082
0.0019962
0.00194277
0.00189051
0.0018394
0.00178943
0.00174058
0.00169283
0.00164617
0.00160059
0.00155606
0.00151257
0.0014701
0.00142864
0.00138817
0.00134867
0.00131013
0.00127253
0.00123584
0.00120007
0.00116518
0.00113116
0.001098
0.00106568
0.00103418
0.00100349
0.000973589
0.000944463
0.000916097
0.000888475
0.000861581
0.000835399
0.000809916
0.000785115
0.000760982
0.000737503
0.000714662
0.000692447
0.000670842
0.000649834
0.000629409
0.000609554
0.000590256
0.000571501
0.000553277
0.000535571
0.000518371
0.000501664
0.000485439
0.000469684
0.000454387
0.000439536
0.000425121
0.000411131
0.000397555
0.000384382
0.000371602
0.000359205
0.000347181
0.00033552
0.000324213
0.000313251
0.000302623
0.000292322
0.000282339
0.000272664
0.00026329
0.000254209
0.000245411
0.000236891
0.000228639
0.000220649
0.000212912
0.000205423
0.000198173
0.000191157
0.000184367
0.000177797
0.000171441
0.000165293
0.000159345
0.000153594
0.000148032
0.000142654
0.000137455
0.00013243
0.000127573
0.000122879
0.000118343
0.000113961
0.000109728
0.000105639
0.00010169
9.78767e-05
9.41947e-05
9.06401e-05
8.72088e-05
8.38971e-05
8.0701e-05
7.76171e-05
7.46418e-05
7.17716e-05
6.90031e-05
6.63332e-05
6.37586e-05
6.12763e-05
5.88832e-05
5.65766e-05
5.43536e-05
5.22114e-05
5.01474e-05
4.81591e-05
4.6244e-05
4.43997e-05
4.26238e-05
4.09141e-05
3.92685e-05
3.76848e-05
3.61609e-05
3.4695e-05
3.32852e-05
3.19297e-05
3.06266e-05
2.93745e-05
2.81717e-05
2.70166e-05
2.5908e-05
2.48445e-05
2.38247e-05
2.28477e-05
2.19123e-05
2.10176e-05
2.01628e-05
1.93472e-05
1.85702e-05
1.78313e-05
1.71305e-05
1.64674e-05
1.58424e-05
1.52556e-05
1.47078e-05
1.41996e-05
1.37323e-05
1.33073e-05
1.29263e-05
1.25914e-05
1.2305e-05
1.207e-05
1.18892e-05
1.17657e-05
1.17028e-05
)
;
    }
}


// ************************************************************************* //
