/*--------------------------------*- C++ -*----------------------------------*\
  =========                 |
  \\      /  F ield         | OpenFOAM: The Open Source CFD Toolbox
   \\    /   O peration     | Website:  https://openfoam.org
    \\  /    A nd           | Version:  dev
     \\/     M anipulation  |
\*---------------------------------------------------------------------------*/
FoamFile
{
    format      ascii;
    class       volScalarField;
    location    "0.16";
    object      N1;
}
// * * * * * * * * * * * * * * * * * * * * * * * * * * * * * * * * * * * * * //

dimensions      [0 0 0 0 0 0 0];

internalField   nonuniform List<scalar> 
8000
(
0.00150141
0.00477495
0.0083514
0.0121945
0.0162836
0.0206073
0.0251521
0.0299027
0.0348436
0.0399586
0.0452307
0.050642
0.0561737
0.0618061
0.0675188
0.0732906
0.0791
0.0849254
0.0907448
0.0965367
0.10228
0.107954
0.113539
0.119016
0.124367
0.129576
0.134628
0.13951
0.144207
0.148711
0.153011
0.157099
0.160969
0.164616
0.168035
0.171224
0.174182
0.176907
0.179401
0.181666
0.183702
0.185514
0.187104
0.188479
0.189641
0.190596
0.191351
0.19191
0.192281
0.192469
0.192481
0.192325
0.192006
0.19153
0.190905
0.190138
0.189234
0.188202
0.187047
0.185776
0.184395
0.182911
0.18133
0.179658
0.177901
0.176064
0.174153
0.172174
0.170132
0.168031
0.165877
0.163675
0.161428
0.159143
0.156822
0.15447
0.152091
0.149689
0.147268
0.14483
0.14238
0.13992
0.137454
0.134984
0.132513
0.130045
0.127581
0.125123
0.122675
0.120238
0.117813
0.115404
0.113012
0.110638
0.108284
0.105951
0.103641
0.101355
0.0990942
0.0968595
0.094652
0.0924725
0.0903218
0.0882006
0.0861096
0.0840494
0.0820205
0.0800233
0.0780583
0.0761256
0.0742256
0.0723585
0.0705245
0.0687236
0.066956
0.0652216
0.0635204
0.0618524
0.0602175
0.0586154
0.0570462
0.0555095
0.0540052
0.052533
0.0510926
0.0496837
0.0483061
0.0469593
0.0456431
0.044357
0.0431008
0.0418739
0.0406759
0.0395066
0.0383654
0.0372518
0.0361656
0.0351061
0.034073
0.0330658
0.032084
0.0311272
0.0301949
0.0292867
0.0284021
0.0275405
0.0267017
0.025885
0.0250901
0.0243165
0.0235638
0.0228314
0.022119
0.021426
0.0207522
0.020097
0.01946
0.0188408
0.018239
0.0176542
0.017086
0.0165339
0.0159977
0.0154769
0.0149711
0.0144799
0.0140031
0.0135402
0.013091
0.0126549
0.0122318
0.0118213
0.0114231
0.0110368
0.0106621
0.0102988
0.00994653
0.00960499
0.00927391
0.00895302
0.00864203
0.00834069
0.00804873
0.00776589
0.00749194
0.00722662
0.00696969
0.00672093
0.00648011
0.00624701
0.00602141
0.00580309
0.00559186
0.00538751
0.00518985
0.00499869
0.00481383
0.00463509
0.00446231
0.00429529
0.00413389
0.00397792
0.00382724
0.00368167
0.00354108
0.00340531
0.00327422
0.00314766
0.0030255
0.00290761
0.00279384
0.00268409
0.00257821
0.0024761
0.00237763
0.00228269
0.00219117
0.00210296
0.00201795
0.00193605
0.00185715
0.00178115
0.00170797
0.00163751
0.00156967
0.00150438
0.00144155
0.0013811
0.00132295
0.00126702
0.00121323
0.00116151
0.0011118
0.00106402
0.00101811
0.000974
0.000931629
0.000890937
0.000851863
0.000814352
0.000778346
0.000743793
0.00071064
0.000678837
0.000648334
0.000619084
0.00059104
0.00056416
0.000538398
0.000513714
0.000490067
0.000467418
0.00044573
0.000424965
0.000405088
0.000386065
0.000367864
0.000350452
0.000333797
0.000317872
0.000302646
0.000288092
0.000274184
0.000260894
0.000248199
0.000236075
0.000224497
0.000213444
0.000202894
0.000192827
0.000183222
0.000174059
0.000165321
0.00015699
0.000149047
0.000141478
0.000134265
0.000127393
0.000120849
0.000114616
0.000108682
0.000103034
9.76594e-05
9.25454e-05
8.76808e-05
8.30544e-05
7.86554e-05
7.44737e-05
7.04994e-05
6.6723e-05
6.31354e-05
5.97279e-05
5.64923e-05
5.34204e-05
5.05048e-05
4.7738e-05
4.51131e-05
4.26232e-05
4.02621e-05
3.80235e-05
3.59015e-05
3.38906e-05
3.19853e-05
3.01806e-05
2.84714e-05
2.68531e-05
2.53212e-05
2.38714e-05
2.24997e-05
2.1202e-05
1.99748e-05
1.88145e-05
1.77175e-05
1.66809e-05
1.57013e-05
1.4776e-05
1.3902e-05
1.30769e-05
1.22979e-05
1.15627e-05
1.0869e-05
1.02146e-05
9.59745e-06
9.01551e-06
8.46693e-06
7.94991e-06
7.46275e-06
7.00384e-06
6.57164e-06
6.1647e-06
5.78162e-06
5.42109e-06
5.08187e-06
4.76277e-06
4.46267e-06
4.18051e-06
3.91528e-06
3.66602e-06
3.43183e-06
3.21185e-06
3.00526e-06
2.8113e-06
2.62924e-06
2.45839e-06
2.2981e-06
2.14776e-06
2.00677e-06
1.8746e-06
1.75072e-06
1.63463e-06
1.52588e-06
1.42402e-06
1.32865e-06
1.23937e-06
1.15581e-06
1.07762e-06
1.00449e-06
9.36089e-07
8.72139e-07
8.12363e-07
7.56502e-07
7.04312e-07
6.55565e-07
6.10045e-07
5.67549e-07
5.27887e-07
4.90879e-07
4.56357e-07
4.24162e-07
3.94146e-07
3.66169e-07
3.40099e-07
3.15814e-07
2.93199e-07
2.72146e-07
2.52554e-07
2.34328e-07
2.1738e-07
2.01627e-07
1.86993e-07
1.73407e-07
1.60803e-07
1.49119e-07
1.38298e-07
1.28291e-07
1.1905e-07
1.10532e-07
1.027e-07
9.55225e-08
8.89699e-08
8.30199e-08
7.76546e-08
7.28614e-08
6.86335e-08
6.49699e-08
6.18754e-08
5.93608e-08
5.74423e-08
5.61409e-08
5.54795e-08
0.00147167
0.00470988
0.00825912
0.0120933
0.0161885
0.0205286
0.0250981
0.029881
0.0348612
0.0400225
0.0453475
0.0508183
0.0564161
0.062121
0.0679124
0.073769
0.079669
0.0855905
0.0915112
0.0974092
0.103263
0.109051
0.114754
0.120352
0.125827
0.131162
0.136342
0.141351
0.146178
0.150811
0.15524
0.159457
0.163454
0.167226
0.170769
0.174079
0.177155
0.179996
0.182603
0.184975
0.187117
0.18903
0.190718
0.192184
0.193435
0.194474
0.195308
0.195942
0.196382
0.196635
0.196707
0.196607
0.196339
0.195909
0.195325
0.194593
0.193722
0.192716
0.191584
0.190331
0.188965
0.187491
0.185916
0.184246
0.182486
0.180644
0.178724
0.176731
0.174673
0.172553
0.170376
0.168148
0.165874
0.163557
0.161203
0.158815
0.156398
0.153955
0.151491
0.149009
0.146513
0.144005
0.141489
0.138969
0.136446
0.133924
0.131406
0.128893
0.126388
0.123894
0.121412
0.118945
0.116493
0.11406
0.111647
0.109254
0.106884
0.104538
0.102218
0.0999229
0.0976555
0.0954163
0.0932062
0.0910259
0.0888761
0.0867575
0.0846706
0.0826158
0.0805937
0.0786046
0.0766487
0.0747264
0.0728377
0.0709829
0.069162
0.067375
0.065622
0.0639029
0.0622177
0.0605661
0.0589481
0.0573635
0.0558121
0.0542936
0.0528077
0.0513542
0.0499327
0.048543
0.0471846
0.0458572
0.0445605
0.0432939
0.0420571
0.0408498
0.0396713
0.0385214
0.0373995
0.0363053
0.0352382
0.0341977
0.0331835
0.032195
0.0312317
0.0302933
0.0293791
0.0284889
0.0276219
0.0267779
0.0259563
0.0251567
0.0243786
0.0236215
0.022885
0.0221686
0.021472
0.0207946
0.0201359
0.0194957
0.0188734
0.0182687
0.0176811
0.0171102
0.0165556
0.0160169
0.0154938
0.0149858
0.0144926
0.0140138
0.0135491
0.0130981
0.0126604
0.0122358
0.0118238
0.0114241
0.0110365
0.0106606
0.0102962
0.00994279
0.00960023
0.00926821
0.00894643
0.00863462
0.00833251
0.00803983
0.00775634
0.00748178
0.00721591
0.00695848
0.00670925
0.00646801
0.00623453
0.00600859
0.00578997
0.00557847
0.00537389
0.00517603
0.00498469
0.00479969
0.00462084
0.00444796
0.00428089
0.00411944
0.00396346
0.00381278
0.00366724
0.00352669
0.00339097
0.00325995
0.00313349
0.00301143
0.00289365
0.00278002
0.0026704
0.00256468
0.00246273
0.00236443
0.00226966
0.00217833
0.00209031
0.0020055
0.0019238
0.00184511
0.00176933
0.00169636
0.00162611
0.0015585
0.00149344
0.00143083
0.00137061
0.00131268
0.00125697
0.00120342
0.00115193
0.00110244
0.00105489
0.0010092
0.000965318
0.000923169
0.000882697
0.000843842
0.000806546
0.000770754
0.000736412
0.000703467
0.000671868
0.000641567
0.000612516
0.000584669
0.00055798
0.000532407
0.000507909
0.000484444
0.000461973
0.000440459
0.000419865
0.000400155
0.000381296
0.000363254
0.000345998
0.000329496
0.000313719
0.000298638
0.000284225
0.000270454
0.000257298
0.000244734
0.000232735
0.000221281
0.000210347
0.000199914
0.000189959
0.000180463
0.000171406
0.000162771
0.000154539
0.000146693
0.000139217
0.000132095
0.00012531
0.00011885
0.000112699
0.000106844
0.000101273
9.59711e-05
9.09281e-05
8.61319e-05
8.15715e-05
7.72362e-05
7.31158e-05
6.92005e-05
6.5481e-05
6.19481e-05
5.85933e-05
5.54083e-05
5.23851e-05
4.95163e-05
4.67944e-05
4.42126e-05
4.17642e-05
3.94429e-05
3.72424e-05
3.51571e-05
3.31812e-05
3.13096e-05
2.9537e-05
2.78587e-05
2.62699e-05
2.47663e-05
2.33436e-05
2.19978e-05
2.07249e-05
1.95213e-05
1.83836e-05
1.73082e-05
1.62922e-05
1.53323e-05
1.44258e-05
1.35698e-05
1.27617e-05
1.1999e-05
1.12794e-05
1.06005e-05
9.9602e-06
9.35646e-06
8.7873e-06
8.25089e-06
7.74545e-06
7.2693e-06
6.82086e-06
6.39861e-06
6.00111e-06
5.62702e-06
5.27502e-06
4.94389e-06
4.63248e-06
4.33967e-06
4.06442e-06
3.80575e-06
3.5627e-06
3.3344e-06
3.12e-06
2.91869e-06
2.72973e-06
2.55241e-06
2.38604e-06
2.22999e-06
2.08365e-06
1.94645e-06
1.81786e-06
1.69736e-06
1.58446e-06
1.47873e-06
1.37972e-06
1.28703e-06
1.20029e-06
1.11912e-06
1.04319e-06
9.72174e-07
9.05779e-07
8.43715e-07
7.85714e-07
7.31525e-07
6.80908e-07
6.33642e-07
5.89515e-07
5.4833e-07
5.099e-07
4.7405e-07
4.40616e-07
4.09444e-07
3.80388e-07
3.53314e-07
3.28092e-07
3.04604e-07
2.82737e-07
2.62387e-07
2.43455e-07
2.2585e-07
2.09486e-07
1.94284e-07
1.80169e-07
1.67073e-07
1.54933e-07
1.43689e-07
1.33289e-07
1.23683e-07
1.14828e-07
1.06685e-07
9.92191e-08
9.24013e-08
8.62077e-08
8.06195e-08
7.56235e-08
7.12126e-08
6.73855e-08
6.41477e-08
6.15107e-08
5.94928e-08
5.81179e-08
5.74151e-08
0.00144555
0.00463009
0.00811802
0.0118992
0.0159563
0.0202716
0.024828
0.0296085
0.0345964
0.0397747
0.0451258
0.0506315
0.0562726
0.0620291
0.06788
0.0738039
0.0797786
0.0857816
0.0917906
0.097783
0.103737
0.109631
0.115444
0.121156
0.126749
0.132206
0.137509
0.142645
0.147599
0.15236
0.156918
0.161263
0.165388
0.169288
0.172956
0.176391
0.179589
0.182549
0.185272
0.187758
0.19001
0.192029
0.193819
0.195384
0.196728
0.197857
0.198776
0.199491
0.200007
0.200331
0.20047
0.20043
0.200221
0.199843
0.199307
0.198619
0.197786
0.196814
0.195712
0.194484
0.193139
0.191682
0.190119
0.188458
0.186703
0.184862
0.182939
0.180941
0.178873
0.17674
0.174548
0.172302
0.170005
0.167664
0.165283
0.162866
0.160417
0.157941
0.15544
0.15292
0.150384
0.147835
0.145276
0.14271
0.140142
0.137572
0.135005
0.132443
0.129887
0.127341
0.124807
0.122287
0.119782
0.117295
0.114827
0.11238
0.109955
0.107554
0.105178
0.102828
0.100505
0.0982104
0.0959451
0.0937099
0.0915054
0.0893324
0.0871914
0.085083
0.0830077
0.0809657
0.0789576
0.0769834
0.0750435
0.073138
0.0712671
0.0694307
0.0676289
0.0658618
0.0641291
0.0624309
0.0607669
0.059137
0.0575411
0.0559788
0.0544499
0.0529541
0.0514912
0.0500607
0.0486624
0.0472958
0.0459606
0.0446564
0.0433827
0.0421392
0.0409254
0.0397409
0.0385851
0.0374577
0.0363582
0.0352861
0.0342409
0.0332222
0.0322294
0.0312621
0.0303199
0.0294021
0.0285084
0.0276382
0.0267911
0.0259666
0.0251642
0.0243835
0.023624
0.0228852
0.0221667
0.021468
0.0207887
0.0201282
0.0194863
0.0188625
0.0182563
0.0176673
0.0170951
0.0165393
0.0159996
0.0154754
0.0149665
0.0144724
0.0139929
0.0135274
0.0130757
0.0126375
0.0122122
0.0117998
0.0113997
0.0110117
0.0106355
0.0102707
0.00991712
0.00957437
0.00924218
0.00892028
0.00860838
0.00830622
0.00801353
0.00773005
0.00745553
0.00718973
0.00693239
0.00668328
0.00644218
0.00620887
0.00598311
0.00576469
0.00555341
0.00534907
0.00515146
0.00496039
0.00477567
0.00459711
0.00442454
0.00425778
0.00409666
0.00394101
0.00379067
0.00364548
0.00350528
0.00336993
0.00323928
0.00311318
0.00299149
0.00287409
0.00276083
0.0026516
0.00254625
0.00244468
0.00234676
0.00225238
0.00216143
0.00207379
0.00198936
0.00190803
0.00182971
0.0017543
0.0016817
0.00161182
0.00154457
0.00147986
0.00141761
0.00135773
0.00130015
0.00124478
0.00119156
0.0011404
0.00109124
0.001044
0.000998632
0.000955055
0.000913209
0.000873035
0.000834471
0.000797462
0.00076195
0.000727883
0.000695207
0.000663872
0.000633828
0.000605028
0.000577427
0.000550978
0.00052564
0.000501369
0.000478127
0.000455874
0.000434571
0.000414183
0.000394674
0.00037601
0.000358157
0.000341085
0.000324763
0.00030916
0.000294248
0.000279999
0.000266387
0.000253386
0.00024097
0.000229117
0.000217803
0.000207005
0.000196703
0.000186875
0.000177502
0.000168565
0.000160045
0.000151924
0.000144186
0.000136813
0.00012979
0.000123103
0.000116735
0.000110674
0.000104906
9.94171e-05
9.41959e-05
8.92301e-05
8.45082e-05
8.00193e-05
7.57527e-05
7.16984e-05
6.78467e-05
6.41881e-05
6.07139e-05
5.74154e-05
5.42844e-05
5.13131e-05
4.8494e-05
4.58199e-05
4.32839e-05
4.08793e-05
3.85999e-05
3.64397e-05
3.43929e-05
3.24539e-05
3.06175e-05
2.88787e-05
2.72327e-05
2.56748e-05
2.42007e-05
2.28061e-05
2.14872e-05
2.024e-05
1.90609e-05
1.79466e-05
1.68936e-05
1.58988e-05
1.49593e-05
1.40721e-05
1.32345e-05
1.2444e-05
1.1698e-05
1.09943e-05
1.03306e-05
9.7047e-06
9.11466e-06
8.55854e-06
8.03452e-06
7.54085e-06
7.07589e-06
6.63808e-06
6.22591e-06
5.838e-06
5.47298e-06
5.1296e-06
4.80665e-06
4.50299e-06
4.21753e-06
3.94924e-06
3.69716e-06
3.46035e-06
3.23796e-06
3.02915e-06
2.83313e-06
2.64918e-06
2.47659e-06
2.3147e-06
2.16287e-06
2.02053e-06
1.8871e-06
1.76207e-06
1.64493e-06
1.53522e-06
1.43248e-06
1.33629e-06
1.24627e-06
1.16203e-06
1.08322e-06
1.00952e-06
9.40608e-07
8.76188e-07
8.15983e-07
7.59733e-07
7.07189e-07
6.58122e-07
6.12311e-07
5.69553e-07
5.29654e-07
4.92432e-07
4.57717e-07
4.2535e-07
3.95179e-07
3.67064e-07
3.40871e-07
3.16478e-07
2.93768e-07
2.72632e-07
2.52967e-07
2.3468e-07
2.17681e-07
2.01888e-07
1.87223e-07
1.73615e-07
1.60998e-07
1.49312e-07
1.385e-07
1.28512e-07
1.19302e-07
1.10829e-07
1.03057e-07
9.59565e-08
8.95013e-08
8.36718e-08
7.84541e-08
7.38406e-08
6.98302e-08
6.64289e-08
6.36499e-08
6.1514e-08
6.00499e-08
5.92959e-08
0.00142013
0.0045479
0.00796894
0.0116816
0.0156763
0.0199388
0.0244532
0.0292032
0.0341718
0.0393418
0.0446954
0.050214
0.055878
0.061667
0.0675598
0.0735345
0.0795684
0.0856387
0.0917225
0.0977968
0.103839
0.109827
0.11574
0.121558
0.12726
0.13283
0.138249
0.143504
0.148579
0.153463
0.158144
0.162614
0.166863
0.170886
0.174677
0.178233
0.181551
0.184628
0.187466
0.190065
0.192425
0.19455
0.196442
0.198105
0.199544
0.200764
0.201769
0.202565
0.203159
0.203556
0.203763
0.203787
0.203639
0.203317
0.202831
0.202189
0.201398
0.200464
0.199395
0.198197
0.196877
0.195441
0.193895
0.192247
0.190503
0.188667
0.186747
0.184749
0.182676
0.180536
0.178334
0.176074
0.173762
0.171402
0.169
0.166559
0.164084
0.16158
0.15905
0.156497
0.153927
0.151342
0.148746
0.146142
0.143533
0.140922
0.138312
0.135706
0.133106
0.130514
0.127934
0.125366
0.122814
0.120278
0.117761
0.115265
0.112791
0.11034
0.107914
0.105514
0.103141
0.100796
0.098481
0.0961958
0.0939416
0.0917191
0.0895288
0.0873715
0.0852475
0.0831573
0.0811013
0.0790797
0.0770929
0.0751409
0.0732241
0.0713423
0.0694958
0.0676844
0.0659081
0.0641669
0.0624606
0.060789
0.059152
0.0575493
0.0559808
0.054446
0.0529447
0.0514766
0.0500413
0.0486385
0.0472677
0.0459286
0.0446208
0.0433438
0.0420972
0.0408806
0.0396934
0.0385353
0.0374057
0.0363042
0.0352303
0.0341835
0.0331633
0.0321692
0.0312007
0.0302574
0.0293387
0.0284442
0.0275734
0.0267258
0.0259008
0.0250981
0.0243171
0.0235574
0.0228185
0.0221
0.0214013
0.0207221
0.0200619
0.0194202
0.0187966
0.0181907
0.0176021
0.0170304
0.0164751
0.0159358
0.0154122
0.0149038
0.0144104
0.0139314
0.0134666
0.0130156
0.0125781
0.0121536
0.0117418
0.0113425
0.0109553
0.0105799
0.0102159
0.00986308
0.00952114
0.00918978
0.00886871
0.00855765
0.00825633
0.00796448
0.00768185
0.00740818
0.00714322
0.00688673
0.00663848
0.00639823
0.00616576
0.00594084
0.00572327
0.00551283
0.00530933
0.00511254
0.0049223
0.0047384
0.00456066
0.00438889
0.00422293
0.0040626
0.00390773
0.00375817
0.00361374
0.00347431
0.0033397
0.00320979
0.00308442
0.00296346
0.00284677
0.00273421
0.00262566
0.002521
0.0024201
0.00232284
0.00222911
0.00213879
0.00205177
0.00196796
0.00188724
0.00180951
0.00173468
0.00166265
0.00159333
0.00152662
0.00146245
0.00140072
0.00134136
0.00128428
0.0012294
0.00117666
0.00112597
0.00107727
0.00103049
0.00098555
0.000942399
0.00090097
0.000861201
0.000823033
0.000786408
0.000751272
0.00071757
0.000685249
0.00065426
0.000624553
0.00059608
0.000568796
0.000542657
0.000517618
0.000493639
0.00047068
0.000448701
0.000427664
0.000407534
0.000388275
0.000369853
0.000352236
0.000335391
0.000319289
0.000303899
0.000289193
0.000275143
0.000261724
0.000248908
0.000236673
0.000224994
0.000213847
0.000203212
0.000193066
0.000183389
0.000174161
0.000165364
0.000156979
0.000148988
0.000141375
0.000134123
0.000127217
0.000120641
0.000114381
0.000108424
0.000102755
9.73617e-05
9.22324e-05
8.73548e-05
8.27177e-05
7.83102e-05
7.41218e-05
7.01424e-05
6.63625e-05
6.27729e-05
5.93648e-05
5.61296e-05
5.30593e-05
5.01462e-05
4.73827e-05
4.47618e-05
4.22768e-05
3.9921e-05
3.76883e-05
3.55727e-05
3.35684e-05
3.16702e-05
2.98728e-05
2.81711e-05
2.65606e-05
2.50365e-05
2.35947e-05
2.2231e-05
2.09415e-05
1.97223e-05
1.857e-05
1.74812e-05
1.64524e-05
1.54808e-05
1.45632e-05
1.36969e-05
1.28793e-05
1.21077e-05
1.13798e-05
1.06932e-05
1.00458e-05
9.43537e-06
8.86004e-06
8.31789e-06
7.80712e-06
7.32604e-06
6.87302e-06
6.44652e-06
6.0451e-06
5.66737e-06
5.31201e-06
4.97777e-06
4.66349e-06
4.36803e-06
4.09033e-06
3.8294e-06
3.58427e-06
3.35405e-06
3.13788e-06
2.93495e-06
2.7445e-06
2.5658e-06
2.39817e-06
2.24097e-06
2.09357e-06
1.9554e-06
1.82592e-06
1.70461e-06
1.59098e-06
1.48457e-06
1.38494e-06
1.29169e-06
1.20443e-06
1.1228e-06
1.04645e-06
9.75056e-07
9.08315e-07
8.45938e-07
7.87656e-07
7.33212e-07
6.82367e-07
6.34896e-07
5.90585e-07
5.49235e-07
5.10658e-07
4.74678e-07
4.4113e-07
4.09856e-07
3.80712e-07
3.53559e-07
3.28271e-07
3.04725e-07
2.8281e-07
2.62421e-07
2.43457e-07
2.25828e-07
2.09448e-07
1.94236e-07
1.8012e-07
1.67029e-07
1.54902e-07
1.4368e-07
1.3331e-07
1.23744e-07
1.14941e-07
1.06863e-07
9.94764e-08
9.27562e-08
8.66812e-08
8.12365e-08
7.64142e-08
7.22134e-08
6.86408e-08
6.57117e-08
6.34504e-08
6.18912e-08
6.10823e-08
0.00139643
0.00447081
0.00782928
0.0114729
0.0153977
0.0195944
0.0240504
0.0287513
0.0336815
0.0388242
0.0441618
0.0496754
0.0553453
0.0611507
0.0670699
0.0730805
0.0791593
0.0852831
0.0914283
0.0975715
0.10369
0.10976
0.115761
0.121671
0.127471
0.133143
0.138668
0.14403
0.149216
0.154213
0.159008
0.163593
0.167957
0.172095
0.176001
0.17967
0.1831
0.186288
0.189234
0.191938
0.194402
0.196627
0.198616
0.200373
0.201903
0.203209
0.204297
0.205172
0.20584
0.206309
0.206583
0.206669
0.206579
0.206314
0.205878
0.205283
0.204534
0.203638
0.202604
0.201436
0.200143
0.19873
0.197204
0.195572
0.19384
0.192014
0.1901
0.188104
0.186031
0.183888
0.18168
0.179411
0.177088
0.174714
0.172296
0.169836
0.167341
0.164814
0.162259
0.15968
0.157081
0.154466
0.151839
0.149202
0.146559
0.143912
0.141266
0.138622
0.135983
0.133352
0.130731
0.128123
0.125529
0.122951
0.120392
0.117852
0.115335
0.11284
0.11037
0.107926
0.105509
0.10312
0.100761
0.0984314
0.0961331
0.0938667
0.0916328
0.0894319
0.0872647
0.0851316
0.083033
0.0809693
0.0789406
0.0769473
0.0749895
0.0730673
0.0711807
0.0693298
0.0675145
0.0657349
0.0639907
0.0622817
0.060608
0.0589691
0.0573649
0.0557951
0.0542595
0.0527576
0.0512891
0.0498537
0.048451
0.0470806
0.045742
0.0444349
0.0431588
0.0419133
0.0406979
0.039512
0.0383554
0.0372274
0.0361275
0.0350554
0.0340104
0.0329922
0.0320001
0.0310338
0.0300926
0.0291761
0.0282838
0.0274153
0.0265699
0.0257473
0.0249469
0.0241683
0.023411
0.0226745
0.0219584
0.0212621
0.0205853
0.0199275
0.0192882
0.0186671
0.0180636
0.0174774
0.016908
0.016355
0.0158181
0.0152968
0.0147908
0.0142996
0.0138229
0.0133603
0.0129115
0.0124761
0.0120538
0.0116442
0.011247
0.0108619
0.0104885
0.0101266
0.00977579
0.00943583
0.00910642
0.00878727
0.00847811
0.00817866
0.00788865
0.00760783
0.00733594
0.00707274
0.00681798
0.00657142
0.00633284
0.00610201
0.00587871
0.00566272
0.00545384
0.00525186
0.00505658
0.0048678
0.00468535
0.00450902
0.00433865
0.00417405
0.00401506
0.0038615
0.00371322
0.00357005
0.00343185
0.00329845
0.00316972
0.0030455
0.00292567
0.00281008
0.00269861
0.00259112
0.00248749
0.0023876
0.00229133
0.00219856
0.00210918
0.00202308
0.00194016
0.00186032
0.00178344
0.00170944
0.00163822
0.00156969
0.00150376
0.00144033
0.00137934
0.00132069
0.0012643
0.0012101
0.00115801
0.00110796
0.00105988
0.00101369
0.000969344
0.000926762
0.000885884
0.000846652
0.000809004
0.000772885
0.000738239
0.000705012
0.000673152
0.00064261
0.000613336
0.000585282
0.000558405
0.000532659
0.000508001
0.000484391
0.000461788
0.000440153
0.00041945
0.000399642
0.000380695
0.000362574
0.000345248
0.000328684
0.000312852
0.000297724
0.00028327
0.000269464
0.00025628
0.000243691
0.000231674
0.000220204
0.00020926
0.00019882
0.000188861
0.000179365
0.000170312
0.000161682
0.000153457
0.000145621
0.000138157
0.000131048
0.000124279
0.000117835
0.000111701
0.000105865
0.000100313
9.50315e-05
9.00094e-05
8.52347e-05
8.06962e-05
7.63831e-05
7.22851e-05
6.83924e-05
6.46955e-05
6.11854e-05
5.78532e-05
5.46908e-05
5.16901e-05
4.88435e-05
4.61437e-05
4.35836e-05
4.11566e-05
3.88563e-05
3.66766e-05
3.46116e-05
3.26557e-05
3.08035e-05
2.905e-05
2.73903e-05
2.58197e-05
2.43338e-05
2.29283e-05
2.15992e-05
2.03426e-05
1.91548e-05
1.80324e-05
1.69719e-05
1.59702e-05
1.50243e-05
1.41311e-05
1.32881e-05
1.24926e-05
1.1742e-05
1.1034e-05
1.03664e-05
9.73689e-06
9.14355e-06
8.58441e-06
8.05761e-06
7.56141e-06
7.09413e-06
6.6542e-06
6.24011e-06
5.85043e-06
5.48382e-06
5.13899e-06
4.81473e-06
4.50988e-06
4.22335e-06
3.9541e-06
3.70114e-06
3.46356e-06
3.24047e-06
3.03104e-06
2.83447e-06
2.65003e-06
2.47701e-06
2.31473e-06
2.16258e-06
2.01994e-06
1.88627e-06
1.76102e-06
1.6437e-06
1.53383e-06
1.43096e-06
1.33467e-06
1.24457e-06
1.16026e-06
1.08141e-06
1.00768e-06
9.38743e-07
8.74315e-07
8.14113e-07
7.57874e-07
7.0535e-07
6.56308e-07
6.10529e-07
5.67808e-07
5.27949e-07
4.90772e-07
4.56106e-07
4.23788e-07
3.93669e-07
3.65608e-07
3.39471e-07
3.15135e-07
2.92482e-07
2.71404e-07
2.51799e-07
2.33572e-07
2.16635e-07
2.00905e-07
1.86305e-07
1.72764e-07
1.60217e-07
1.48604e-07
1.3787e-07
1.27966e-07
1.18847e-07
1.10474e-07
1.02814e-07
9.58389e-08
8.95268e-08
8.38623e-08
7.88369e-08
7.445e-08
7.07093e-08
6.7632e-08
6.52463e-08
6.35927e-08
6.27291e-08
0.00137567
0.00440302
0.00770644
0.0112874
0.0151453
0.0192749
0.0236676
0.0283119
0.033194
0.0382985
0.0436085
0.0491052
0.0547689
0.0605784
0.0665117
0.0725457
0.078657
0.0848216
0.0910153
0.0972144
0.103395
0.109534
0.115609
0.121599
0.127484
0.133243
0.13886
0.144317
0.1496
0.154696
0.159592
0.164278
0.168744
0.172985
0.176993
0.180763
0.184293
0.18758
0.190623
0.193423
0.195979
0.198295
0.200372
0.202214
0.203826
0.20521
0.206374
0.207321
0.208058
0.208592
0.208927
0.209071
0.209034
0.208822
0.208434
0.207882
0.207173
0.206314
0.205312
0.204174
0.202907
0.201517
0.200011
0.198396
0.196677
0.194861
0.192955
0.190964
0.188894
0.18675
0.184539
0.182265
0.179934
0.177551
0.17512
0.172646
0.170135
0.16759
0.165015
0.162415
0.159794
0.157154
0.154501
0.151837
0.149165
0.14649
0.143813
0.141137
0.138467
0.135802
0.133148
0.130505
0.127875
0.125262
0.122667
0.120091
0.117536
0.115004
0.112497
0.110015
0.107561
0.105134
0.102737
0.10037
0.098034
0.09573
0.0934586
0.0912204
0.0890162
0.0868462
0.084711
0.0826109
0.0805463
0.0785174
0.0765243
0.0745671
0.0726461
0.0707611
0.0689122
0.0670993
0.0653224
0.0635812
0.0618757
0.0602055
0.0585705
0.0569705
0.055405
0.0538738
0.0523766
0.050913
0.0494826
0.048085
0.0467198
0.0453866
0.044085
0.0428144
0.0415744
0.0403645
0.0391843
0.0380333
0.036911
0.0358168
0.0347504
0.0337111
0.0326985
0.0317121
0.0307513
0.0298157
0.0289048
0.028018
0.0271549
0.026315
0.0254977
0.0247027
0.0239293
0.0231772
0.0224458
0.0217347
0.0210435
0.0203716
0.0197186
0.0190841
0.0184677
0.0178688
0.0172871
0.0167222
0.0161737
0.0156411
0.0151241
0.0146222
0.0141352
0.0136625
0.0132039
0.012759
0.0123274
0.0119089
0.0115029
0.0111093
0.0107278
0.0103578
0.0099993
0.00965182
0.00931512
0.0089889
0.00867288
0.00836677
0.00807031
0.00778324
0.00750528
0.0072362
0.00697574
0.00672367
0.00647974
0.00624373
0.0060154
0.00579456
0.00558097
0.00537443
0.00517474
0.00498169
0.0047951
0.00461478
0.00444054
0.00427219
0.00410958
0.00395252
0.00380086
0.00365442
0.00351305
0.00337659
0.00324491
0.00311784
0.00299525
0.002877
0.00276295
0.00265298
0.00254695
0.00244475
0.00234624
0.00225132
0.00215986
0.00207176
0.00198691
0.00190519
0.00182652
0.00175079
0.0016779
0.00160776
0.00154027
0.00147536
0.00141292
0.00135289
0.00129517
0.00123968
0.00118636
0.00113512
0.00108589
0.00103861
0.000993202
0.000949603
0.000907748
0.000867575
0.000829025
0.000792038
0.000756558
0.000722531
0.000689902
0.000658622
0.000628639
0.000599906
0.000572376
0.000546004
0.000520746
0.000496561
0.000473406
0.000451242
0.000430033
0.000409739
0.000390326
0.00037176
0.000354007
0.000337034
0.000320812
0.000305309
0.000290497
0.000276349
0.000262836
0.000249934
0.000237618
0.000225862
0.000214644
0.000203942
0.000193734
0.000184
0.000174718
0.000165871
0.000157439
0.000149405
0.000141752
0.000134463
0.000127522
0.000120914
0.000114625
0.00010864
0.000102946
9.75293e-05
9.23786e-05
8.74814e-05
8.28263e-05
7.84022e-05
7.41987e-05
7.02056e-05
6.64131e-05
6.28121e-05
5.93936e-05
5.61491e-05
5.30703e-05
5.01496e-05
4.73794e-05
4.47524e-05
4.2262e-05
3.99014e-05
3.76645e-05
3.55452e-05
3.35378e-05
3.16368e-05
2.9837e-05
2.81334e-05
2.65212e-05
2.49959e-05
2.35531e-05
2.21886e-05
2.08985e-05
1.9679e-05
1.85266e-05
1.74377e-05
1.64092e-05
1.54378e-05
1.45207e-05
1.3655e-05
1.2838e-05
1.20671e-05
1.134e-05
1.06542e-05
1.00077e-05
9.39821e-06
8.82384e-06
8.28268e-06
7.77293e-06
7.29287e-06
6.84088e-06
6.41543e-06
6.01505e-06
5.63835e-06
5.28402e-06
4.9508e-06
4.63752e-06
4.34306e-06
4.06634e-06
3.80636e-06
3.56217e-06
3.33286e-06
3.11758e-06
2.91553e-06
2.72592e-06
2.54805e-06
2.38121e-06
2.22478e-06
2.07813e-06
1.94069e-06
1.8119e-06
1.69126e-06
1.57827e-06
1.47249e-06
1.37346e-06
1.28079e-06
1.19408e-06
1.11298e-06
1.03713e-06
9.66224e-07
8.99948e-07
8.38016e-07
7.80158e-07
7.26119e-07
6.75661e-07
6.28559e-07
5.846e-07
5.43585e-07
5.05328e-07
4.69652e-07
4.36392e-07
4.05394e-07
3.76511e-07
3.49608e-07
3.24557e-07
3.01237e-07
2.79538e-07
2.59353e-07
2.40586e-07
2.23145e-07
2.06945e-07
1.91907e-07
1.77959e-07
1.65032e-07
1.53064e-07
1.42e-07
1.31788e-07
1.22382e-07
1.13742e-07
1.05832e-07
9.86245e-08
9.20955e-08
8.62294e-08
8.10174e-08
7.64589e-08
7.25626e-08
6.93479e-08
6.68465e-08
6.51048e-08
6.41901e-08
0.00135842
0.00434667
0.00760441
0.0111327
0.0149326
0.019002
0.0233354
0.0279244
0.0327577
0.0378213
0.0430992
0.0485734
0.054224
0.0600299
0.0659684
0.0720164
0.0781497
0.084344
0.0905745
0.0968169
0.103047
0.109241
0.115376
0.121431
0.127384
0.133216
0.138908
0.144444
0.149808
0.154987
0.159967
0.164738
0.16929
0.173617
0.17771
0.181566
0.185181
0.188552
0.191678
0.194558
0.197193
0.199586
0.201738
0.203653
0.205334
0.206786
0.208014
0.209023
0.20982
0.210409
0.210798
0.210992
0.211
0.210834
0.210487
0.209973
0.209299
0.208473
0.2075
0.206389
0.205145
0.203776
0.202288
0.200689
0.198983
0.197178
0.19528
0.193294
0.191227
0.189085
0.186873
0.184596
0.18226
0.17987
0.17743
0.174947
0.172423
0.169864
0.167275
0.164658
0.162019
0.15936
0.156687
0.154001
0.151307
0.148608
0.145907
0.143207
0.14051
0.137819
0.135137
0.132466
0.129809
0.127166
0.124542
0.121936
0.119351
0.11679
0.114252
0.11174
0.109254
0.106797
0.104369
0.101971
0.0996044
0.0972696
0.0949676
0.0926989
0.0904643
0.0882641
0.0860989
0.0839691
0.0818749
0.0798167
0.0777946
0.0758088
0.0738594
0.0719464
0.0700698
0.0682296
0.0664257
0.0646579
0.0629262
0.0612303
0.0595699
0.0579449
0.0563549
0.0547996
0.0532786
0.0517917
0.0503385
0.0489184
0.0475312
0.0461765
0.0448536
0.0435623
0.042302
0.0410723
0.0398727
0.0387026
0.0375617
0.0364493
0.035365
0.0343084
0.0332788
0.0322757
0.0312988
0.0303473
0.029421
0.0285191
0.0276413
0.026787
0.0259558
0.0251471
0.0243604
0.0235953
0.0228513
0.0221279
0.0214247
0.0207411
0.0200768
0.0194312
0.018804
0.0181947
0.0176028
0.017028
0.0164698
0.0159279
0.0154017
0.014891
0.0143953
0.0139143
0.0134475
0.0129947
0.0125555
0.0121294
0.0117163
0.0113156
0.0109272
0.0105507
0.0101857
0.00983197
0.00948921
0.00915711
0.00883537
0.00852373
0.00822191
0.00792963
0.00764663
0.00737266
0.00710746
0.00685079
0.0066024
0.00636208
0.00612958
0.00590468
0.00568717
0.00547684
0.00527347
0.00507687
0.00488683
0.00470318
0.00452571
0.00435425
0.00418862
0.00402864
0.00387415
0.00372499
0.00358098
0.00344198
0.00330782
0.00317837
0.00305348
0.00293301
0.00281682
0.00270478
0.00259675
0.00249261
0.00239224
0.00229551
0.00220232
0.00211255
0.00202608
0.00194281
0.00186263
0.00178545
0.00171117
0.00163968
0.0015709
0.00150473
0.0014411
0.0013799
0.00132106
0.00126451
0.00121015
0.00115791
0.00110773
0.00105953
0.00101323
0.000968783
0.00092611
0.00088515
0.000845843
0.000808129
0.000771951
0.000737253
0.00070398
0.000672081
0.000641505
0.000612202
0.000584125
0.000557228
0.000531467
0.000506798
0.000483181
0.000460574
0.000438938
0.000418237
0.000398434
0.000379493
0.000361382
0.000344066
0.000327515
0.000311698
0.000296585
0.000282149
0.000268361
0.000255196
0.000242627
0.000230631
0.000219183
0.000208262
0.000197844
0.000187908
0.000178436
0.000169405
0.000160799
0.000152598
0.000144786
0.000137345
0.00013026
0.000123514
0.000117093
0.000110983
0.000105169
9.96391e-05
9.438e-05
8.93796e-05
8.46262e-05
8.01086e-05
7.5816e-05
7.17382e-05
6.78652e-05
6.41875e-05
6.06961e-05
5.73823e-05
5.42378e-05
5.12545e-05
4.84248e-05
4.57414e-05
4.31973e-05
4.07859e-05
3.85007e-05
3.63355e-05
3.42846e-05
3.23424e-05
3.05035e-05
2.87628e-05
2.71155e-05
2.55568e-05
2.40824e-05
2.26881e-05
2.13697e-05
2.01234e-05
1.89456e-05
1.78327e-05
1.67814e-05
1.57886e-05
1.48511e-05
1.39662e-05
1.3131e-05
1.2343e-05
1.15996e-05
1.08985e-05
1.02375e-05
9.61439e-06
9.02712e-06
8.47379e-06
7.95255e-06
7.46166e-06
6.99946e-06
6.56437e-06
6.15491e-06
5.76966e-06
5.40726e-06
5.06646e-06
4.74603e-06
4.44483e-06
4.16177e-06
3.89583e-06
3.64603e-06
3.41145e-06
3.19121e-06
2.98448e-06
2.79049e-06
2.6085e-06
2.4378e-06
2.27773e-06
2.12766e-06
1.98701e-06
1.85522e-06
1.73176e-06
1.61613e-06
1.50786e-06
1.4065e-06
1.31165e-06
1.2229e-06
1.13988e-06
1.06224e-06
9.8965e-07
9.218e-07
8.58395e-07
7.9916e-07
7.43832e-07
6.92169e-07
6.43939e-07
5.98926e-07
5.56926e-07
5.17749e-07
4.81213e-07
4.4715e-07
4.15402e-07
3.8582e-07
3.58264e-07
3.32603e-07
3.08715e-07
2.86485e-07
2.65806e-07
2.46577e-07
2.28706e-07
2.12105e-07
1.96694e-07
1.82397e-07
1.69145e-07
1.56876e-07
1.45529e-07
1.35054e-07
1.25402e-07
1.16532e-07
1.08409e-07
1.01001e-07
9.42855e-08
8.82458e-08
8.28727e-08
7.81659e-08
7.41349e-08
7.08009e-08
6.81989e-08
6.63804e-08
6.5421e-08
0.00134509
0.00430316
0.00752579
0.0110134
0.0147677
0.0187885
0.0230731
0.0276153
0.0324059
0.0374327
0.0426807
0.0481323
0.053768
0.0595666
0.0655054
0.0715606
0.077708
0.0839225
0.0901791
0.0964531
0.10272
0.108955
0.115136
0.121239
0.127245
0.133132
0.138883
0.144479
0.149905
0.155147
0.160193
0.16503
0.169649
0.174042
0.178203
0.182126
0.185807
0.189243
0.192433
0.195377
0.198074
0.200527
0.202738
0.20471
0.206446
0.207952
0.209231
0.210289
0.211132
0.211766
0.212197
0.212431
0.212475
0.212345
0.212033
0.211549
0.210903
0.210102
0.209154
0.208064
0.206839
0.205487
0.204015
0.202428
0.200733
0.198937
0.197046
0.195066
0.193003
0.190863
0.18865
0.186372
0.184033
0.181639
0.179193
0.176702
0.17417
0.171602
0.169001
0.166373
0.16372
0.161048
0.158359
0.155658
0.152947
0.150231
0.147511
0.144792
0.142076
0.139365
0.136662
0.13397
0.131291
0.128627
0.12598
0.123352
0.120745
0.11816
0.1156
0.113064
0.110555
0.108075
0.105623
0.103202
0.100812
0.0984535
0.096128
0.0938361
0.0915782
0.089355
0.0871668
0.0850142
0.0828975
0.0808169
0.0787726
0.0767648
0.0747937
0.0728592
0.0709614
0.0691003
0.0672757
0.0654876
0.0637358
0.06202
0.0603402
0.058696
0.0570871
0.0555133
0.0539741
0.0524693
0.0509985
0.0495612
0.0481571
0.0467858
0.0454467
0.0441394
0.0428635
0.0416185
0.0404039
0.0392192
0.0380639
0.0369376
0.0358396
0.0347695
0.0337268
0.032711
0.0317216
0.0307579
0.0298197
0.0289062
0.0280171
0.0271517
0.0263097
0.0254905
0.0246936
0.0239185
0.0231647
0.0224319
0.0217194
0.0210268
0.0203537
0.0196996
0.0190641
0.0184467
0.017847
0.0172645
0.0166989
0.0161497
0.0156165
0.0150989
0.0145966
0.0141091
0.0136361
0.0131772
0.012732
0.0123002
0.0118814
0.0114753
0.0110816
0.0107
0.01033
0.00997147
0.00962402
0.00928738
0.00896124
0.00864532
0.00833935
0.00804304
0.00775614
0.00747839
0.00720952
0.0069493
0.00669748
0.00645381
0.00621808
0.00599005
0.00576951
0.00555624
0.00535003
0.00515068
0.00495798
0.00477174
0.00459178
0.00441791
0.00424994
0.00408771
0.00393103
0.00377975
0.0036337
0.00349272
0.00335666
0.00322537
0.0030987
0.0029765
0.00285865
0.002745
0.00263542
0.00252978
0.00242797
0.00232985
0.00223531
0.00214424
0.00205652
0.00197204
0.0018907
0.00181239
0.00173703
0.0016645
0.00159471
0.00152757
0.001463
0.00140091
0.00134121
0.00128382
0.00122866
0.00117565
0.00112472
0.00107581
0.00102882
0.000983712
0.000940402
0.000898831
0.000858937
0.000820658
0.000783938
0.000748718
0.000714945
0.000682565
0.000651527
0.000621781
0.000593279
0.000565974
0.000539821
0.000514777
0.000490799
0.000467847
0.000445881
0.000424862
0.000404755
0.000385523
0.000367133
0.00034955
0.000332744
0.000316682
0.000301335
0.000286674
0.000272672
0.000259302
0.000246537
0.000234353
0.000222727
0.000211633
0.000201052
0.00019096
0.000181338
0.000172165
0.000163423
0.000155092
0.000147156
0.000139597
0.000132399
0.000125545
0.000119022
0.000112814
0.000106907
0.000101288
9.59445e-05
9.08636e-05
8.60335e-05
8.14429e-05
7.70808e-05
7.29369e-05
6.90009e-05
6.52635e-05
6.17152e-05
5.83473e-05
5.51513e-05
5.21191e-05
4.9243e-05
4.65155e-05
4.39295e-05
4.14783e-05
3.91553e-05
3.69544e-05
3.48695e-05
3.2895e-05
3.10255e-05
2.92558e-05
2.7581e-05
2.59963e-05
2.44972e-05
2.30794e-05
2.17389e-05
2.04716e-05
1.9274e-05
1.81423e-05
1.70732e-05
1.60636e-05
1.51102e-05
1.42102e-05
1.33608e-05
1.25593e-05
1.18033e-05
1.10902e-05
1.04178e-05
9.784e-06
9.18663e-06
8.62376e-06
8.09352e-06
7.59414e-06
7.12393e-06
6.6813e-06
6.26472e-06
5.87276e-06
5.50404e-06
5.15728e-06
4.83124e-06
4.52476e-06
4.23674e-06
3.96612e-06
3.71192e-06
3.47319e-06
3.24906e-06
3.03868e-06
2.84125e-06
2.65602e-06
2.48228e-06
2.31935e-06
2.16661e-06
2.02344e-06
1.88929e-06
1.76361e-06
1.6459e-06
1.53568e-06
1.4325e-06
1.33593e-06
1.24557e-06
1.16104e-06
1.08199e-06
1.00809e-06
9.38999e-07
8.74437e-07
8.14118e-07
7.57777e-07
7.05166e-07
6.5605e-07
6.10208e-07
5.67433e-07
5.27531e-07
4.90319e-07
4.55625e-07
4.23287e-07
3.93154e-07
3.65084e-07
3.38943e-07
3.14607e-07
2.9196e-07
2.70891e-07
2.513e-07
2.3309e-07
2.16174e-07
2.00468e-07
1.85896e-07
1.72389e-07
1.5988e-07
1.48311e-07
1.37628e-07
1.27782e-07
1.18731e-07
1.10438e-07
1.02873e-07
9.60096e-08
8.98324e-08
8.43315e-08
7.95069e-08
7.53688e-08
7.19398e-08
6.92575e-08
6.73777e-08
6.63826e-08
0.00133601
0.00427356
0.00747238
0.0109323
0.0146554
0.0186425
0.0228925
0.027401
0.0321605
0.0371598
0.0423849
0.0478187
0.053442
0.0592335
0.0651705
0.071229
0.0773843
0.0836113
0.0898846
0.096179
0.10247
0.108732
0.114943
0.12108
0.12712
0.133045
0.138835
0.144472
0.149941
0.155227
0.160316
0.165199
0.169863
0.174303
0.178509
0.182478
0.186204
0.189685
0.19292
0.195907
0.198647
0.201142
0.203393
0.205404
0.207179
0.208721
0.210035
0.211127
0.212002
0.212667
0.213127
0.213389
0.213459
0.213353
0.213065
0.212602
0.211976
0.211194
0.210261
0.209186
0.207976
0.206636
0.205174
0.203597
0.20191
0.200121
0.198235
0.196259
0.194199
0.19206
0.189848
0.18757
0.185229
0.182832
0.180383
0.177887
0.17535
0.172775
0.170167
0.167531
0.16487
0.162188
0.15949
0.156778
0.154056
0.151328
0.148597
0.145865
0.143135
0.140411
0.137695
0.134989
0.132296
0.129617
0.126955
0.124312
0.12169
0.11909
0.116513
0.113962
0.111438
0.108941
0.106474
0.104037
0.101631
0.0992567
0.0969155
0.0946078
0.0923343
0.0900954
0.0878918
0.0857238
0.0835918
0.081496
0.0794368
0.0774141
0.0754283
0.0734793
0.0715671
0.0696918
0.0678533
0.0660513
0.0642859
0.0625568
0.0608637
0.0592065
0.0575849
0.0559985
0.054447
0.05293
0.0514473
0.0499983
0.0485828
0.0472001
0.04585
0.0445319
0.0432454
0.0419901
0.0407653
0.0395707
0.0384057
0.0372698
0.0361625
0.0350833
0.0340318
0.0330073
0.0320093
0.0310374
0.0300911
0.0291697
0.0282729
0.0274
0.0265507
0.0257243
0.0249204
0.0241385
0.0233782
0.0226388
0.0219201
0.0212214
0.0205423
0.0198825
0.0192413
0.0186184
0.0180133
0.0174256
0.0168549
0.0163008
0.0157628
0.0152406
0.0147338
0.0142419
0.0137646
0.0133015
0.0128523
0.0124166
0.011994
0.0115842
0.0111869
0.0108018
0.0104284
0.0100666
0.00971596
0.00937622
0.00904708
0.00872825
0.00841945
0.00812041
0.00783085
0.00755052
0.00727916
0.00701652
0.00676235
0.00651641
0.00627848
0.00604832
0.00582571
0.00561044
0.00540229
0.00520106
0.00500655
0.00481856
0.00463689
0.00446137
0.00429181
0.00412804
0.00396987
0.00381715
0.00366971
0.00352739
0.00339002
0.00325747
0.00312959
0.00300622
0.00288723
0.00277248
0.00266185
0.00255519
0.00245239
0.00235332
0.00225786
0.0021659
0.00207732
0.00199202
0.00190989
0.00183082
0.00175471
0.00168147
0.00161099
0.0015432
0.00147799
0.00141528
0.00135499
0.00129703
0.00124132
0.00118778
0.00113635
0.00108694
0.00103949
0.000993929
0.000950184
0.000908196
0.0008679
0.000829235
0.000792143
0.000756567
0.000722452
0.000689743
0.00065839
0.00062834
0.000599548
0.000571964
0.000545543
0.000520242
0.000496018
0.00047283
0.000450637
0.000429402
0.000409087
0.000389656
0.000371074
0.000353309
0.000336327
0.000320098
0.000304591
0.000289777
0.000275628
0.000262117
0.000249218
0.000236906
0.000225156
0.000213946
0.000203252
0.000193054
0.000183329
0.000174059
0.000165223
0.000156804
0.000148782
0.000141142
0.000133866
0.000126939
0.000120346
0.000114071
0.0001081
0.00010242
9.70186e-05
9.18824e-05
8.69997e-05
8.23591e-05
7.79493e-05
7.376e-05
6.9781e-05
6.60024e-05
6.24151e-05
5.90101e-05
5.57788e-05
5.27131e-05
4.98051e-05
4.70474e-05
4.44327e-05
4.19541e-05
3.96052e-05
3.73797e-05
3.52715e-05
3.32748e-05
3.13843e-05
2.95947e-05
2.7901e-05
2.62984e-05
2.47824e-05
2.33486e-05
2.19928e-05
2.07111e-05
1.94998e-05
1.83552e-05
1.72739e-05
1.62527e-05
1.52884e-05
1.43781e-05
1.35189e-05
1.27082e-05
1.19434e-05
1.12221e-05
1.05419e-05
9.90073e-06
9.29642e-06
8.72699e-06
8.19056e-06
7.68534e-06
7.20963e-06
6.7618e-06
6.34033e-06
5.94375e-06
5.57069e-06
5.21983e-06
4.88994e-06
4.57982e-06
4.28838e-06
4.01454e-06
3.75731e-06
3.51573e-06
3.28892e-06
3.07602e-06
2.87622e-06
2.68876e-06
2.51293e-06
2.34804e-06
2.19345e-06
2.04855e-06
1.91277e-06
1.78557e-06
1.66642e-06
1.55486e-06
1.45042e-06
1.35267e-06
1.2612e-06
1.17564e-06
1.09562e-06
1.0208e-06
9.50863e-07
8.85503e-07
8.24438e-07
7.67398e-07
7.14133e-07
6.64406e-07
6.17993e-07
5.74684e-07
5.34283e-07
4.96604e-07
4.61474e-07
4.2873e-07
3.98217e-07
3.69792e-07
3.4332e-07
3.18676e-07
2.9574e-07
2.74403e-07
2.54561e-07
2.36118e-07
2.18983e-07
2.03074e-07
1.88313e-07
1.74629e-07
1.61955e-07
1.50232e-07
1.39406e-07
1.29426e-07
1.2025e-07
1.1184e-07
1.04165e-07
9.71995e-08
9.09269e-08
8.53375e-08
8.04312e-08
7.62187e-08
7.27236e-08
6.99854e-08
6.80629e-08
6.70429e-08
0.0013314
0.00425857
0.00744536
0.0108913
0.0145985
0.0185684
0.0228005
0.0272916
0.0320346
0.0370193
0.042232
0.0476561
0.0532723
0.0590596
0.064995
0.0710546
0.0772135
0.0834463
0.0897277
0.0960321
0.102335
0.108611
0.114837
0.12099
0.127048
0.132992
0.138802
0.14446
0.14995
0.155257
0.16037
0.165275
0.169963
0.174425
0.178655
0.182647
0.186396
0.1899
0.193157
0.196166
0.198928
0.201444
0.203716
0.205747
0.207541
0.209102
0.210434
0.211544
0.212436
0.213116
0.213591
0.213867
0.213951
0.213857
0.213581
0.213129
0.212513
0.21174
0.210816
0.209749
0.208546
0.207212
0.205756
0.204183
0.202501
0.200715
0.198832
0.196859
0.1948
0.192662
0.190451
0.188172
0.185831
0.183432
0.180982
0.178484
0.175944
0.173366
0.170755
0.168115
0.16545
0.162763
0.16006
0.157343
0.154616
0.151882
0.149144
0.146406
0.14367
0.140939
0.138216
0.135503
0.132803
0.130117
0.127447
0.124797
0.122167
0.119559
0.116975
0.114416
0.111883
0.109379
0.106904
0.104459
0.102045
0.0996626
0.0973134
0.0949978
0.0927164
0.0904697
0.0882583
0.0860825
0.0839428
0.0818394
0.0797726
0.0777425
0.0757492
0.0737929
0.0718735
0.069991
0.0681454
0.0663365
0.0645642
0.0628283
0.0611286
0.0594648
0.0578367
0.056244
0.0546862
0.0531632
0.0516744
0.0502195
0.0487981
0.0474098
0.0460541
0.0447306
0.0434388
0.0421781
0.0409482
0.0397486
0.0385786
0.037438
0.036326
0.0352422
0.0341862
0.0331573
0.032155
0.0311789
0.0302285
0.0293031
0.0284024
0.0275257
0.0266727
0.0258427
0.0250353
0.02425
0.0234863
0.0227437
0.0220217
0.02132
0.0206379
0.0199751
0.019331
0.0187053
0.0180976
0.0175073
0.016934
0.0163774
0.015837
0.0153124
0.0148033
0.0143091
0.0138297
0.0133645
0.0129132
0.0124755
0.012051
0.0116394
0.0112403
0.0108534
0.0104783
0.0101148
0.00976257
0.00942126
0.0090906
0.00877029
0.00846007
0.00815964
0.00786874
0.0075871
0.00731447
0.0070506
0.00679525
0.00654816
0.00630911
0.00607787
0.00585421
0.00563793
0.0054288
0.00522662
0.00503119
0.0048423
0.00465978
0.00448342
0.00431306
0.0041485
0.00398958
0.00383613
0.00368798
0.00354498
0.00340695
0.00327377
0.00314526
0.0030213
0.00290173
0.00278643
0.00267526
0.00256809
0.00246478
0.00236523
0.00226931
0.0021769
0.00208789
0.00200217
0.00191963
0.00184017
0.00176369
0.00169008
0.00161926
0.00155113
0.0014856
0.00142258
0.00136198
0.00130374
0.00124775
0.00119395
0.00114226
0.0010926
0.00104491
0.000999119
0.000955155
0.000912954
0.000872454
0.000833593
0.000796313
0.000760556
0.000726267
0.000693392
0.000661878
0.000631675
0.000602734
0.000575009
0.000548452
0.000523021
0.000498671
0.000475363
0.000453055
0.00043171
0.000411289
0.000391757
0.000373079
0.00035522
0.00033815
0.000321835
0.000306247
0.000291355
0.000277131
0.000263549
0.000250582
0.000238204
0.000226392
0.000215122
0.000204372
0.000194119
0.000184342
0.000175022
0.000166139
0.000157674
0.00014961
0.000141929
0.000134614
0.000127649
0.000121019
0.00011471
0.000108707
0.000102997
9.75654e-05
9.24012e-05
8.74917e-05
8.28256e-05
7.83916e-05
7.41792e-05
7.01782e-05
6.63788e-05
6.27716e-05
5.93477e-05
5.60984e-05
5.30157e-05
5.00915e-05
4.73183e-05
4.4689e-05
4.21965e-05
3.98344e-05
3.75964e-05
3.54763e-05
3.34684e-05
3.15672e-05
2.97674e-05
2.80641e-05
2.64524e-05
2.49277e-05
2.34857e-05
2.21222e-05
2.08332e-05
1.96149e-05
1.84638e-05
1.73763e-05
1.63491e-05
1.53793e-05
1.44637e-05
1.35995e-05
1.27841e-05
1.20149e-05
1.12893e-05
1.06052e-05
9.96026e-06
9.35241e-06
8.77964e-06
8.24006e-06
7.73186e-06
7.25334e-06
6.80287e-06
6.3789e-06
5.97997e-06
5.60469e-06
5.25174e-06
4.91988e-06
4.60792e-06
4.31472e-06
4.03925e-06
3.78047e-06
3.53744e-06
3.30926e-06
3.09507e-06
2.89407e-06
2.70548e-06
2.52858e-06
2.36269e-06
2.20715e-06
2.06137e-06
1.92476e-06
1.79678e-06
1.6769e-06
1.56465e-06
1.45957e-06
1.36122e-06
1.26919e-06
1.1831e-06
1.10258e-06
1.0273e-06
9.56923e-07
8.91156e-07
8.29709e-07
7.72313e-07
7.18714e-07
6.68675e-07
6.2197e-07
5.78388e-07
5.37732e-07
4.99816e-07
4.64463e-07
4.31511e-07
4.00804e-07
3.72198e-07
3.45557e-07
3.20755e-07
2.97672e-07
2.76198e-07
2.56228e-07
2.37665e-07
2.20419e-07
2.04406e-07
1.89548e-07
1.75774e-07
1.63016e-07
1.51215e-07
1.40314e-07
1.30266e-07
1.21026e-07
1.12556e-07
1.04825e-07
9.78076e-08
9.14862e-08
8.58515e-08
8.09033e-08
7.66526e-08
7.31237e-08
7.03568e-08
6.84124e-08
6.73795e-08
0.0013314
0.00425855
0.00744533
0.0108913
0.0145984
0.0185683
0.0228004
0.0272914
0.0320344
0.0370191
0.0422317
0.0476558
0.053272
0.0590592
0.0649945
0.071054
0.0772129
0.0834457
0.089727
0.0960313
0.102334
0.10861
0.114836
0.120989
0.127047
0.132991
0.138801
0.144459
0.149949
0.155256
0.160368
0.165273
0.169961
0.174424
0.178654
0.182645
0.186395
0.189899
0.193156
0.196165
0.198927
0.201443
0.203715
0.205746
0.20754
0.209101
0.210433
0.211543
0.212435
0.213115
0.21359
0.213866
0.21395
0.213856
0.21358
0.213129
0.212513
0.211739
0.210816
0.209749
0.208545
0.207212
0.205756
0.204183
0.2025
0.200715
0.198832
0.196858
0.194799
0.192662
0.190451
0.188172
0.18583
0.183432
0.180982
0.178484
0.175944
0.173366
0.170755
0.168115
0.165449
0.162763
0.16006
0.157343
0.154615
0.151882
0.149144
0.146406
0.14367
0.140939
0.138216
0.135503
0.132803
0.130117
0.127447
0.124797
0.122167
0.119559
0.116975
0.114416
0.111883
0.109379
0.106904
0.104459
0.102045
0.0996626
0.0973135
0.0949979
0.0927164
0.0904698
0.0882583
0.0860826
0.0839429
0.0818395
0.0797726
0.0777425
0.0757493
0.0737929
0.0718735
0.0699911
0.0681454
0.0663366
0.0645643
0.0628284
0.0611287
0.0594649
0.0578368
0.056244
0.0546863
0.0531632
0.0516745
0.0502196
0.0487982
0.0474099
0.0460542
0.0447307
0.0434388
0.0421782
0.0409483
0.0397486
0.0385787
0.037438
0.0363261
0.0352423
0.0341862
0.0331573
0.0321551
0.031179
0.0302286
0.0293032
0.0284025
0.0275258
0.0266727
0.0258428
0.0250354
0.02425
0.0234863
0.0227437
0.0220218
0.02132
0.0206379
0.0199751
0.0193311
0.0187054
0.0180976
0.0175073
0.0169341
0.0163774
0.015837
0.0153125
0.0148033
0.0143092
0.0138297
0.0133646
0.0129133
0.0124756
0.0120511
0.0116394
0.0112403
0.0108534
0.0104784
0.0101149
0.0097626
0.00942129
0.00909063
0.00877032
0.00846009
0.00815966
0.00786876
0.00758713
0.0073145
0.00705063
0.00679527
0.00654818
0.00630913
0.00607789
0.00585424
0.00563795
0.00542882
0.00522664
0.00503121
0.00484232
0.0046598
0.00448344
0.00431308
0.00414852
0.0039896
0.00383615
0.003688
0.00354499
0.00340697
0.00327378
0.00314528
0.00302131
0.00290175
0.00278645
0.00267527
0.0025681
0.0024648
0.00236524
0.00226932
0.00217691
0.0020879
0.00200218
0.00191964
0.00184018
0.0017637
0.00169009
0.00161927
0.00155114
0.00148561
0.00142259
0.00136199
0.00130374
0.00124776
0.00119395
0.00114226
0.00109261
0.00104492
0.000999125
0.00095516
0.000912959
0.000872459
0.000833598
0.000796318
0.000760561
0.000726272
0.000693396
0.000661882
0.000631679
0.000602738
0.000575012
0.000548456
0.000523024
0.000498675
0.000475366
0.000453059
0.000431713
0.000411292
0.00039176
0.000373081
0.000355223
0.000338152
0.000321838
0.000306249
0.000291357
0.000277133
0.000263551
0.000250584
0.000238206
0.000226394
0.000215124
0.000204373
0.00019412
0.000184344
0.000175024
0.000166141
0.000157676
0.000149611
0.00014193
0.000134615
0.00012765
0.000121021
0.000114711
0.000108708
0.000102997
9.75663e-05
9.2402e-05
8.74925e-05
8.28263e-05
7.83923e-05
7.41799e-05
7.01788e-05
6.63794e-05
6.27722e-05
5.93482e-05
5.6099e-05
5.30162e-05
5.0092e-05
4.73188e-05
4.46894e-05
4.2197e-05
3.98349e-05
3.75968e-05
3.54766e-05
3.34687e-05
3.15675e-05
2.97678e-05
2.80644e-05
2.64527e-05
2.4928e-05
2.3486e-05
2.21224e-05
2.08334e-05
1.96152e-05
1.8464e-05
1.73765e-05
1.63493e-05
1.53795e-05
1.44639e-05
1.35997e-05
1.27843e-05
1.2015e-05
1.12895e-05
1.06053e-05
9.96039e-06
9.35253e-06
8.77975e-06
8.24016e-06
7.73196e-06
7.25344e-06
6.80296e-06
6.37898e-06
5.98005e-06
5.60477e-06
5.25182e-06
4.91995e-06
4.60798e-06
4.31478e-06
4.0393e-06
3.78052e-06
3.53749e-06
3.30931e-06
3.09512e-06
2.89411e-06
2.70552e-06
2.52861e-06
2.36272e-06
2.20719e-06
2.0614e-06
1.92479e-06
1.7968e-06
1.67693e-06
1.56468e-06
1.45959e-06
1.36124e-06
1.26921e-06
1.18311e-06
1.1026e-06
1.02731e-06
9.56938e-07
8.9117e-07
8.29722e-07
7.72326e-07
7.18726e-07
6.68686e-07
6.2198e-07
5.78398e-07
5.37742e-07
4.99824e-07
4.64471e-07
4.31518e-07
4.00811e-07
3.72204e-07
3.45563e-07
3.20761e-07
2.97678e-07
2.76203e-07
2.56232e-07
2.37669e-07
2.20423e-07
2.0441e-07
1.89552e-07
1.75777e-07
1.63019e-07
1.51218e-07
1.40317e-07
1.30269e-07
1.21028e-07
1.12558e-07
1.04827e-07
9.78096e-08
9.14881e-08
8.58532e-08
8.09049e-08
7.66542e-08
7.31252e-08
7.03583e-08
6.84138e-08
6.73809e-08
0.00133599
0.00427351
0.00747229
0.0109322
0.0146552
0.0186422
0.0228921
0.0274006
0.03216
0.0371592
0.0423841
0.0478178
0.0534409
0.0592322
0.065169
0.0712273
0.0773825
0.0836093
0.0898824
0.0961767
0.102467
0.108729
0.11494
0.121077
0.127117
0.133042
0.138832
0.144469
0.149938
0.155223
0.160313
0.165195
0.16986
0.174299
0.178505
0.182474
0.1862
0.189682
0.192916
0.195903
0.198644
0.201138
0.20339
0.205401
0.207175
0.208717
0.210032
0.211124
0.211999
0.212664
0.213124
0.213386
0.213457
0.213351
0.213062
0.2126
0.211974
0.211191
0.210259
0.209184
0.207974
0.206634
0.205172
0.203595
0.201908
0.200119
0.198234
0.196258
0.194197
0.192059
0.189847
0.187569
0.185228
0.182831
0.180382
0.177887
0.175349
0.172774
0.170167
0.16753
0.164869
0.162188
0.159489
0.156778
0.154056
0.151328
0.148596
0.145864
0.143135
0.140411
0.137695
0.134989
0.132296
0.129617
0.126955
0.124312
0.12169
0.11909
0.116513
0.113962
0.111438
0.108941
0.106474
0.104037
0.101631
0.0992568
0.0969156
0.0946079
0.0923344
0.0900956
0.087892
0.085724
0.083592
0.0814962
0.0794369
0.0774143
0.0754285
0.0734795
0.0715674
0.069692
0.0678535
0.0660516
0.0642861
0.062557
0.060864
0.0592068
0.0575851
0.0559987
0.0544472
0.0529303
0.0514475
0.0499986
0.048583
0.0472003
0.0458502
0.0445322
0.0432457
0.0419903
0.0407655
0.0395709
0.0384059
0.03727
0.0361627
0.0350836
0.034032
0.0330075
0.0320095
0.0310376
0.0300913
0.0291699
0.028273
0.0274002
0.0265508
0.0257245
0.0249206
0.0241387
0.0233783
0.022639
0.0219202
0.0212216
0.0205425
0.0198826
0.0192414
0.0186185
0.0180134
0.0174258
0.0168551
0.0163009
0.015763
0.0152407
0.0147339
0.014242
0.0137647
0.0133016
0.0128524
0.0124167
0.0119941
0.0115843
0.011187
0.0108019
0.0104285
0.0100667
0.00971605
0.00937631
0.00904717
0.00872833
0.00841953
0.00812049
0.00783093
0.0075506
0.00727924
0.00701659
0.00676242
0.00651648
0.00627855
0.00604838
0.00582577
0.0056105
0.00540235
0.00520112
0.0050066
0.00481861
0.00463695
0.00446143
0.00429187
0.00412809
0.00396992
0.0038172
0.00366976
0.00352743
0.00339007
0.00325752
0.00312963
0.00300626
0.00288727
0.00277252
0.00266188
0.00255522
0.00245242
0.00235335
0.00225789
0.00216593
0.00207735
0.00199205
0.00190991
0.00183084
0.00175473
0.00168149
0.00161102
0.00154322
0.00147801
0.0014153
0.00135501
0.00129705
0.00124134
0.0011878
0.00113637
0.00108696
0.00103951
0.000993946
0.000950201
0.000908211
0.000867915
0.00082925
0.000792157
0.000756581
0.000722465
0.000689756
0.000658402
0.000628352
0.000599559
0.000571975
0.000545554
0.000520253
0.000496028
0.000472839
0.000450646
0.000429411
0.000409095
0.000389664
0.000371082
0.000353317
0.000336334
0.000320105
0.000304597
0.000289783
0.000275634
0.000262123
0.000249224
0.000236911
0.000225162
0.000213951
0.000203257
0.000193058
0.000183334
0.000174063
0.000165227
0.000156807
0.000148786
0.000141146
0.00013387
0.000126943
0.000120349
0.000114073
0.000108103
0.000102423
9.70212e-05
9.18849e-05
8.70021e-05
8.23613e-05
7.79515e-05
7.37621e-05
6.97829e-05
6.60043e-05
6.24169e-05
5.90118e-05
5.57805e-05
5.27147e-05
4.98066e-05
4.70488e-05
4.4434e-05
4.19554e-05
3.96065e-05
3.73808e-05
3.52726e-05
3.32759e-05
3.13853e-05
2.95957e-05
2.79019e-05
2.62993e-05
2.47832e-05
2.33493e-05
2.19935e-05
2.07118e-05
1.95005e-05
1.83559e-05
1.72745e-05
1.62533e-05
1.5289e-05
1.43786e-05
1.35194e-05
1.27087e-05
1.19438e-05
1.12225e-05
1.05423e-05
9.9011e-06
9.29677e-06
8.72732e-06
8.19088e-06
7.68564e-06
7.20991e-06
6.76207e-06
6.34058e-06
5.94399e-06
5.57091e-06
5.22004e-06
4.89014e-06
4.58001e-06
4.28855e-06
4.01471e-06
3.75746e-06
3.51588e-06
3.28906e-06
3.07615e-06
2.87634e-06
2.68888e-06
2.51304e-06
2.34815e-06
2.19355e-06
2.04865e-06
1.91286e-06
1.78565e-06
1.6665e-06
1.55493e-06
1.45049e-06
1.35273e-06
1.26126e-06
1.1757e-06
1.09567e-06
1.02085e-06
9.5091e-07
8.85547e-07
8.24478e-07
7.67437e-07
7.14169e-07
6.64439e-07
6.18024e-07
5.74714e-07
5.34311e-07
4.9663e-07
4.61499e-07
4.28752e-07
3.98238e-07
3.69812e-07
3.43339e-07
3.18693e-07
2.95756e-07
2.74418e-07
2.54575e-07
2.36131e-07
2.18995e-07
2.03085e-07
1.88324e-07
1.74639e-07
1.61965e-07
1.50241e-07
1.39414e-07
1.29434e-07
1.20257e-07
1.11846e-07
1.04171e-07
9.72054e-08
9.09325e-08
8.53428e-08
8.04362e-08
7.62234e-08
7.27281e-08
6.99897e-08
6.80671e-08
6.70469e-08
0.00134506
0.00430309
0.00752565
0.0110132
0.0147674
0.0187881
0.0230725
0.0276146
0.032405
0.0374316
0.0426793
0.0481307
0.0537662
0.0595645
0.065503
0.071558
0.077705
0.0839192
0.0901756
0.0964493
0.102716
0.108951
0.115131
0.121234
0.12724
0.133127
0.138877
0.144473
0.1499
0.155142
0.160187
0.165024
0.169643
0.174036
0.178197
0.18212
0.185801
0.189237
0.192427
0.195371
0.198069
0.200522
0.202733
0.204705
0.206441
0.207947
0.209226
0.210284
0.211127
0.211761
0.212192
0.212427
0.212471
0.212341
0.212029
0.211545
0.2109
0.210099
0.20915
0.20806
0.206836
0.205484
0.204012
0.202425
0.200731
0.198935
0.197044
0.195064
0.193001
0.190861
0.188649
0.186371
0.184032
0.181637
0.179192
0.176701
0.174169
0.171601
0.169
0.166372
0.163719
0.161047
0.158358
0.155657
0.152947
0.15023
0.147511
0.144791
0.142075
0.139364
0.136662
0.13397
0.131291
0.128627
0.12598
0.123352
0.120745
0.11816
0.115599
0.113064
0.110555
0.108075
0.105623
0.103202
0.100812
0.0984536
0.0961282
0.0938363
0.0915784
0.0893552
0.0871671
0.0850145
0.0828978
0.0808171
0.0787729
0.0767651
0.074794
0.0728595
0.0709618
0.0691006
0.0672761
0.065488
0.0637361
0.0620204
0.0603406
0.0586964
0.0570875
0.0555137
0.0539745
0.0524697
0.0509989
0.0495616
0.0481575
0.0467861
0.045447
0.0441398
0.0428639
0.0416188
0.0404042
0.0392195
0.0380643
0.0369379
0.0358399
0.0347699
0.0337272
0.0327113
0.0317219
0.0307583
0.02982
0.0289065
0.0280174
0.027152
0.02631
0.0254908
0.0246938
0.0239188
0.023165
0.0224321
0.0217196
0.0210271
0.020354
0.0196999
0.0190643
0.0184469
0.0178472
0.0172647
0.0166991
0.0161499
0.0156167
0.0150991
0.0145968
0.0141093
0.0136363
0.0131773
0.0127322
0.0123004
0.0118816
0.0114755
0.0110818
0.0107001
0.0103302
0.00997162
0.00962417
0.00928752
0.00896138
0.00864546
0.00833948
0.00804317
0.00775627
0.00747851
0.00720965
0.00694942
0.00669759
0.00645393
0.00621819
0.00599016
0.00576962
0.00555634
0.00535013
0.00515077
0.00495807
0.00477183
0.00459187
0.00441799
0.00425002
0.00408779
0.00393111
0.00377983
0.00363378
0.0034928
0.00335673
0.00322544
0.00309876
0.00297657
0.00285871
0.00274506
0.00263548
0.00252984
0.00242802
0.0023299
0.00223536
0.00214429
0.00205656
0.00197209
0.00189074
0.00181244
0.00173707
0.00166454
0.00159475
0.00152761
0.00146304
0.00140095
0.00134124
0.00128385
0.00122869
0.00117568
0.00112475
0.00107584
0.00102885
0.00098374
0.000940429
0.000898857
0.000858962
0.000820682
0.000783961
0.000748741
0.000714967
0.000682586
0.000651547
0.0006218
0.000593297
0.000565992
0.000539838
0.000514794
0.000490815
0.000467862
0.000445896
0.000424877
0.000404769
0.000385537
0.000367146
0.000349563
0.000332755
0.000316693
0.000301346
0.000286685
0.000272682
0.000259311
0.000246546
0.000234362
0.000222735
0.000211642
0.00020106
0.000190968
0.000181345
0.000172172
0.00016343
0.000155099
0.000147162
0.000139603
0.000132404
0.000125551
0.000119027
0.000112819
0.000106912
0.000101293
9.59488e-05
9.08676e-05
8.60374e-05
8.14466e-05
7.70844e-05
7.29402e-05
6.90042e-05
6.52666e-05
6.17181e-05
5.83501e-05
5.5154e-05
5.21217e-05
4.92454e-05
4.65178e-05
4.39317e-05
4.14804e-05
3.91573e-05
3.69563e-05
3.48713e-05
3.28967e-05
3.10272e-05
2.92574e-05
2.75825e-05
2.59977e-05
2.44985e-05
2.30807e-05
2.17401e-05
2.04728e-05
1.9275e-05
1.81433e-05
1.70742e-05
1.60645e-05
1.51111e-05
1.4211e-05
1.33616e-05
1.25601e-05
1.1804e-05
1.10909e-05
1.04185e-05
9.7846e-06
9.1872e-06
8.6243e-06
8.09403e-06
7.59463e-06
7.12439e-06
6.68173e-06
6.26513e-06
5.87315e-06
5.50441e-06
5.15763e-06
4.83157e-06
4.52507e-06
4.23703e-06
3.96639e-06
3.71217e-06
3.47344e-06
3.24929e-06
3.03889e-06
2.84145e-06
2.65621e-06
2.48246e-06
2.31952e-06
2.16677e-06
2.02359e-06
1.88943e-06
1.76374e-06
1.64602e-06
1.5358e-06
1.43261e-06
1.33603e-06
1.24567e-06
1.16114e-06
1.08208e-06
1.00817e-06
9.39075e-07
8.74508e-07
8.14185e-07
7.5784e-07
7.05225e-07
6.56104e-07
6.10259e-07
5.67482e-07
5.27577e-07
4.90362e-07
4.55665e-07
4.23324e-07
3.93189e-07
3.65116e-07
3.38973e-07
3.14636e-07
2.91986e-07
2.70916e-07
2.51323e-07
2.33112e-07
2.16194e-07
2.00487e-07
1.85914e-07
1.72405e-07
1.59895e-07
1.48325e-07
1.37641e-07
1.27795e-07
1.18743e-07
1.10449e-07
1.02883e-07
9.60193e-08
8.98415e-08
8.43401e-08
7.95151e-08
7.53765e-08
7.19472e-08
6.92645e-08
6.73845e-08
6.63893e-08
0.00135839
0.00434658
0.00760424
0.0111325
0.0149322
0.0190014
0.0233347
0.0279235
0.0327565
0.0378198
0.0430975
0.0485713
0.0542216
0.060027
0.0659652
0.0720128
0.0781457
0.0843395
0.0905697
0.0968117
0.103041
0.109235
0.11537
0.121424
0.127377
0.133209
0.138901
0.144437
0.1498
0.154979
0.159959
0.164729
0.169282
0.173608
0.177702
0.181558
0.185173
0.188544
0.19167
0.19455
0.197186
0.199578
0.20173
0.203645
0.205327
0.206779
0.208007
0.209017
0.209813
0.210403
0.210792
0.210986
0.210994
0.210829
0.210482
0.209968
0.209294
0.208468
0.207496
0.206384
0.205141
0.203772
0.202284
0.200685
0.198979
0.197175
0.195277
0.193291
0.191225
0.189083
0.18687
0.184594
0.182258
0.179868
0.177428
0.174945
0.172421
0.169863
0.167273
0.164657
0.162017
0.159359
0.156686
0.154
0.151307
0.148608
0.145906
0.143206
0.140509
0.137819
0.135137
0.132466
0.129808
0.127166
0.124541
0.121936
0.119351
0.116789
0.114252
0.11174
0.109254
0.106797
0.104369
0.101971
0.0996046
0.0972698
0.0949678
0.0926992
0.0904646
0.0882644
0.0860993
0.0839694
0.0818753
0.0798171
0.077795
0.0758092
0.0738598
0.0719468
0.0700703
0.0682301
0.0664262
0.0646584
0.0629267
0.0612308
0.0595704
0.0579454
0.0563554
0.0548001
0.0532791
0.0517922
0.050339
0.0489189
0.0475317
0.0461769
0.0448541
0.0435628
0.0423025
0.0410728
0.0398731
0.0387031
0.0375621
0.0364498
0.0353655
0.0343088
0.0332792
0.0322762
0.0312992
0.0303478
0.0294214
0.0285195
0.0276417
0.0267874
0.0259562
0.0251475
0.0243608
0.0235957
0.0228517
0.0221283
0.0214251
0.0207415
0.0200771
0.0194316
0.0188043
0.018195
0.0176031
0.0170283
0.0164701
0.0159281
0.015402
0.0148913
0.0143956
0.0139145
0.0134478
0.012995
0.0125557
0.0121297
0.0117165
0.0113159
0.0109274
0.0105509
0.0101859
0.00983218
0.00948941
0.0091573
0.00883557
0.00852392
0.00822209
0.00792981
0.00764681
0.00737283
0.00710762
0.00685095
0.00660256
0.00636223
0.00612973
0.00590483
0.00568731
0.00547697
0.0052736
0.005077
0.00488696
0.0047033
0.00452583
0.00435437
0.00418873
0.00402875
0.00387426
0.00372509
0.00358108
0.00344207
0.00330792
0.00317847
0.00305358
0.0029331
0.00281691
0.00270486
0.00259683
0.00249269
0.00239231
0.00229559
0.00220239
0.00211261
0.00202614
0.00194287
0.0018627
0.00178551
0.00171122
0.00163974
0.00157095
0.00150479
0.00144115
0.00137995
0.00132111
0.00126455
0.00121019
0.00115796
0.00110777
0.00105957
0.00101327
0.000968822
0.000926146
0.000885186
0.000845877
0.000808162
0.000771983
0.000737284
0.00070401
0.00067211
0.000641532
0.000612228
0.000584151
0.000557253
0.000531491
0.000506821
0.000483203
0.000460595
0.000438959
0.000418257
0.000398453
0.000379512
0.000361399
0.000344083
0.000327531
0.000311713
0.0002966
0.000282163
0.000268375
0.000255209
0.00024264
0.000230643
0.000219195
0.000208273
0.000197854
0.000187919
0.000178445
0.000169415
0.000160808
0.000152607
0.000144794
0.000137353
0.000130267
0.000123521
0.0001171
0.000110989
0.000105175
9.96451e-05
9.43857e-05
8.93851e-05
8.46314e-05
8.01136e-05
7.58208e-05
7.17428e-05
6.78696e-05
6.41917e-05
6.07002e-05
5.73862e-05
5.42414e-05
5.1258e-05
4.84281e-05
4.57446e-05
4.32003e-05
4.07888e-05
3.85034e-05
3.63381e-05
3.42871e-05
3.23448e-05
3.05057e-05
2.87649e-05
2.71175e-05
2.55587e-05
2.40843e-05
2.26898e-05
2.13713e-05
2.0125e-05
1.8947e-05
1.78341e-05
1.67828e-05
1.57898e-05
1.48523e-05
1.39673e-05
1.31321e-05
1.2344e-05
1.16006e-05
1.08995e-05
1.02384e-05
9.61521e-06
9.02791e-06
8.47453e-06
7.95325e-06
7.46232e-06
7.00008e-06
6.56497e-06
6.15547e-06
5.77019e-06
5.40777e-06
5.06693e-06
4.74647e-06
4.44525e-06
4.16217e-06
3.8962e-06
3.64638e-06
3.41178e-06
3.19152e-06
2.98478e-06
2.79077e-06
2.60876e-06
2.43804e-06
2.27796e-06
2.12788e-06
1.98722e-06
1.85542e-06
1.73194e-06
1.6163e-06
1.50802e-06
1.40665e-06
1.31179e-06
1.22303e-06
1.14e-06
1.06236e-06
9.8976e-07
9.21903e-07
8.58492e-07
7.99251e-07
7.43918e-07
6.92249e-07
6.44014e-07
5.98997e-07
5.56993e-07
5.17811e-07
4.81271e-07
4.47204e-07
4.15453e-07
3.85867e-07
3.58308e-07
3.32644e-07
3.08753e-07
2.86521e-07
2.65839e-07
2.46609e-07
2.28736e-07
2.12133e-07
1.9672e-07
1.82421e-07
1.69168e-07
1.56896e-07
1.45549e-07
1.35072e-07
1.25419e-07
1.16548e-07
1.08424e-07
1.01015e-07
9.42986e-08
8.82582e-08
8.28844e-08
7.8177e-08
7.41454e-08
7.08109e-08
6.82085e-08
6.63897e-08
6.54302e-08
0.00137564
0.00440294
0.00770626
0.0112871
0.0151448
0.0192743
0.0236667
0.0283107
0.0331925
0.0382967
0.0436063
0.0491026
0.0547659
0.0605749
0.0665077
0.0725412
0.078652
0.084816
0.0910093
0.0972078
0.103388
0.109527
0.115602
0.121591
0.127475
0.133234
0.13885
0.144307
0.14959
0.154686
0.159582
0.164267
0.168734
0.172975
0.176982
0.180753
0.184283
0.18757
0.190613
0.193413
0.19597
0.198285
0.200363
0.202205
0.203816
0.205201
0.206365
0.207313
0.20805
0.208584
0.208919
0.209064
0.209026
0.208815
0.208427
0.207875
0.207166
0.206308
0.205306
0.204168
0.202901
0.201512
0.200006
0.198391
0.196673
0.194857
0.192951
0.19096
0.18889
0.186747
0.184536
0.182262
0.179931
0.177548
0.175117
0.172644
0.170133
0.167588
0.165013
0.162413
0.159792
0.157153
0.1545
0.151836
0.149164
0.146489
0.143812
0.141137
0.138466
0.135802
0.133147
0.130504
0.127875
0.125262
0.122666
0.12009
0.117536
0.115004
0.112497
0.110015
0.107561
0.105134
0.102737
0.10037
0.0980342
0.0957302
0.0934588
0.0912207
0.0890165
0.0868466
0.0847114
0.0826114
0.0805468
0.0785178
0.0765247
0.0745676
0.0726466
0.0707616
0.0689128
0.0670999
0.065323
0.0635818
0.0618763
0.0602061
0.0585711
0.0569711
0.0554056
0.0538744
0.0523772
0.0509136
0.0494832
0.0480856
0.0467204
0.0453872
0.0440855
0.0428149
0.0415749
0.0403651
0.0391849
0.0380339
0.0369115
0.0358174
0.0347509
0.0337116
0.032699
0.0317126
0.0307518
0.0298162
0.0289053
0.0280185
0.0271554
0.0263155
0.0254982
0.0247032
0.0239298
0.0231776
0.0224463
0.0217352
0.0210439
0.020372
0.019719
0.0190845
0.018468
0.0178692
0.0172875
0.0167226
0.0161741
0.0156415
0.0151244
0.0146226
0.0141355
0.0136628
0.0132042
0.0127593
0.0123277
0.0119092
0.0115032
0.0111096
0.010728
0.0103581
0.00999956
0.00965208
0.00931537
0.00898914
0.00867311
0.008367
0.00807054
0.00778346
0.0075055
0.00723641
0.00697595
0.00672387
0.00647993
0.00624391
0.00601559
0.00579473
0.00558114
0.0053746
0.0051749
0.00498185
0.00479526
0.00461493
0.00444068
0.00427234
0.00410972
0.00395266
0.00380099
0.00365455
0.00351317
0.00337672
0.00324502
0.00311795
0.00299536
0.00287711
0.00276306
0.00265308
0.00254705
0.00244484
0.00234634
0.00225141
0.00215995
0.00207185
0.00198699
0.00190527
0.0018266
0.00175087
0.00167797
0.00160783
0.00154034
0.00147542
0.00141299
0.00135295
0.00129523
0.00123974
0.00118641
0.00113517
0.00108595
0.00103866
0.000993251
0.00094965
0.000907793
0.000867619
0.000829067
0.000792079
0.000756597
0.000722569
0.000689939
0.000658657
0.000628673
0.000599939
0.000572408
0.000546035
0.000520776
0.000496589
0.000473433
0.000451269
0.000430058
0.000409763
0.00039035
0.000371783
0.000354028
0.000337055
0.000320832
0.000305328
0.000290516
0.000276366
0.000262853
0.000249951
0.000237633
0.000225877
0.000214659
0.000203956
0.000193748
0.000184013
0.000174731
0.000165883
0.000157451
0.000149416
0.000141762
0.000134473
0.000127531
0.000120923
0.000114633
0.000108648
0.000102953
9.75368e-05
9.23858e-05
8.74882e-05
8.28328e-05
7.84085e-05
7.42047e-05
7.02113e-05
6.64186e-05
6.28173e-05
5.93986e-05
5.61538e-05
5.30749e-05
5.01539e-05
4.73835e-05
4.47563e-05
4.22657e-05
3.99049e-05
3.76679e-05
3.55484e-05
3.35408e-05
3.16397e-05
2.98398e-05
2.81361e-05
2.65237e-05
2.49983e-05
2.35553e-05
2.21907e-05
2.09005e-05
1.9681e-05
1.85284e-05
1.74395e-05
1.64108e-05
1.54394e-05
1.45222e-05
1.36564e-05
1.28393e-05
1.20684e-05
1.13412e-05
1.06554e-05
1.00088e-05
9.39924e-06
8.82481e-06
8.2836e-06
7.7738e-06
7.29369e-06
6.84166e-06
6.41617e-06
6.01574e-06
5.63901e-06
5.28464e-06
4.95139e-06
4.63808e-06
4.34358e-06
4.06683e-06
3.80682e-06
3.56261e-06
3.33328e-06
3.11797e-06
2.91589e-06
2.72627e-06
2.54837e-06
2.38152e-06
2.22507e-06
2.0784e-06
1.94094e-06
1.81214e-06
1.69149e-06
1.57849e-06
1.47269e-06
1.37365e-06
1.28096e-06
1.19425e-06
1.11313e-06
1.03728e-06
9.66361e-07
9.00076e-07
8.38136e-07
7.80271e-07
7.26226e-07
6.75761e-07
6.28653e-07
5.84688e-07
5.43667e-07
5.05405e-07
4.69724e-07
4.3646e-07
4.05457e-07
3.7657e-07
3.49663e-07
3.24608e-07
3.01285e-07
2.79583e-07
2.59395e-07
2.40625e-07
2.23182e-07
2.06979e-07
1.91939e-07
1.77988e-07
1.65059e-07
1.5309e-07
1.42025e-07
1.31811e-07
1.22404e-07
1.13762e-07
1.05851e-07
9.86419e-08
9.21119e-08
8.62449e-08
8.1032e-08
7.64727e-08
7.25757e-08
6.93604e-08
6.68586e-08
6.51165e-08
6.42015e-08
0.00139641
0.00447075
0.00782913
0.0114726
0.0153973
0.0195937
0.0240495
0.0287501
0.0336799
0.0388222
0.0441593
0.0496724
0.0553418
0.0611467
0.0670653
0.0730752
0.0791535
0.0852766
0.0914212
0.0975638
0.103681
0.109751
0.115751
0.121661
0.127461
0.133132
0.138657
0.144019
0.149205
0.154201
0.158996
0.163581
0.167945
0.172083
0.175989
0.179658
0.183088
0.186276
0.189222
0.191927
0.19439
0.196616
0.198605
0.200362
0.201892
0.203198
0.204286
0.205162
0.205831
0.206299
0.206573
0.20666
0.20657
0.206305
0.20587
0.205275
0.204526
0.203631
0.202597
0.201429
0.200136
0.198724
0.197198
0.195567
0.193835
0.192009
0.190095
0.188099
0.186027
0.183884
0.181676
0.179408
0.177084
0.174711
0.172293
0.169834
0.167338
0.164811
0.162256
0.159678
0.157079
0.154465
0.151837
0.1492
0.146557
0.143911
0.141265
0.138621
0.135982
0.133352
0.130731
0.128122
0.125528
0.122951
0.120391
0.117852
0.115334
0.11284
0.11037
0.107926
0.105509
0.10312
0.100761
0.0984315
0.0961333
0.0938669
0.091633
0.0894323
0.0872651
0.085132
0.0830335
0.0809697
0.0789411
0.0769478
0.07499
0.0730678
0.0711813
0.0693304
0.0675152
0.0657355
0.0639913
0.0622824
0.0606086
0.0589698
0.0573656
0.0557958
0.0542601
0.0527582
0.0512898
0.0498544
0.0484517
0.0470812
0.0457427
0.0444356
0.0431595
0.041914
0.0406985
0.0395127
0.038356
0.037228
0.0361282
0.035056
0.0340111
0.0329928
0.0320007
0.0310344
0.0300932
0.0291767
0.0282844
0.0274158
0.0265705
0.0257479
0.0249475
0.0241689
0.0234116
0.0226751
0.0219589
0.0212626
0.0205858
0.019928
0.0192887
0.0186675
0.018064
0.0174778
0.0169084
0.0163554
0.0158185
0.0152972
0.0147912
0.0143
0.0138233
0.0133607
0.0129119
0.0124765
0.0120542
0.0116446
0.0112474
0.0108622
0.0104888
0.0101269
0.00977609
0.00943613
0.00910671
0.00878755
0.00847838
0.00817892
0.00788891
0.00760808
0.00733619
0.00707298
0.00681821
0.00657165
0.00633307
0.00610223
0.00587892
0.00566293
0.00545404
0.00525205
0.00505677
0.00486799
0.00468553
0.0045092
0.00433882
0.00417422
0.00401522
0.00386166
0.00371337
0.0035702
0.00343199
0.00329859
0.00316985
0.00304564
0.0029258
0.00281021
0.00269873
0.00259124
0.00248761
0.00238771
0.00229143
0.00219866
0.00210928
0.00202318
0.00194026
0.00186041
0.00178353
0.00170953
0.00163831
0.00156977
0.00150384
0.00144041
0.00137941
0.00132076
0.00126437
0.00121016
0.00115807
0.00110802
0.00105994
0.00101375
0.000969401
0.000926816
0.000885937
0.000846703
0.000809053
0.000772933
0.000738285
0.000705056
0.000673195
0.000642651
0.000613375
0.000585321
0.000558442
0.000532694
0.000508035
0.000484424
0.000461819
0.000440184
0.00041948
0.000399671
0.000380722
0.000362601
0.000345273
0.000328708
0.000312876
0.000297746
0.000283292
0.000269485
0.000256299
0.00024371
0.000231692
0.000220222
0.000209277
0.000198836
0.000188877
0.00017938
0.000170326
0.000161695
0.00015347
0.000145634
0.000138169
0.000131059
0.00012429
0.000117845
0.000111711
0.000105875
0.000100322
9.50403e-05
9.00178e-05
8.52427e-05
8.07038e-05
7.63904e-05
7.22921e-05
6.83991e-05
6.47019e-05
6.11914e-05
5.7859e-05
5.46963e-05
5.16954e-05
4.88485e-05
4.61485e-05
4.35882e-05
4.1161e-05
3.88605e-05
3.66806e-05
3.46153e-05
3.26592e-05
3.08069e-05
2.90533e-05
2.73934e-05
2.58226e-05
2.43366e-05
2.29309e-05
2.16017e-05
2.0345e-05
1.91571e-05
1.80345e-05
1.69739e-05
1.59721e-05
1.50261e-05
1.41329e-05
1.32898e-05
1.24942e-05
1.17435e-05
1.10354e-05
1.03677e-05
9.73816e-06
9.14475e-06
8.58554e-06
8.05869e-06
7.56242e-06
7.09509e-06
6.6551e-06
6.24096e-06
5.85124e-06
5.48459e-06
5.13972e-06
4.81542e-06
4.51053e-06
4.22396e-06
3.95467e-06
3.70169e-06
3.46407e-06
3.24095e-06
3.03149e-06
2.8349e-06
2.65044e-06
2.47739e-06
2.31509e-06
2.16291e-06
2.02026e-06
1.88657e-06
1.76131e-06
1.64397e-06
1.53408e-06
1.4312e-06
1.33489e-06
1.24477e-06
1.16046e-06
1.08159e-06
1.00785e-06
9.38903e-07
8.74465e-07
8.14254e-07
7.58006e-07
7.05474e-07
6.56425e-07
6.10639e-07
5.6791e-07
5.28045e-07
4.90862e-07
4.5619e-07
4.23867e-07
3.93743e-07
3.65677e-07
3.39535e-07
3.15195e-07
2.92538e-07
2.71456e-07
2.51848e-07
2.33618e-07
2.16678e-07
2.00945e-07
1.86342e-07
1.72799e-07
1.60249e-07
1.48634e-07
1.37898e-07
1.27992e-07
1.18872e-07
1.10497e-07
1.02836e-07
9.58593e-08
8.95459e-08
8.38803e-08
7.88539e-08
7.44661e-08
7.07246e-08
6.76467e-08
6.52605e-08
6.36064e-08
6.27425e-08
0.00142015
0.0045479
0.00796889
0.0116815
0.015676
0.0199382
0.0244524
0.029202
0.0341702
0.0393398
0.0446928
0.0502108
0.0558742
0.0616627
0.0675548
0.0735288
0.079562
0.0856317
0.0917148
0.0977884
0.10383
0.109818
0.11573
0.121547
0.127249
0.132818
0.138237
0.143491
0.148566
0.15345
0.158131
0.1626
0.16685
0.170873
0.174664
0.17822
0.181537
0.184615
0.187453
0.190052
0.192412
0.194537
0.196429
0.198093
0.199532
0.200752
0.201757
0.202554
0.203148
0.203545
0.203753
0.203777
0.203629
0.203308
0.202822
0.202181
0.20139
0.200456
0.199387
0.19819
0.19687
0.195434
0.193889
0.192241
0.190497
0.188662
0.186742
0.184744
0.182672
0.180532
0.17833
0.17607
0.173758
0.171399
0.168997
0.166556
0.164081
0.161577
0.159047
0.156495
0.153925
0.15134
0.148744
0.14614
0.143531
0.14092
0.138311
0.135705
0.133105
0.130513
0.127933
0.125365
0.122813
0.120277
0.117761
0.115265
0.11279
0.110339
0.107913
0.105513
0.103141
0.100796
0.098481
0.0961959
0.0939418
0.0917193
0.0895291
0.0873718
0.0852478
0.0831577
0.0811017
0.0790802
0.0770934
0.0751415
0.0732246
0.0713429
0.0694964
0.067685
0.0659088
0.0641676
0.0624613
0.0607897
0.0591527
0.0575501
0.0559815
0.0544467
0.0529454
0.0514773
0.050042
0.0486392
0.0472684
0.0459294
0.0446215
0.0433446
0.042098
0.0408813
0.0396942
0.038536
0.0374064
0.0363049
0.035231
0.0341842
0.0331639
0.0321699
0.0312014
0.0302581
0.0293394
0.0284449
0.0275741
0.0267264
0.0259014
0.0250987
0.0243177
0.023558
0.0228191
0.0221005
0.0214019
0.0207226
0.0200624
0.0194207
0.0187971
0.0181912
0.0176026
0.0170309
0.0164755
0.0159363
0.0154126
0.0149043
0.0144108
0.0139319
0.0134671
0.013016
0.0125784
0.012154
0.0117422
0.0113429
0.0109557
0.0105802
0.0102162
0.00986342
0.00952147
0.0091901
0.00886902
0.00855795
0.00825662
0.00796477
0.00768213
0.00740845
0.00714349
0.006887
0.00663874
0.00639848
0.006166
0.00594108
0.00572351
0.00551306
0.00530955
0.00511276
0.00492251
0.0047386
0.00456085
0.00438908
0.00422312
0.00406278
0.00390791
0.00375834
0.00361391
0.00347447
0.00333986
0.00320994
0.00308457
0.0029636
0.00284691
0.00273435
0.0026258
0.00252113
0.00242023
0.00232296
0.00222923
0.0021389
0.00205189
0.00196807
0.00188734
0.00180961
0.00173478
0.00166274
0.00159342
0.00152671
0.00146254
0.00140081
0.00134144
0.00128436
0.00122948
0.00117673
0.00112604
0.00107734
0.00103055
0.000985615
0.000942461
0.00090103
0.000861259
0.000823089
0.000786463
0.000751324
0.00071762
0.000685298
0.000654307
0.000624598
0.000596124
0.000568839
0.000542697
0.000517657
0.000493677
0.000470716
0.000448736
0.000427698
0.000407566
0.000388306
0.000369883
0.000352265
0.000335419
0.000319315
0.000303924
0.000289217
0.000275167
0.000261746
0.00024893
0.000236694
0.000225014
0.000213866
0.00020323
0.000193083
0.000183406
0.000174178
0.00016538
0.000156994
0.000149003
0.000141389
0.000134136
0.000127229
0.000120653
0.000114393
0.000108435
0.000102765
9.73718e-05
9.2242e-05
8.73641e-05
8.27266e-05
7.83186e-05
7.41298e-05
7.01501e-05
6.63699e-05
6.27799e-05
5.93715e-05
5.6136e-05
5.30654e-05
5.0152e-05
4.73882e-05
4.47671e-05
4.22818e-05
3.99258e-05
3.76928e-05
3.5577e-05
3.35726e-05
3.16742e-05
2.98765e-05
2.81747e-05
2.6564e-05
2.50398e-05
2.35978e-05
2.22339e-05
2.09443e-05
1.9725e-05
1.85725e-05
1.74835e-05
1.64547e-05
1.54829e-05
1.45652e-05
1.36989e-05
1.28811e-05
1.21095e-05
1.13815e-05
1.06948e-05
1.00472e-05
9.43677e-06
8.86136e-06
8.31914e-06
7.80831e-06
7.32716e-06
6.87408e-06
6.44753e-06
6.04605e-06
5.66827e-06
5.31285e-06
4.97857e-06
4.66424e-06
4.36874e-06
4.09101e-06
3.83003e-06
3.58487e-06
3.35461e-06
3.13841e-06
2.93545e-06
2.74497e-06
2.56625e-06
2.3986e-06
2.24136e-06
2.09394e-06
1.95576e-06
1.82625e-06
1.70492e-06
1.59127e-06
1.48484e-06
1.3852e-06
1.29194e-06
1.20466e-06
1.12302e-06
1.04665e-06
9.75245e-07
9.08492e-07
8.46105e-07
7.87812e-07
7.33358e-07
6.82505e-07
6.35025e-07
5.90706e-07
5.49348e-07
5.10765e-07
4.74778e-07
4.41223e-07
4.09943e-07
3.80793e-07
3.53635e-07
3.28342e-07
3.04792e-07
2.82873e-07
2.62479e-07
2.43512e-07
2.25879e-07
2.09495e-07
1.94281e-07
1.80161e-07
1.67068e-07
1.54938e-07
1.43713e-07
1.33341e-07
1.23774e-07
1.14969e-07
1.06888e-07
9.95005e-08
9.27788e-08
8.67023e-08
8.12564e-08
7.6433e-08
7.22312e-08
6.86578e-08
6.5728e-08
6.34662e-08
6.19064e-08
6.1097e-08
0.00144559
0.00463016
0.00811807
0.0118992
0.0159561
0.0202712
0.0248273
0.0296075
0.034595
0.0397728
0.0451234
0.0506285
0.056269
0.0620248
0.0678751
0.0737983
0.0797722
0.0857746
0.0917829
0.0977746
0.103728
0.109621
0.115433
0.121145
0.126738
0.132194
0.137497
0.142632
0.147586
0.152347
0.156904
0.161249
0.165375
0.169274
0.172943
0.176377
0.179575
0.182536
0.185259
0.187745
0.189997
0.192016
0.193806
0.195371
0.196716
0.197845
0.198765
0.199479
0.199996
0.20032
0.200459
0.20042
0.200211
0.199834
0.199298
0.19861
0.197777
0.196806
0.195704
0.194477
0.193131
0.191675
0.190112
0.188451
0.186697
0.184856
0.182934
0.180936
0.178868
0.176736
0.174544
0.172297
0.170001
0.167661
0.16528
0.162863
0.160414
0.157938
0.155438
0.152918
0.150382
0.147832
0.145274
0.142709
0.14014
0.137571
0.135004
0.132441
0.129886
0.12734
0.124806
0.122286
0.119781
0.117294
0.114826
0.112379
0.109955
0.107553
0.105177
0.102827
0.100505
0.0982103
0.0959452
0.09371
0.0915056
0.0893326
0.0871917
0.0850833
0.083008
0.0809661
0.078958
0.0769839
0.075044
0.0731386
0.0712676
0.0694313
0.0676296
0.0658624
0.0641298
0.0624315
0.0607676
0.0591377
0.0575418
0.0559795
0.0544506
0.0529549
0.0514919
0.0500614
0.0486631
0.0472965
0.0459613
0.0446571
0.0433835
0.04214
0.0409261
0.0397416
0.0385859
0.0374585
0.0363589
0.0352868
0.0342416
0.0332229
0.0322301
0.0312628
0.0303205
0.0294028
0.028509
0.0276389
0.0267918
0.0259673
0.0251649
0.0243842
0.0236246
0.0228858
0.0221673
0.0214686
0.0207892
0.0201288
0.0194869
0.018863
0.0182568
0.0176678
0.0170956
0.0165398
0.0160001
0.0154759
0.014967
0.0144729
0.0139933
0.0135279
0.0130762
0.0126379
0.0122127
0.0118002
0.0114001
0.0110121
0.0106359
0.0102711
0.00991747
0.00957471
0.00924252
0.00892061
0.0086087
0.00830653
0.00801384
0.00773035
0.00745582
0.00719001
0.00693266
0.00668355
0.00644245
0.00620912
0.00598336
0.00576494
0.00555365
0.0053493
0.00515169
0.00496061
0.00477588
0.00459732
0.00442475
0.00425798
0.00409685
0.0039412
0.00379085
0.00364566
0.00350545
0.0033701
0.00323944
0.00311334
0.00299165
0.00287424
0.00276098
0.00265174
0.00254639
0.00244481
0.00234689
0.00225251
0.00216155
0.0020739
0.00198947
0.00190814
0.00182982
0.0017544
0.0016818
0.00161192
0.00154466
0.00147995
0.00141769
0.00135781
0.00130023
0.00124486
0.00119163
0.00114047
0.00109131
0.00104408
0.000998701
0.000955121
0.000913273
0.000873096
0.000834531
0.00079752
0.000762006
0.000727937
0.000695259
0.000663922
0.000633876
0.000605075
0.000577471
0.000551021
0.000525681
0.00050141
0.000478166
0.000455911
0.000434607
0.000414217
0.000394707
0.000376042
0.000358188
0.000341115
0.000324791
0.000309187
0.000294274
0.000280024
0.000266411
0.000253409
0.000240993
0.000229139
0.000217824
0.000207025
0.000196722
0.000186894
0.00017752
0.000168582
0.000160061
0.00015194
0.0001442
0.000136827
0.000129804
0.000123116
0.000116748
0.000110686
0.000104917
9.9428e-05
9.42063e-05
8.924e-05
8.45177e-05
8.00284e-05
7.57614e-05
7.17067e-05
6.78546e-05
6.41957e-05
6.07211e-05
5.74223e-05
5.4291e-05
5.13194e-05
4.85e-05
4.58256e-05
4.32893e-05
4.08845e-05
3.86049e-05
3.64444e-05
3.43974e-05
3.24582e-05
3.06216e-05
2.88826e-05
2.72364e-05
2.56783e-05
2.4204e-05
2.28093e-05
2.14902e-05
2.02428e-05
1.90637e-05
1.79492e-05
1.6896e-05
1.59012e-05
1.49615e-05
1.40742e-05
1.32365e-05
1.24459e-05
1.16998e-05
1.0996e-05
1.03322e-05
9.70622e-06
9.1161e-06
8.55991e-06
8.03581e-06
7.54208e-06
7.07705e-06
6.63917e-06
6.22695e-06
5.83898e-06
5.47391e-06
5.13048e-06
4.80748e-06
4.50377e-06
4.21826e-06
3.94994e-06
3.69781e-06
3.46097e-06
3.23854e-06
3.0297e-06
2.83366e-06
2.64967e-06
2.47705e-06
2.31513e-06
2.16328e-06
2.02091e-06
1.88747e-06
1.76242e-06
1.64526e-06
1.53552e-06
1.43276e-06
1.33656e-06
1.24652e-06
1.16226e-06
1.08345e-06
1.00973e-06
9.40803e-07
8.76371e-07
8.16155e-07
7.59894e-07
7.07341e-07
6.58264e-07
6.12445e-07
5.69678e-07
5.29771e-07
4.92542e-07
4.5782e-07
4.25446e-07
3.95269e-07
3.67148e-07
3.4095e-07
3.16552e-07
2.93837e-07
2.72696e-07
2.53028e-07
2.34737e-07
2.17734e-07
2.01937e-07
1.87269e-07
1.73658e-07
1.61038e-07
1.49349e-07
1.38535e-07
1.28544e-07
1.19332e-07
1.10857e-07
1.03084e-07
9.59814e-08
8.95247e-08
8.36937e-08
7.84748e-08
7.38601e-08
6.98488e-08
6.64467e-08
6.3667e-08
6.15306e-08
6.00656e-08
5.93108e-08
0.0014716
0.00470971
0.00825888
0.012093
0.016188
0.020528
0.0250972
0.0298797
0.0348596
0.0400203
0.0453448
0.0508152
0.0564123
0.0621166
0.0679074
0.0737633
0.0796627
0.0855835
0.0915035
0.0974008
0.103254
0.109042
0.114744
0.120342
0.125816
0.131151
0.13633
0.141339
0.146166
0.150798
0.155227
0.159443
0.16344
0.167212
0.170755
0.174065
0.177142
0.179983
0.182589
0.184962
0.187104
0.189017
0.190705
0.192172
0.193423
0.194463
0.195297
0.195931
0.196371
0.196625
0.196697
0.196597
0.196329
0.195899
0.195316
0.194585
0.193713
0.192708
0.191576
0.190324
0.188958
0.187484
0.185909
0.184239
0.18248
0.180638
0.178718
0.176727
0.174668
0.172548
0.170372
0.168144
0.16587
0.163553
0.161199
0.158812
0.156395
0.153953
0.151489
0.149007
0.146511
0.144003
0.141488
0.138967
0.136445
0.133923
0.131404
0.128892
0.126387
0.123893
0.121411
0.118944
0.116493
0.11406
0.111646
0.109254
0.106884
0.104538
0.102217
0.0999228
0.0976554
0.0954163
0.0932062
0.091026
0.0888763
0.0867577
0.0846708
0.0826162
0.0805941
0.078605
0.0766492
0.0747269
0.0728382
0.0709834
0.0691625
0.0673756
0.0656226
0.0639036
0.0622183
0.0605668
0.0589488
0.0573642
0.0558128
0.0542943
0.0528084
0.0513549
0.0499335
0.0485437
0.0471853
0.045858
0.0445612
0.0432946
0.0420579
0.0408505
0.0396721
0.0385221
0.0374003
0.036306
0.0352389
0.0341984
0.0331842
0.0321956
0.0312324
0.0302939
0.0293798
0.0284895
0.0276226
0.0267786
0.025957
0.0251573
0.0243792
0.0236221
0.0228856
0.0221692
0.0214725
0.0207951
0.0201365
0.0194962
0.018874
0.0182692
0.0176816
0.0171107
0.0165561
0.0160174
0.0154943
0.0149863
0.0144931
0.0140143
0.0135496
0.0130985
0.0126608
0.0122362
0.0118242
0.0114245
0.0110369
0.010661
0.0102965
0.00994314
0.00960058
0.00926854
0.00894675
0.00863493
0.00833282
0.00804014
0.00775664
0.00748207
0.00721619
0.00695875
0.00670952
0.00646827
0.00623478
0.00600883
0.00579021
0.00557871
0.00537412
0.00517625
0.00498491
0.0047999
0.00462105
0.00444817
0.00428109
0.00411963
0.00396364
0.00381296
0.00366741
0.00352686
0.00339114
0.00326012
0.00313364
0.00301158
0.0028938
0.00278016
0.00267054
0.00256481
0.00246286
0.00236456
0.00226979
0.00217845
0.00209043
0.00200562
0.00192391
0.00184522
0.00176943
0.00169646
0.00162621
0.0015586
0.00149353
0.00143092
0.00137069
0.00131276
0.00125706
0.00120349
0.001152
0.00110252
0.00105496
0.00100927
0.000965384
0.000923233
0.000882759
0.000843901
0.000806604
0.00077081
0.000736465
0.000703518
0.000671918
0.000641616
0.000612563
0.000584713
0.000558023
0.000532449
0.000507949
0.000484482
0.00046201
0.000440495
0.000419899
0.000400188
0.000381328
0.000363285
0.000346027
0.000329524
0.000313746
0.000298664
0.000284251
0.000270478
0.000257322
0.000244756
0.000232757
0.000221302
0.000210367
0.000199933
0.000189977
0.00018048
0.000171423
0.000162787
0.000154555
0.000146708
0.000139231
0.000132108
0.000125323
0.000118863
0.000112711
0.000106856
0.000101283
9.59816e-05
9.09381e-05
8.61415e-05
8.15807e-05
7.7245e-05
7.31242e-05
6.92085e-05
6.54886e-05
6.19553e-05
5.86002e-05
5.54149e-05
5.23914e-05
4.95223e-05
4.68002e-05
4.42181e-05
4.17695e-05
3.94479e-05
3.72472e-05
3.51616e-05
3.31855e-05
3.13137e-05
2.95409e-05
2.78624e-05
2.62735e-05
2.47697e-05
2.33468e-05
2.20008e-05
2.07278e-05
1.95241e-05
1.83862e-05
1.73107e-05
1.62945e-05
1.53346e-05
1.44279e-05
1.35718e-05
1.27636e-05
1.20008e-05
1.12811e-05
1.06021e-05
9.96174e-06
9.35792e-06
8.78869e-06
8.2522e-06
7.74669e-06
7.27047e-06
6.82197e-06
6.39966e-06
6.00211e-06
5.62796e-06
5.27591e-06
4.94473e-06
4.63327e-06
4.34042e-06
4.06513e-06
3.80642e-06
3.56333e-06
3.33499e-06
3.12056e-06
2.91922e-06
2.73023e-06
2.55288e-06
2.38648e-06
2.23041e-06
2.08404e-06
1.94682e-06
1.81821e-06
1.69768e-06
1.58477e-06
1.47902e-06
1.37999e-06
1.28729e-06
1.20053e-06
1.11934e-06
1.0434e-06
9.72374e-07
9.05966e-07
8.4389e-07
7.85879e-07
7.31679e-07
6.81054e-07
6.33779e-07
5.89643e-07
5.4845e-07
5.10012e-07
4.74155e-07
4.40715e-07
4.09536e-07
3.80475e-07
3.53394e-07
3.28167e-07
3.04674e-07
2.82803e-07
2.62448e-07
2.43513e-07
2.25904e-07
2.09536e-07
1.94331e-07
1.80213e-07
1.67115e-07
1.54971e-07
1.43725e-07
1.33323e-07
1.23715e-07
1.14858e-07
1.06712e-07
9.92446e-08
9.24253e-08
8.62302e-08
8.06406e-08
7.56435e-08
7.12315e-08
6.74036e-08
6.4165e-08
6.15275e-08
5.95088e-08
5.8132e-08
5.74278e-08
0.00150133
0.00477477
0.00835121
0.0121943
0.0162832
0.0206068
0.0251514
0.0299017
0.0348422
0.0399568
0.0452285
0.0506393
0.0561704
0.0618023
0.0675144
0.0732856
0.0790944
0.0849191
0.0907379
0.0965292
0.102272
0.107945
0.113529
0.119006
0.124357
0.129566
0.134617
0.139498
0.144196
0.148699
0.152999
0.157087
0.160957
0.164603
0.168023
0.171212
0.174169
0.176895
0.179389
0.181654
0.18369
0.185502
0.187093
0.188467
0.18963
0.190586
0.191341
0.1919
0.192271
0.192459
0.192472
0.192316
0.191997
0.191522
0.190897
0.19013
0.189227
0.188194
0.18704
0.185769
0.184389
0.182905
0.181324
0.179653
0.177896
0.176059
0.174149
0.17217
0.170127
0.168027
0.165873
0.163671
0.161425
0.159139
0.156819
0.154467
0.152089
0.149687
0.147265
0.144828
0.142378
0.139918
0.137452
0.134982
0.132512
0.130044
0.12758
0.125122
0.122674
0.120237
0.117813
0.115404
0.113011
0.110637
0.108283
0.105951
0.103641
0.101355
0.0990941
0.0968595
0.094652
0.0924725
0.0903218
0.0882007
0.0861098
0.0840497
0.0820208
0.0800237
0.0780586
0.076126
0.074226
0.072359
0.070525
0.0687242
0.0669565
0.0652222
0.063521
0.061853
0.0602181
0.0586161
0.0570468
0.0555102
0.0540059
0.0525336
0.0510933
0.0496844
0.0483068
0.04696
0.0456438
0.0443577
0.0431015
0.0418746
0.0406766
0.0395073
0.038366
0.0372525
0.0361662
0.0351068
0.0340736
0.0330664
0.0320847
0.0311279
0.0301956
0.0292873
0.0284027
0.0275412
0.0267023
0.0258857
0.0250907
0.0243171
0.0235643
0.022832
0.0221195
0.0214266
0.0207527
0.0200975
0.0194605
0.0188413
0.0182395
0.0176547
0.0170865
0.0165344
0.0159982
0.0154773
0.0149715
0.0144804
0.0140035
0.0135406
0.0130914
0.0126553
0.0122322
0.0118217
0.0114235
0.0110372
0.0106625
0.0102992
0.00994687
0.00960532
0.00927423
0.00895333
0.00864234
0.00834099
0.00804902
0.00776618
0.00749221
0.00722689
0.00696996
0.00672119
0.00648036
0.00624725
0.00602164
0.00580333
0.00559209
0.00538774
0.00519007
0.00499889
0.00481403
0.00463529
0.0044625
0.00429548
0.00413407
0.0039781
0.00382741
0.00368184
0.00354125
0.00340547
0.00327438
0.00314781
0.00302565
0.00290775
0.00279398
0.00268422
0.00257834
0.00247623
0.00237775
0.00228281
0.00219129
0.00210307
0.00201806
0.00193616
0.00185725
0.00178126
0.00170807
0.0016376
0.00156977
0.00150447
0.00144164
0.00138119
0.00132303
0.00126709
0.0012133
0.00116159
0.00111187
0.00106409
0.00101818
0.000974064
0.000931691
0.000890997
0.000851921
0.000814407
0.0007784
0.000743845
0.00071069
0.000678885
0.00064838
0.000619129
0.000591084
0.000564202
0.000538439
0.000513753
0.000490105
0.000467455
0.000445765
0.000424998
0.00040512
0.000386097
0.000367894
0.00035048
0.000333825
0.000317899
0.000302672
0.000288117
0.000274207
0.000260917
0.000248221
0.000236096
0.000224517
0.000213464
0.000202913
0.000192845
0.000183239
0.000174076
0.000165337
0.000157005
0.000149062
0.000141492
0.000134278
0.000127406
0.000120861
0.000114628
0.000108694
0.000103045
9.76696e-05
9.25552e-05
8.76901e-05
8.30633e-05
7.8664e-05
7.44819e-05
7.05072e-05
6.67304e-05
6.31425e-05
5.97347e-05
5.64988e-05
5.34266e-05
5.05107e-05
4.77437e-05
4.51185e-05
4.26284e-05
4.0267e-05
3.80282e-05
3.5906e-05
3.38949e-05
3.19894e-05
3.01844e-05
2.8475e-05
2.68565e-05
2.53245e-05
2.38746e-05
2.25027e-05
2.12049e-05
1.99775e-05
1.8817e-05
1.772e-05
1.66832e-05
1.57035e-05
1.47781e-05
1.3904e-05
1.30788e-05
1.22997e-05
1.15644e-05
1.08706e-05
1.02161e-05
9.59889e-06
9.01688e-06
8.46822e-06
7.95114e-06
7.46391e-06
7.00494e-06
6.57268e-06
6.16568e-06
5.78255e-06
5.42197e-06
5.0827e-06
4.76356e-06
4.46342e-06
4.18122e-06
3.91595e-06
3.66665e-06
3.43242e-06
3.2124e-06
3.00579e-06
2.8118e-06
2.62971e-06
2.45883e-06
2.29852e-06
2.14815e-06
2.00714e-06
1.87495e-06
1.75104e-06
1.63494e-06
1.52617e-06
1.42429e-06
1.3289e-06
1.23961e-06
1.15603e-06
1.07784e-06
1.00469e-06
9.36277e-07
8.72315e-07
8.12528e-07
7.56657e-07
7.04457e-07
6.55701e-07
6.10173e-07
5.67669e-07
5.28e-07
4.90985e-07
4.56456e-07
4.24255e-07
3.94233e-07
3.6625e-07
3.40175e-07
3.15885e-07
2.93266e-07
2.72208e-07
2.52612e-07
2.34382e-07
2.1743e-07
2.01674e-07
1.87038e-07
1.73449e-07
1.60841e-07
1.49155e-07
1.38332e-07
1.28323e-07
1.19079e-07
1.10559e-07
1.02726e-07
9.55465e-08
8.89924e-08
8.30411e-08
7.76745e-08
7.28802e-08
6.86513e-08
6.49869e-08
6.18918e-08
5.93766e-08
5.7457e-08
5.61531e-08
5.54899e-08
)
;

boundaryField
{
    frontAndBack
    {
        type            empty;
    }
    inlet
    {
        type            uniformFixedValue;
        uniformValue    
        {
            type            table;
            values          
4
(
(0 0)
(0.05 1)
(0.1 1)
(0.15 0)
)
;
        }
        value           uniform 0;
    }
    outlet
    {
        type            zeroGradient;
    }
    substrate
    {
        type            firstorder;
        value           nonuniform List<scalar> 
400
(
0.00149397
0.00475009
0.00830636
0.0121267
0.0161903
0.0204861
0.0250004
0.029718
0.0346234
0.0397004
0.0449321
0.0503007
0.0557873
0.0613725
0.0670357
0.072756
0.0785121
0.0842823
0.090045
0.0957787
0.101462
0.107076
0.112599
0.118014
0.123302
0.128449
0.133438
0.138256
0.142891
0.147332
0.15157
0.155597
0.159408
0.162995
0.166357
0.16949
0.172393
0.175066
0.177509
0.179724
0.181713
0.18348
0.185028
0.186361
0.187485
0.188404
0.189125
0.189653
0.189994
0.190155
0.190143
0.189965
0.189625
0.189132
0.188492
0.187711
0.186797
0.185756
0.184594
0.183319
0.181936
0.180452
0.178873
0.177205
0.175453
0.173623
0.171722
0.169753
0.167723
0.165636
0.163497
0.161311
0.159083
0.156817
0.154516
0.152186
0.14983
0.147452
0.145055
0.142643
0.140219
0.137786
0.135347
0.132906
0.130465
0.128026
0.125591
0.123164
0.120747
0.11834
0.115947
0.11357
0.111209
0.108867
0.106545
0.104244
0.101966
0.0997123
0.0974834
0.0952806
0.0931048
0.0909569
0.0888376
0.0867477
0.0846877
0.0826583
0.0806599
0.0786929
0.0767577
0.0748546
0.0729839
0.0711457
0.0693402
0.0675675
0.0658276
0.0641206
0.0624463
0.0608049
0.0591961
0.0576197
0.0560758
0.0545639
0.053084
0.0516357
0.0502188
0.048833
0.047478
0.0461534
0.0448589
0.0435942
0.0423587
0.0411522
0.0399743
0.0388245
0.0377024
0.0366075
0.0355395
0.0344979
0.0334823
0.0324921
0.0315269
0.0305864
0.02967
0.0287772
0.0279076
0.0270608
0.0262363
0.0254337
0.0246524
0.0238921
0.0231522
0.0224324
0.0217323
0.0210513
0.0203891
0.0197452
0.0191192
0.0185108
0.0179194
0.0173447
0.0167864
0.0162439
0.015717
0.0152052
0.0147082
0.0142256
0.0137571
0.0133023
0.0128609
0.0124324
0.0120167
0.0116134
0.0112221
0.0108426
0.0104745
0.0101175
0.0097714
0.00943584
0.00911057
0.0087953
0.00848977
0.00819371
0.00790687
0.007629
0.00735986
0.0070992
0.00684679
0.0066024
0.00636582
0.00613681
0.00591518
0.00570071
0.00549319
0.00529244
0.00509826
0.00491046
0.00472886
0.00455327
0.00438353
0.00421946
0.0040609
0.00390768
0.00375965
0.00361666
0.00347855
0.00334517
0.00321639
0.00309206
0.00297206
0.00285624
0.00274449
0.00263667
0.00253266
0.00243235
0.00233562
0.00224236
0.00215245
0.0020658
0.00198229
0.00190184
0.00182433
0.00174968
0.00167779
0.00160857
0.00154193
0.0014778
0.00141608
0.00135669
0.00129956
0.00124462
0.00119178
0.00114098
0.00109215
0.00104521
0.00100011
0.000956783
0.000915161
0.000875187
0.000836804
0.000799956
0.000764587
0.000730644
0.000698077
0.000666836
0.000636872
0.000608139
0.000580591
0.000554186
0.00052888
0.000504632
0.000481403
0.000459155
0.000437849
0.000417451
0.000397926
0.00037924
0.00036136
0.000344255
0.000327896
0.000312252
0.000297295
0.000282999
0.000269336
0.000256282
0.000243811
0.000231901
0.000220528
0.00020967
0.000199307
0.000189417
0.000179982
0.000170982
0.000162398
0.000154214
0.000146412
0.000138976
0.000131891
0.000125141
0.000118712
0.00011259
0.000106761
0.000101213
9.59326e-05
9.09091e-05
8.61305e-05
8.15858e-05
7.72647e-05
7.31569e-05
6.92529e-05
6.55432e-05
6.2019e-05
5.86718e-05
5.54934e-05
5.24759e-05
4.96118e-05
4.68939e-05
4.43154e-05
4.18696e-05
3.95502e-05
3.73512e-05
3.52667e-05
3.32914e-05
3.14198e-05
2.96469e-05
2.79679e-05
2.63783e-05
2.48735e-05
2.34493e-05
2.21018e-05
2.08272e-05
1.96216e-05
1.84818e-05
1.74043e-05
1.63859e-05
1.54237e-05
1.45147e-05
1.36562e-05
1.28456e-05
1.20804e-05
1.13583e-05
1.06768e-05
1.0034e-05
9.42775e-06
8.8561e-06
8.31722e-06
7.80934e-06
7.3308e-06
6.88e-06
6.45544e-06
6.05569e-06
5.67939e-06
5.32523e-06
4.99201e-06
4.67856e-06
4.38377e-06
4.1066e-06
3.84605e-06
3.6012e-06
3.37115e-06
3.15506e-06
2.95212e-06
2.76159e-06
2.58275e-06
2.41492e-06
2.25747e-06
2.10978e-06
1.97129e-06
1.84145e-06
1.71976e-06
1.60573e-06
1.4989e-06
1.39884e-06
1.30516e-06
1.21745e-06
1.13537e-06
1.05857e-06
9.86725e-07
9.19537e-07
8.56718e-07
7.97999e-07
7.43125e-07
6.91858e-07
6.43973e-07
5.99258e-07
5.57514e-07
5.18553e-07
4.822e-07
4.48288e-07
4.16662e-07
3.87177e-07
3.59694e-07
3.34085e-07
3.1023e-07
2.88015e-07
2.67334e-07
2.48088e-07
2.30184e-07
2.13536e-07
1.98062e-07
1.83687e-07
1.70341e-07
1.57959e-07
1.46482e-07
1.35853e-07
1.26023e-07
1.16945e-07
1.08578e-07
1.00885e-07
9.38335e-08
8.73968e-08
8.1552e-08
7.62815e-08
7.15731e-08
6.742e-08
6.38211e-08
6.07813e-08
5.83112e-08
5.64267e-08
5.51482e-08
5.44985e-08
)
;
    }
    Wall
    {
        type            firstorder;
        value           nonuniform List<scalar> 
400
(
0.00149389
0.00474991
0.00830617
0.0121265
0.01619
0.0204856
0.0249997
0.029717
0.034622
0.0396987
0.0449299
0.050298
0.0557841
0.0613687
0.0670313
0.072751
0.0785065
0.0842761
0.0900381
0.0957712
0.101454
0.107067
0.11259
0.118004
0.123292
0.128438
0.133427
0.138245
0.142879
0.14732
0.151558
0.155585
0.159395
0.162983
0.166345
0.169478
0.172381
0.175054
0.177497
0.179712
0.181702
0.183468
0.185016
0.18635
0.187474
0.188393
0.189114
0.189642
0.189984
0.190145
0.190133
0.189956
0.189617
0.189124
0.188483
0.187703
0.186789
0.185748
0.184587
0.183312
0.18193
0.180446
0.178867
0.177199
0.175448
0.173618
0.171717
0.169749
0.167718
0.165632
0.163493
0.161308
0.15908
0.156813
0.154513
0.152183
0.149827
0.147449
0.145052
0.142641
0.140217
0.137784
0.135346
0.132905
0.130463
0.128024
0.12559
0.123163
0.120746
0.11834
0.115947
0.113569
0.111209
0.108867
0.106544
0.104244
0.101966
0.0997121
0.0974833
0.0952805
0.0931048
0.0909569
0.0888377
0.0867478
0.0846879
0.0826585
0.0806601
0.0786932
0.0767581
0.074855
0.0729843
0.0711462
0.0693407
0.067568
0.0658281
0.0641211
0.0624469
0.0608055
0.0591967
0.0576204
0.0560764
0.0545646
0.0530846
0.0516364
0.0502195
0.0488337
0.0474787
0.0461541
0.0448596
0.0435948
0.0423594
0.0411529
0.039975
0.0388252
0.0377031
0.0366082
0.0355402
0.0344986
0.0334829
0.0324927
0.0315276
0.030587
0.0296706
0.0287778
0.0279083
0.0270614
0.0262369
0.0254343
0.024653
0.0238926
0.0231528
0.022433
0.0217328
0.0210518
0.0203896
0.0197457
0.0191197
0.0185113
0.0179199
0.0173452
0.0167868
0.0162444
0.0157174
0.0152056
0.0147086
0.014226
0.0137575
0.0133027
0.0128613
0.0124328
0.0120171
0.0116138
0.0112225
0.0108429
0.0104748
0.0101179
0.00977173
0.00943616
0.00911088
0.0087956
0.00849007
0.008194
0.00790716
0.00762928
0.00736013
0.00709947
0.00684705
0.00660266
0.00636607
0.00613705
0.00591541
0.00570094
0.00549342
0.00529266
0.00509847
0.00491067
0.00472906
0.00455347
0.00438372
0.00421965
0.00406108
0.00390786
0.00375982
0.00361682
0.00347871
0.00334533
0.00321654
0.00309221
0.0029722
0.00285638
0.00274463
0.0026368
0.00253279
0.00243248
0.00233574
0.00224248
0.00215257
0.00206591
0.0019824
0.00190194
0.00182443
0.00174978
0.00167788
0.00160866
0.00154202
0.00147788
0.00141616
0.00135677
0.00129964
0.0012447
0.00119186
0.00114105
0.00109222
0.00104528
0.00100018
0.000956846
0.000915221
0.000875246
0.000836861
0.00080001
0.000764639
0.000730695
0.000698126
0.000666883
0.000636918
0.000608183
0.000580634
0.000554227
0.000528919
0.00050467
0.00048144
0.00045919
0.000437884
0.000417484
0.000397958
0.00037927
0.000361389
0.000344284
0.000327923
0.000312278
0.00029732
0.000283023
0.000269359
0.000256304
0.000243833
0.000231921
0.000220548
0.000209689
0.000199325
0.000189435
0.000179999
0.000170998
0.000162414
0.000154229
0.000146426
0.00013899
0.000131904
0.000125154
0.000118724
0.000112601
0.000106772
0.000101223
9.59427e-05
9.09187e-05
8.61397e-05
8.15946e-05
7.72731e-05
7.3165e-05
6.92605e-05
6.55505e-05
6.2026e-05
5.86785e-05
5.54998e-05
5.2482e-05
4.96176e-05
4.68995e-05
4.43207e-05
4.18746e-05
3.9555e-05
3.73558e-05
3.52711e-05
3.32955e-05
3.14237e-05
2.96507e-05
2.79715e-05
2.63817e-05
2.48767e-05
2.34524e-05
2.21048e-05
2.08299e-05
1.96243e-05
1.84843e-05
1.74067e-05
1.63882e-05
1.54258e-05
1.45168e-05
1.36582e-05
1.28475e-05
1.20822e-05
1.13599e-05
1.06784e-05
1.00355e-05
9.42917e-06
8.85744e-06
8.31849e-06
7.81055e-06
7.33194e-06
6.88108e-06
6.45647e-06
6.05666e-06
5.6803e-06
5.3261e-06
4.99283e-06
4.67933e-06
4.3845e-06
4.10729e-06
3.84671e-06
3.60182e-06
3.37173e-06
3.1556e-06
2.95264e-06
2.76208e-06
2.58321e-06
2.41536e-06
2.25788e-06
2.11017e-06
1.97165e-06
1.84179e-06
1.72008e-06
1.60603e-06
1.49918e-06
1.39911e-06
1.30541e-06
1.21769e-06
1.13559e-06
1.05878e-06
9.86922e-07
9.19722e-07
8.56891e-07
7.98161e-07
7.43278e-07
6.92001e-07
6.44107e-07
5.99384e-07
5.57632e-07
5.18664e-07
4.82303e-07
4.48385e-07
4.16753e-07
3.87262e-07
3.59774e-07
3.3416e-07
3.103e-07
2.8808e-07
2.67395e-07
2.48145e-07
2.30238e-07
2.13586e-07
1.98108e-07
1.8373e-07
1.70382e-07
1.57997e-07
1.46517e-07
1.35886e-07
1.26054e-07
1.16974e-07
1.08605e-07
1.0091e-07
9.3857e-08
8.74189e-08
8.15727e-08
7.6301e-08
7.15915e-08
6.74375e-08
6.38379e-08
6.07974e-08
5.83267e-08
5.64411e-08
5.51602e-08
5.45087e-08
)
;
    }
}


// ************************************************************************* //
