/*--------------------------------*- C++ -*----------------------------------*\
  =========                 |
  \\      /  F ield         | OpenFOAM: The Open Source CFD Toolbox
   \\    /   O peration     | Website:  https://openfoam.org
    \\  /    A nd           | Version:  dev
     \\/     M anipulation  |
\*---------------------------------------------------------------------------*/
FoamFile
{
    format      ascii;
    class       volScalarField;
    location    "0.06";
    object      N1;
}
// * * * * * * * * * * * * * * * * * * * * * * * * * * * * * * * * * * * * * //

dimensions      [0 0 0 0 0 0 0];

internalField   nonuniform List<scalar> 
8000
(
0.976939
0.931907
0.898438
0.868278
0.840103
0.813637
0.788516
0.764448
0.741232
0.718726
0.696828
0.675461
0.65457
0.634117
0.614073
0.59442
0.575146
0.556246
0.537717
0.519559
0.501775
0.484368
0.467343
0.450704
0.434456
0.418603
0.403147
0.388092
0.373439
0.359188
0.345341
0.331896
0.31885
0.306202
0.293947
0.282082
0.2706
0.259497
0.248766
0.2384
0.228393
0.218736
0.209422
0.200442
0.191788
0.183452
0.175426
0.1677
0.160266
0.153116
0.146241
0.139633
0.133282
0.127182
0.121324
0.1157
0.110303
0.105124
0.100157
0.0953943
0.0908285
0.086453
0.0822612
0.0782464
0.0744025
0.0707232
0.0672026
0.0638349
0.0606145
0.057536
0.054594
0.0517834
0.0490992
0.0465367
0.0440912
0.0417581
0.0395331
0.037412
0.0353906
0.0334649
0.0316312
0.0298856
0.0282247
0.0266449
0.0251429
0.0237154
0.0223593
0.0210716
0.0198492
0.0186895
0.0175896
0.016547
0.015559
0.0146233
0.0137375
0.0128993
0.0121065
0.0113571
0.0106489
0.00998003
0.00934863
0.00875287
0.00819102
0.00766142
0.00716246
0.00669262
0.00625041
0.00583443
0.00544333
0.00507581
0.00473063
0.00440661
0.00410261
0.00381755
0.0035504
0.00330017
0.00306592
0.00284675
0.0026418
0.00245026
0.00227135
0.00210433
0.00194851
0.00180322
0.00166782
0.00154171
0.00142433
0.00131514
0.00121362
0.0011193
0.00103171
0.000950417
0.000875024
0.000805141
0.000740404
0.000680471
0.00062502
0.000573748
0.000526368
0.000482612
0.000442229
0.000404981
0.000370647
0.000339019
0.000309902
0.000283113
0.000258482
0.00023585
0.000215067
0.000195995
0.000178505
0.000162475
0.000147792
0.000134353
0.00012206
0.000110823
0.000100557
9.11855e-05
8.26351e-05
7.48394e-05
6.77364e-05
6.12688e-05
5.53837e-05
5.00322e-05
4.5169e-05
4.07526e-05
3.67446e-05
3.31096e-05
2.98151e-05
2.68313e-05
2.41306e-05
2.16877e-05
1.94797e-05
1.74851e-05
1.56847e-05
1.40606e-05
1.25965e-05
1.12775e-05
1.00901e-05
9.02187e-06
8.06148e-06
7.19864e-06
6.42397e-06
5.72892e-06
5.10574e-06
4.54737e-06
4.04742e-06
3.60008e-06
3.20008e-06
2.84266e-06
2.5235e-06
2.23871e-06
1.98475e-06
1.75844e-06
1.55691e-06
1.37757e-06
1.21809e-06
1.07635e-06
9.50486e-07
8.38783e-07
7.39718e-07
6.51922e-07
5.74166e-07
5.0535e-07
4.44487e-07
3.90696e-07
3.43187e-07
3.01255e-07
2.64271e-07
2.31674e-07
2.02962e-07
1.77691e-07
1.55463e-07
1.35926e-07
1.18765e-07
1.03701e-07
9.0488e-08
7.89059e-08
6.87606e-08
5.98799e-08
5.21114e-08
4.53207e-08
3.93886e-08
3.42102e-08
2.96929e-08
2.57549e-08
2.23243e-08
1.93378e-08
1.67397e-08
1.4481e-08
1.25187e-08
1.08152e-08
9.33721e-09
8.05586e-09
6.94573e-09
5.9846e-09
5.15304e-09
4.43407e-09
3.81288e-09
3.27653e-09
2.81376e-09
2.41475e-09
2.07094e-09
1.7749e-09
1.52017e-09
1.30114e-09
1.11292e-09
9.51302e-10
8.12613e-10
6.93683e-10
5.91766e-10
5.04488e-10
4.29798e-10
3.65923e-10
3.11335e-10
2.64714e-10
2.24926e-10
1.90992e-10
1.6207e-10
1.37437e-10
1.16471e-10
9.86383e-11
8.34807e-11
7.06057e-11
5.96769e-11
5.04066e-11
4.25482e-11
3.58913e-11
3.0256e-11
2.54887e-11
2.14585e-11
1.80536e-11
1.5179e-11
1.27537e-11
1.07089e-11
8.98607e-12
7.53545e-12
6.31486e-12
5.28851e-12
4.42608e-12
3.70186e-12
3.09413e-12
2.58447e-12
2.15735e-12
1.79965e-12
1.50027e-12
1.24988e-12
1.04061e-12
8.65806e-13
7.19899e-13
5.98192e-13
4.96738e-13
4.12222e-13
3.41864e-13
2.83331e-13
2.34668e-13
1.94237e-13
1.60668e-13
1.32814e-13
1.09718e-13
9.05804e-14
7.47323e-14
6.16173e-14
5.07711e-14
4.18072e-14
3.44038e-14
2.82932e-14
2.3253e-14
1.90984e-14
1.5676e-14
1.28587e-14
1.05409e-14
8.63541e-15
7.06984e-15
5.7844e-15
4.72966e-15
3.86478e-15
3.15604e-15
2.57563e-15
2.10062e-15
1.71213e-15
1.3946e-15
1.13523e-15
9.23518e-16
7.50812e-16
6.10017e-16
4.9531e-16
4.01919e-16
3.25931e-16
2.64142e-16
2.13932e-16
1.73157e-16
1.40066e-16
1.13227e-16
9.14738e-17
7.38532e-17
5.95895e-17
4.80505e-17
3.87217e-17
3.11845e-17
2.50987e-17
2.0188e-17
1.6228e-17
1.30366e-17
1.04663e-17
8.39756e-18
6.73352e-18
5.39588e-18
4.32128e-18
3.45854e-18
2.76634e-18
2.21131e-18
1.76654e-18
1.41036e-18
1.1253e-18
8.97306e-19
7.15063e-19
5.69483e-19
4.53264e-19
3.6054e-19
2.8661e-19
2.27699e-19
1.80787e-19
1.43452e-19
1.13757e-19
9.01547e-20
7.14056e-20
5.65213e-20
4.47124e-20
3.53491e-20
2.79297e-20
2.20542e-20
1.74041e-20
1.37262e-20
1.0819e-20
8.52235e-21
6.70919e-21
5.27861e-21
4.15057e-21
3.26163e-21
2.56154e-21
2.01052e-21
1.5771e-21
1.23638e-21
9.68703e-22
7.58549e-22
5.93665e-22
4.64391e-22
3.63116e-22
2.83853e-22
2.21893e-22
1.73543e-22
1.35914e-22
1.06753e-22
8.43209e-23
6.72852e-23
5.46502e-23
4.5698e-23
3.99474e-23
3.71218e-23
0.981568
0.945854
0.915185
0.886462
0.859057
0.832916
0.807874
0.78375
0.760394
0.737693
0.715557
0.693921
0.672736
0.651965
0.631586
0.611583
0.591946
0.572671
0.553759
0.535211
0.517032
0.499227
0.4818
0.464759
0.448108
0.431852
0.415996
0.400544
0.385497
0.370857
0.356625
0.3428
0.329382
0.316367
0.303753
0.291535
0.279709
0.26827
0.25721
0.246524
0.236205
0.226244
0.216635
0.207369
0.198437
0.189832
0.181544
0.173565
0.165886
0.158499
0.151395
0.144566
0.138002
0.131696
0.12564
0.119825
0.114243
0.108887
0.103749
0.0988217
0.0940979
0.0895704
0.0852326
0.0810776
0.0770991
0.0732906
0.0696461
0.0661596
0.0628253
0.0596376
0.0565911
0.0536804
0.0509005
0.0482465
0.0457133
0.0432966
0.0409916
0.038794
0.0366997
0.0347044
0.0328043
0.0309955
0.0292743
0.027637
0.0260803
0.0246007
0.023195
0.0218601
0.020593
0.0193907
0.0182504
0.0171693
0.016145
0.0151747
0.0142562
0.0133869
0.0125648
0.0117875
0.0110529
0.0103592
0.00970424
0.00908624
0.00850339
0.00795396
0.0074363
0.00694881
0.00648998
0.00605834
0.0056525
0.0052711
0.00491288
0.00457659
0.00426107
0.0039652
0.0036879
0.00342814
0.00318496
0.00295742
0.00274464
0.00254577
0.00236
0.00218658
0.00202477
0.00187388
0.00173326
0.00160229
0.00148037
0.00136695
0.0012615
0.00116351
0.00107252
0.000988065
0.000909733
0.000837121
0.000769853
0.000707574
0.000649949
0.000596662
0.000547419
0.00050194
0.000459964
0.000421245
0.000385553
0.000352672
0.000322399
0.000294546
0.000268935
0.000245401
0.000223789
0.000203955
0.000185764
0.000169092
0.00015382
0.000139841
0.000127053
0.000115362
0.000104682
9.49308e-05
8.60341e-05
7.79221e-05
7.05305e-05
6.37997e-05
5.76747e-05
5.21048e-05
4.70428e-05
4.24456e-05
3.82733e-05
3.4489e-05
3.10591e-05
2.79523e-05
2.51402e-05
2.25965e-05
2.02971e-05
1.82199e-05
1.63447e-05
1.46531e-05
1.31281e-05
1.17541e-05
1.05172e-05
9.40425e-06
8.40364e-06
7.50462e-06
6.69741e-06
5.97312e-06
5.32369e-06
4.74177e-06
4.22069e-06
3.75442e-06
3.33747e-06
2.96488e-06
2.63215e-06
2.33523e-06
2.07045e-06
1.83448e-06
1.62433e-06
1.43731e-06
1.27098e-06
1.12316e-06
9.91879e-07
8.75363e-07
7.72024e-07
6.80434e-07
5.99314e-07
5.27515e-07
4.6401e-07
4.0788e-07
3.58303e-07
3.14543e-07
2.75944e-07
2.41921e-07
2.11953e-07
1.85573e-07
1.62369e-07
1.41972e-07
1.24055e-07
1.08327e-07
9.45303e-08
8.24358e-08
7.1841e-08
6.25661e-08
5.44525e-08
4.73595e-08
4.11631e-08
3.57535e-08
3.10343e-08
2.692e-08
2.33356e-08
2.0215e-08
1.75001e-08
1.51397e-08
1.3089e-08
1.13085e-08
9.76373e-09
8.42436e-09
7.26389e-09
6.25911e-09
5.38973e-09
4.63802e-09
3.98849e-09
3.42765e-09
2.94372e-09
2.52643e-09
2.16685e-09
1.85721e-09
1.59077e-09
1.36164e-09
1.16475e-09
9.95659e-10
8.50554e-10
7.26115e-10
6.19471e-10
5.28139e-10
4.49974e-10
3.83124e-10
3.25989e-10
2.77191e-10
2.35542e-10
2.00019e-10
1.6974e-10
1.4395e-10
1.21998e-10
1.03325e-10
8.74524e-11
7.39693e-11
6.25237e-11
5.28143e-11
4.45833e-11
3.76102e-11
3.1707e-11
2.67126e-11
2.24902e-11
1.89228e-11
1.59107e-11
1.33694e-11
1.12265e-11
9.42097e-12
7.90062e-12
6.62128e-12
5.54546e-12
4.6414e-12
3.88219e-12
3.24504e-12
2.71069e-12
2.26285e-12
1.88777e-12
1.57383e-12
1.31124e-12
1.09176e-12
9.08417e-13
7.55375e-13
6.27708e-13
5.21279e-13
4.32614e-13
3.58797e-13
2.97383e-13
2.46321e-13
2.03894e-13
1.68666e-13
1.39434e-13
1.15194e-13
9.51066e-14
7.84713e-14
6.4704e-14
5.33176e-14
4.39067e-14
3.61337e-14
2.97176e-14
2.44251e-14
2.00623e-14
1.64681e-14
1.35092e-14
1.10749e-14
9.07338e-15
7.42885e-15
6.0785e-15
4.97043e-15
4.06176e-15
3.31709e-15
2.70722e-15
2.20807e-15
1.79981e-15
1.46611e-15
1.19351e-15
9.70988e-16
7.89451e-16
6.41448e-16
5.20862e-16
4.22677e-16
3.42785e-16
2.77817e-16
2.25021e-16
1.82144e-16
1.47344e-16
1.19117e-16
9.62378e-17
7.77041e-17
6.27003e-17
5.05619e-17
4.07478e-17
3.28182e-17
2.64151e-17
2.12481e-17
1.70811e-17
1.37228e-17
1.10178e-17
8.84058e-18
7.08917e-18
5.6812e-18
4.55005e-18
3.64185e-18
2.91313e-18
2.32878e-18
1.86049e-18
1.48546e-18
1.18529e-18
9.45192e-19
7.53267e-19
5.99944e-19
4.77535e-19
3.79869e-19
3.01992e-19
2.39934e-19
1.90511e-19
1.51177e-19
1.1989e-19
9.50206e-20
7.52639e-20
5.95787e-20
4.71337e-20
3.72656e-20
2.94456e-20
2.32525e-20
1.83508e-20
1.44737e-20
1.14088e-20
8.98746e-21
7.07575e-21
5.56733e-21
4.37784e-21
3.44042e-21
2.70211e-21
2.12097e-21
1.66383e-21
1.30444e-21
1.02209e-21
8.00396e-22
6.26447e-22
4.90057e-22
3.832e-22
2.9956e-22
2.34171e-22
1.83138e-22
1.43411e-22
1.12615e-22
8.8911e-23
7.08945e-23
5.75136e-23
4.80116e-23
4.18856e-23
3.88611e-23
0.986003
0.956469
0.928376
0.901332
0.875156
0.84982
0.825269
0.801417
0.778179
0.755482
0.733268
0.711488
0.690109
0.669105
0.648459
0.628163
0.608213
0.588607
0.56935
0.550446
0.531902
0.513725
0.495922
0.4785
0.461467
0.444829
0.428592
0.412758
0.397334
0.382319
0.367717
0.353526
0.339747
0.326378
0.313415
0.300856
0.288695
0.276928
0.265548
0.25455
0.243926
0.233669
0.223771
0.214225
0.205021
0.196152
0.187608
0.179381
0.171462
0.163843
0.156514
0.149468
0.142695
0.136186
0.129934
0.123931
0.118168
0.112637
0.107331
0.102241
0.0973614
0.0926841
0.0882021
0.0839086
0.079797
0.0758608
0.0720937
0.0684896
0.0650425
0.0617467
0.0585965
0.0555866
0.0527117
0.0499666
0.0473464
0.0448464
0.0424618
0.0401882
0.0380212
0.0359566
0.0339903
0.0321182
0.0303367
0.028642
0.0270305
0.0254988
0.0240435
0.0226613
0.0213492
0.0201042
0.0189232
0.0178036
0.0167426
0.0157375
0.014786
0.0138854
0.0130336
0.0122282
0.011467
0.0107481
0.0100693
0.00942871
0.00882454
0.00825497
0.0077183
0.00721287
0.00673711
0.00628951
0.00586863
0.00547307
0.00510151
0.00475268
0.00442537
0.00411841
0.00383069
0.00356116
0.0033088
0.00307266
0.00285182
0.00264539
0.00245255
0.00227251
0.00210451
0.00194784
0.00180182
0.00166581
0.00153919
0.00142138
0.00131184
0.00121004
0.0011155
0.00102775
0.000946353
0.000870892
0.000800979
0.000736245
0.000676343
0.000620946
0.000569748
0.00052246
0.000478809
0.000438543
0.00040142
0.000367218
0.000335727
0.000306749
0.000280102
0.000255614
0.000233123
0.000212481
0.000193547
0.000176192
0.000160293
0.000145739
0.000132423
0.00012025
0.000109127
9.89708e-05
8.97037e-05
8.12532e-05
7.35523e-05
6.65393e-05
6.01569e-05
5.43523e-05
4.90765e-05
4.42847e-05
3.99353e-05
3.59901e-05
3.24139e-05
2.91743e-05
2.62417e-05
2.35888e-05
2.11904e-05
1.90236e-05
1.70673e-05
1.53024e-05
1.3711e-05
1.22773e-05
1.09863e-05
9.82466e-06
8.78016e-06
7.8416e-06
6.99881e-06
6.24253e-06
5.56433e-06
4.95658e-06
4.41232e-06
3.92526e-06
3.48967e-06
3.10038e-06
2.75272e-06
2.44243e-06
2.1657e-06
1.91906e-06
1.69939e-06
1.50387e-06
1.32997e-06
1.1754e-06
1.03812e-06
9.16257e-07
8.08169e-07
7.1236e-07
6.27494e-07
5.52373e-07
4.85923e-07
4.27184e-07
3.75297e-07
3.29494e-07
2.89088e-07
2.5347e-07
2.22092e-07
1.9447e-07
1.7017e-07
1.48808e-07
1.30041e-07
1.13565e-07
9.91107e-08
8.64387e-08
7.53367e-08
6.5617e-08
5.71133e-08
4.96786e-08
4.3183e-08
3.75117e-08
3.25636e-08
2.82493e-08
2.44904e-08
2.12175e-08
1.83697e-08
1.58936e-08
1.37421e-08
1.18739e-08
1.02529e-08
8.84732e-09
7.62934e-09
6.57465e-09
5.662e-09
4.87279e-09
4.19081e-09
3.60187e-09
3.09364e-09
2.65536e-09
2.27766e-09
1.95238e-09
1.67244e-09
1.4317e-09
1.22479e-09
1.04709e-09
8.94578e-10
7.63773e-10
6.51662e-10
5.55639e-10
4.73451e-10
4.03152e-10
3.43065e-10
2.91739e-10
2.47929e-10
2.10558e-10
1.78701e-10
1.51565e-10
1.28464e-10
1.08812e-10
9.21056e-11
7.79127e-11
6.58634e-11
5.56408e-11
4.69739e-11
3.96309e-11
3.34137e-11
2.81533e-11
2.37055e-11
1.99472e-11
1.67738e-11
1.40959e-11
1.18378e-11
9.93491e-12
8.33243e-12
6.98385e-12
5.84969e-12
4.89652e-12
4.09597e-12
3.42407e-12
2.86052e-12
2.38816e-12
1.9925e-12
1.6613e-12
1.38426e-12
1.15266e-12
9.5919e-13
7.97672e-13
6.6292e-13
5.50574e-13
4.56971e-13
3.79035e-13
3.14187e-13
2.60265e-13
2.15458e-13
1.78249e-13
1.4737e-13
1.21763e-13
1.00539e-13
8.29618e-14
6.84133e-14
5.63797e-14
4.64328e-14
3.82162e-14
3.14334e-14
2.58378e-14
2.12247e-14
1.7424e-14
1.42947e-14
1.172e-14
9.6028e-15
7.86307e-15
6.43441e-15
5.26196e-15
4.30041e-15
3.51233e-15
2.86684e-15
2.33849e-15
1.9063e-15
1.55299e-15
1.26437e-15
1.02873e-15
8.36477e-16
6.79723e-16
5.51994e-16
4.47984e-16
3.63342e-16
2.94507e-16
2.38562e-16
1.93122e-16
1.5624e-16
1.26321e-16
1.02068e-16
8.24191e-17
6.65112e-17
5.36401e-17
4.32327e-17
3.48228e-17
2.80313e-17
2.25502e-17
1.81296e-17
1.45665e-17
1.16963e-17
9.38589e-18
7.52716e-18
6.03277e-18
4.83207e-18
3.86795e-18
3.09427e-18
2.47382e-18
1.97655e-18
1.57827e-18
1.25947e-18
1.00444e-18
8.00558e-19
6.37669e-19
5.0761e-19
4.03831e-19
3.21071e-19
2.55116e-19
2.02585e-19
1.60773e-19
1.27512e-19
1.01071e-19
8.00637e-20
6.33841e-20
5.01488e-20
3.96531e-20
3.1335e-20
2.47468e-20
1.95319e-20
1.54067e-20
1.21453e-20
9.56857e-21
7.53396e-21
5.9284e-21
4.66219e-21
3.66422e-21
2.87815e-21
2.25936e-21
1.77255e-21
1.3898e-21
1.08907e-21
8.52923e-22
6.67614e-22
5.22301e-22
4.08439e-22
3.19303e-22
2.49606e-22
1.95197e-22
1.52828e-22
1.19967e-22
9.46539e-23
7.53904e-23
6.10555e-23
5.08446e-23
4.42285e-23
4.09399e-23
0.988509
0.963484
0.938178
0.913106
0.888428
0.86419
0.840409
0.817075
0.794162
0.771642
0.749491
0.727685
0.70621
0.685055
0.664214
0.643687
0.623477
0.603589
0.584031
0.564811
0.545939
0.527426
0.50928
0.49151
0.474126
0.457134
0.440543
0.424356
0.408579
0.393215
0.378266
0.363733
0.349615
0.335913
0.322622
0.309741
0.297265
0.285189
0.273507
0.262214
0.251302
0.240765
0.230595
0.220783
0.211321
0.202201
0.193414
0.184952
0.176805
0.168965
0.161423
0.15417
0.147198
0.140497
0.134059
0.127876
0.12194
0.116243
0.110776
0.105532
0.100504
0.0956831
0.0910635
0.0866377
0.082399
0.0783407
0.0744564
0.0707397
0.0671847
0.0637853
0.0605359
0.0574309
0.0544648
0.0516325
0.0489288
0.0463488
0.0438878
0.0415411
0.0393043
0.0371729
0.0351428
0.03321
0.0313704
0.0296203
0.0279561
0.026374
0.0248707
0.0234429
0.0220874
0.020801
0.0195807
0.0184237
0.0173272
0.0162884
0.0153048
0.0143739
0.0134932
0.0126605
0.0118735
0.01113
0.010428
0.00976547
0.00914053
0.00855132
0.00799609
0.00747314
0.00698084
0.00651764
0.00608205
0.00567262
0.005288
0.00492688
0.00458799
0.00427015
0.00397221
0.00369307
0.00343169
0.00318708
0.00295829
0.00274443
0.00254461
0.00235804
0.00218394
0.00202155
0.00187019
0.00172919
0.00159791
0.00147575
0.00136215
0.00125658
0.00115852
0.00106749
0.000983048
0.000904754
0.000832207
0.000765028
0.000702857
0.000645355
0.000592206
0.00054311
0.000497787
0.000455971
0.000417418
0.000381893
0.00034918
0.000319075
0.000291388
0.000265941
0.000242568
0.000221113
0.000201432
0.000183389
0.000166859
0.000151725
0.000137878
0.000125216
0.000113646
0.000103081
9.34393e-05
8.46462e-05
7.66322e-05
6.93332e-05
6.26897e-05
5.66469e-05
5.11541e-05
4.61646e-05
4.16352e-05
3.75262e-05
3.38012e-05
3.04264e-05
2.7371e-05
2.46066e-05
2.21072e-05
1.98489e-05
1.78098e-05
1.59698e-05
1.43107e-05
1.28157e-05
1.14694e-05
1.02579e-05
9.16834e-06
8.18922e-06
7.3099e-06
6.52074e-06
5.81299e-06
5.17867e-06
4.61055e-06
4.10207e-06
3.64728e-06
3.24079e-06
2.87771e-06
2.55363e-06
2.26456e-06
2.00689e-06
1.77737e-06
1.57306e-06
1.39132e-06
1.22977e-06
1.08625e-06
9.58855e-07
8.45839e-07
7.45651e-07
6.56895e-07
5.78321e-07
5.08809e-07
4.47356e-07
3.93064e-07
3.45132e-07
3.02844e-07
2.65562e-07
2.32715e-07
2.03795e-07
1.78351e-07
1.55979e-07
1.36324e-07
1.19066e-07
1.03924e-07
9.06468e-08
7.90136e-08
6.88275e-08
5.99148e-08
5.21215e-08
4.53117e-08
3.93655e-08
3.41768e-08
2.96523e-08
2.57096e-08
2.22764e-08
1.92888e-08
1.66907e-08
1.4433e-08
1.24724e-08
1.07709e-08
9.2954e-09
8.01666e-09
6.90924e-09
5.95084e-09
5.12197e-09
4.40563e-09
3.78695e-09
3.25298e-09
2.79245e-09
2.39553e-09
2.05366e-09
1.75941e-09
1.50632e-09
1.28878e-09
1.10192e-09
9.41534e-10
8.03957e-10
6.86028e-10
5.85009e-10
4.98535e-10
4.24561e-10
3.61325e-10
3.07304e-10
2.61186e-10
2.21843e-10
1.88301e-10
1.59725e-10
1.35396e-10
1.14697e-10
9.70986e-11
8.21459e-11
6.945e-11
5.86776e-11
4.95434e-11
4.18036e-11
3.52496e-11
2.97037e-11
2.50138e-11
2.10506e-11
1.77036e-11
1.48791e-11
1.24969e-11
1.04893e-11
8.79842e-12
7.37528e-12
6.17827e-12
5.17215e-12
4.32705e-12
3.61766e-12
3.02259e-12
2.52376e-12
2.10588e-12
1.75604e-12
1.46337e-12
1.21867e-12
1.01424e-12
8.43548e-13
7.01127e-13
5.82373e-13
4.83419e-13
4.01019e-13
3.32448e-13
2.75423e-13
2.28032e-13
1.88674e-13
1.56007e-13
1.28913e-13
1.06456e-13
8.78541e-14
7.24559e-14
5.97181e-14
4.91878e-14
4.04884e-14
3.33061e-14
2.73802e-14
2.24943e-14
1.84684e-14
1.51533e-14
1.24253e-14
1.01818e-14
8.33816e-15
6.82395e-15
5.58116e-15
4.56179e-15
3.72623e-15
3.04178e-15
2.48146e-15
2.02308e-15
1.64832e-15
1.34213e-15
1.09212e-15
8.88122e-16
7.21771e-16
5.86207e-16
4.75804e-16
3.85949e-16
3.12866e-16
2.53462e-16
2.05208e-16
1.66035e-16
1.34256e-16
1.08491e-16
8.76159e-17
7.07129e-17
5.70351e-17
4.59741e-17
3.7035e-17
2.98154e-17
2.39882e-17
1.92878e-17
1.54988e-17
1.24463e-17
9.98884e-18
8.01159e-18
6.42174e-18
5.14419e-18
4.11825e-18
3.29487e-18
2.63449e-18
2.10516e-18
1.68115e-18
1.34171e-18
1.07015e-18
8.53022e-19
6.79533e-19
5.40995e-19
4.30437e-19
3.42263e-19
2.71984e-19
2.16004e-19
1.71441e-19
1.35988e-19
1.07801e-19
8.54042e-20
6.76194e-20
5.35056e-20
4.2312e-20
3.34398e-20
2.64119e-20
2.08484e-20
1.64469e-20
1.29668e-20
1.02168e-20
8.04525e-21
6.33141e-21
4.97967e-21
3.91416e-21
3.0748e-21
2.41399e-21
1.89406e-21
1.48524e-21
1.16398e-21
9.1168e-22
7.13675e-22
5.58387e-22
4.36692e-22
3.41409e-22
2.66889e-22
2.08701e-22
1.63371e-22
1.28193e-22
1.01073e-22
8.04063e-23
6.49963e-23
5.39857e-23
4.68181e-23
4.32313e-23
0.98997
0.968199
0.945461
0.922353
0.899204
0.876144
0.853247
0.830554
0.808089
0.78586
0.763874
0.742135
0.720645
0.69941
0.678439
0.65774
0.637325
0.617205
0.597394
0.577903
0.558748
0.539939
0.52149
0.503412
0.485714
0.468406
0.451496
0.434992
0.418897
0.403217
0.387954
0.373111
0.358686
0.344681
0.331092
0.317918
0.305154
0.292797
0.280839
0.269277
0.258102
0.247309
0.236888
0.226833
0.217135
0.207786
0.198777
0.190099
0.181743
0.1737
0.165962
0.15852
0.151364
0.144486
0.137878
0.13153
0.125435
0.119584
0.11397
0.108583
0.103418
0.0984657
0.0937193
0.0891716
0.0848157
0.0806448
0.0766523
0.0728318
0.0691771
0.0656821
0.062341
0.0591481
0.0560978
0.0531848
0.0504038
0.0477499
0.0452181
0.0428037
0.0405021
0.0383089
0.0362198
0.0342305
0.032337
0.0305355
0.0288222
0.0271934
0.0256456
0.0241753
0.0227794
0.0214545
0.0201976
0.0190058
0.0178762
0.016806
0.0157925
0.0148332
0.0139256
0.0130674
0.0122561
0.0114897
0.010766
0.0100829
0.00943855
0.00883095
0.00825832
0.00771894
0.00721113
0.00673329
0.00628387
0.00586142
0.00546453
0.00509184
0.00474206
0.00441398
0.0041064
0.00381821
0.00354832
0.00329573
0.00305945
0.00283855
0.00263215
0.00243941
0.00225952
0.00209173
0.00193532
0.00178959
0.00165389
0.00152762
0.00141017
0.00130101
0.00119961
0.00110547
0.00101813
0.000937143
0.000862091
0.000792585
0.000728252
0.000668745
0.000613736
0.000562916
0.000515996
0.000472703
0.000432782
0.000395993
0.000362112
0.000330929
0.000302247
0.000275882
0.000251663
0.00022943
0.000209032
0.00019033
0.000173194
0.000157503
0.000143144
0.000130014
0.000118014
0.000107055
9.70525e-05
8.79293e-05
7.96136e-05
7.20389e-05
6.51437e-05
5.88711e-05
5.31688e-05
4.79883e-05
4.32849e-05
3.90177e-05
3.51486e-05
3.1643e-05
2.84688e-05
2.55965e-05
2.29992e-05
2.06522e-05
1.85327e-05
1.66201e-05
1.48951e-05
1.33406e-05
1.19406e-05
1.06805e-05
9.54725e-06
8.52867e-06
7.6138e-06
6.79264e-06
6.05609e-06
5.39589e-06
4.80451e-06
4.27515e-06
3.80162e-06
3.37833e-06
3.0002e-06
2.66264e-06
2.36151e-06
2.09306e-06
1.8539e-06
1.641e-06
1.45158e-06
1.28318e-06
1.13357e-06
1.00074e-06
8.82897e-07
7.78413e-07
6.8584e-07
6.03876e-07
5.31356e-07
4.67236e-07
4.10581e-07
3.60556e-07
3.16417e-07
2.77497e-07
2.43203e-07
2.13005e-07
1.86433e-07
1.63068e-07
1.42536e-07
1.24507e-07
1.08686e-07
9.4812e-08
8.26542e-08
7.20075e-08
6.26906e-08
5.45428e-08
4.74224e-08
4.12041e-08
3.57774e-08
3.10448e-08
2.69202e-08
2.33281e-08
2.02019e-08
1.7483e-08
1.51199e-08
1.30676e-08
1.12863e-08
9.74132e-09
8.40226e-09
7.24245e-09
6.23858e-09
5.37028e-09
4.61977e-09
3.97149e-09
3.41192e-09
2.92924e-09
2.51318e-09
2.15478e-09
1.84626e-09
1.58087e-09
1.35272e-09
1.15674e-09
9.88489e-10
8.44153e-10
7.20414e-10
6.14406e-10
5.23649e-10
4.46003e-10
3.79619e-10
3.22901e-10
2.74476e-10
2.33159e-10
1.9793e-10
1.67913e-10
1.42354e-10
1.20606e-10
1.02113e-10
8.63982e-11
7.30539e-11
6.17298e-11
5.21268e-11
4.39886e-11
3.70966e-11
3.12637e-11
2.63307e-11
2.21615e-11
1.86401e-11
1.5668e-11
1.31612e-11
1.10481e-11
9.26827e-12
7.77005e-12
6.50975e-12
5.4503e-12
4.56029e-12
3.81311e-12
3.18628e-12
2.66075e-12
2.22044e-12
1.85179e-12
1.54334e-12
1.28543e-12
1.06992e-12
8.89967e-13
7.39796e-13
6.14565e-13
5.10202e-13
4.23286e-13
3.50949e-13
2.90785e-13
2.40779e-13
1.99244e-13
1.64767e-13
1.36168e-13
1.1246e-13
9.28197e-14
7.65602e-14
6.31082e-14
5.19863e-14
4.27969e-14
3.52092e-14
2.89481e-14
2.37852e-14
1.95305e-14
1.60266e-14
1.31429e-14
1.07712e-14
8.8218e-15
7.22061e-15
5.90626e-15
4.82808e-15
3.9442e-15
3.22008e-15
2.62723e-15
2.14216e-15
1.74555e-15
1.42146e-15
1.15681e-15
9.40836e-16
7.64699e-16
6.21144e-16
5.04219e-16
4.09045e-16
3.31627e-16
2.68692e-16
2.17563e-16
1.76052e-16
1.42372e-16
1.15063e-16
9.29337e-17
7.50133e-17
6.05106e-17
4.87812e-17
3.93008e-17
3.1643e-17
2.54615e-17
2.04748e-17
1.64544e-17
1.32153e-17
1.06072e-17
8.5085e-18
6.82081e-18
5.46449e-18
4.37516e-18
3.50082e-18
2.79947e-18
2.23725e-18
1.78683e-18
1.42621e-18
1.13768e-18
9.06953e-19
7.22576e-19
5.75328e-19
4.57805e-19
3.64065e-19
2.89342e-19
2.29815e-19
1.82423e-19
1.44715e-19
1.14732e-19
9.09054e-20
7.1983e-20
5.69648e-20
4.50525e-20
3.56096e-20
2.81288e-20
2.22061e-20
1.75199e-20
1.38142e-20
1.08858e-20
8.57297e-21
6.74746e-21
5.30747e-21
4.17229e-21
3.27793e-21
2.57374e-21
2.01963e-21
1.58388e-21
1.24141e-21
9.72432e-22
7.61309e-22
5.95711e-22
4.65919e-22
3.6428e-22
2.84774e-22
2.22675e-22
1.74281e-22
1.36706e-22
1.07712e-22
8.55916e-23
6.90661e-23
5.72253e-23
4.94853e-23
4.55893e-23
0.991004
0.971534
0.95086
0.929478
0.907735
0.8858
0.863785
0.841766
0.819796
0.797915
0.776155
0.754541
0.733095
0.711838
0.69079
0.669972
0.649402
0.629099
0.609083
0.589369
0.569976
0.550918
0.532212
0.513869
0.495902
0.478321
0.461137
0.444356
0.427986
0.412031
0.396496
0.381381
0.366689
0.352419
0.33857
0.325139
0.312123
0.299519
0.28732
0.275521
0.264115
0.253096
0.242457
0.232188
0.222282
0.212731
0.203526
0.194658
0.186118
0.177897
0.169986
0.162376
0.155059
0.148025
0.141266
0.134773
0.128537
0.122551
0.116806
0.111295
0.106008
0.100939
0.0960808
0.0914253
0.0869657
0.0826952
0.078607
0.0746945
0.0709516
0.0673719
0.0639496
0.0606788
0.0575538
0.0545692
0.0517197
0.0490002
0.0464056
0.0439311
0.0415721
0.0393239
0.0371822
0.0351428
0.0332015
0.0313542
0.0295973
0.0279269
0.0263394
0.0248313
0.0233994
0.0220402
0.0207507
0.0195279
0.0183687
0.0172704
0.0162303
0.0152457
0.0143141
0.013433
0.0126001
0.0118132
0.0110701
0.0103686
0.00970682
0.00908274
0.00849454
0.00794044
0.00741871
0.00692773
0.00646593
0.00603178
0.00562386
0.00524079
0.00488123
0.00454394
0.0042277
0.00393136
0.00365382
0.00339404
0.00315101
0.00292378
0.00271144
0.00251314
0.00232804
0.00215537
0.00199439
0.00184439
0.00170471
0.00157471
0.00145379
0.00134139
0.00123696
0.00114001
0.00105004
0.000966612
0.000889291
0.000817674
0.000751382
0.000690056
0.000633359
0.000580974
0.000532603
0.000487967
0.000446804
0.000408865
0.000373922
0.000341758
0.00031217
0.00028497
0.000259981
0.000237038
0.000215986
0.000196683
0.000178994
0.000162795
0.00014797
0.000134411
0.000122019
0.000110699
0.000100367
9.09425e-05
8.23507e-05
7.45237e-05
6.7398e-05
6.0915e-05
5.50207e-05
4.96652e-05
4.48024e-05
4.039e-05
3.63889e-05
3.27631e-05
2.94798e-05
2.65084e-05
2.38213e-05
2.13927e-05
1.91994e-05
1.72198e-05
1.54344e-05
1.38251e-05
1.23756e-05
1.10709e-05
9.89728e-06
8.84234e-06
7.89471e-06
7.04404e-06
6.28094e-06
5.59685e-06
4.984e-06
4.43536e-06
3.94453e-06
3.50572e-06
3.11368e-06
2.76367e-06
2.45139e-06
2.17297e-06
1.9249e-06
1.70403e-06
1.50751e-06
1.33277e-06
1.17751e-06
1.03965e-06
9.17329e-07
8.08861e-07
7.12748e-07
6.2764e-07
5.52329e-07
4.85732e-07
4.26883e-07
3.74915e-07
3.29055e-07
2.88613e-07
2.52974e-07
2.21588e-07
1.93968e-07
1.69678e-07
1.4833e-07
1.29583e-07
1.1313e-07
9.86998e-08
8.60533e-08
7.49773e-08
6.52835e-08
5.68052e-08
4.93951e-08
4.2923e-08
3.72742e-08
3.23472e-08
2.80528e-08
2.43124e-08
2.10566e-08
1.82247e-08
1.57632e-08
1.36251e-08
1.17691e-08
1.01592e-08
8.76372e-09
7.55487e-09
6.50844e-09
5.60322e-09
4.8207e-09
4.1447e-09
3.56113e-09
3.05769e-09
2.62367e-09
2.24977e-09
1.92787e-09
1.65093e-09
1.41284e-09
1.20828e-09
1.03265e-09
8.81967e-10
7.5277e-10
6.42073e-10
5.47292e-10
4.66193e-10
3.96848e-10
3.37594e-10
2.86998e-10
2.43823e-10
2.07006e-10
1.75633e-10
1.48915e-10
1.26179e-10
1.06843e-10
9.04111e-11
7.64555e-11
6.46115e-11
5.45663e-11
4.60524e-11
3.88414e-11
3.27379e-11
2.75753e-11
2.32116e-11
1.95256e-11
1.64141e-11
1.37894e-11
1.15768e-11
9.71288e-12
8.1437e-12
6.82356e-12
5.71367e-12
4.78118e-12
3.99826e-12
3.34136e-12
2.79056e-12
2.32904e-12
1.94257e-12
1.61918e-12
1.34875e-12
1.12275e-12
9.34009e-13
7.76493e-13
6.45121e-13
5.35628e-13
4.4443e-13
3.6852e-13
3.05378e-13
2.5289e-13
2.09289e-13
1.73093e-13
1.43064e-13
1.18168e-13
9.75421e-14
8.04641e-14
6.63335e-14
5.46491e-14
4.49939e-14
3.70208e-14
3.04409e-14
2.50144e-14
2.05421e-14
1.68586e-14
1.38267e-14
1.13328e-14
9.28279e-15
7.59874e-15
6.21624e-15
5.08202e-15
4.15211e-15
3.39018e-15
2.76631e-15
2.25581e-15
1.83835e-15
1.4972e-15
1.21858e-15
9.91178e-16
8.05703e-16
6.54521e-16
5.3137e-16
4.31118e-16
3.49559e-16
2.83251e-16
2.29376e-16
1.85632e-16
1.50135e-16
1.2135e-16
9.80219e-17
7.91288e-17
6.38372e-17
5.14684e-17
4.14702e-17
3.33933e-17
2.68727e-17
2.16119e-17
1.73701e-17
1.39522e-17
1.11998e-17
8.98483e-18
7.20342e-18
5.77163e-18
4.62156e-18
3.69836e-18
2.95775e-18
2.36399e-18
1.88825e-18
1.50733e-18
1.2025e-18
9.58734e-19
7.63911e-19
6.08303e-19
4.84095e-19
3.85012e-19
3.06021e-19
2.43088e-19
1.92979e-19
1.53105e-19
1.21396e-19
9.61956e-20
7.618e-20
6.02923e-20
4.76891e-20
3.76975e-20
2.97812e-20
2.3513e-20
1.85529e-20
1.46302e-20
1.153e-20
9.08122e-21
7.14822e-21
5.62328e-21
4.421e-21
3.47369e-21
2.72772e-21
2.14068e-21
1.67897e-21
1.31608e-21
1.03102e-21
8.07253e-22
6.31717e-22
4.94118e-22
3.86349e-22
3.02033e-22
2.36162e-22
1.84812e-22
1.44922e-22
1.14121e-22
9.05962e-23
7.29929e-23
6.03495e-23
5.20563e-23
4.78612e-23
0.991758
0.973917
0.954808
0.934817
0.914257
0.893304
0.872083
0.85069
0.829197
0.807667
0.786149
0.764685
0.743315
0.722073
0.700989
0.680093
0.659413
0.638973
0.618797
0.598908
0.579325
0.560067
0.541151
0.522593
0.504406
0.486602
0.469191
0.452183
0.435586
0.419403
0.403641
0.388302
0.373388
0.358898
0.344832
0.331188
0.317963
0.305153
0.292752
0.280756
0.269159
0.257952
0.247129
0.236682
0.226603
0.216883
0.207514
0.198487
0.189793
0.181423
0.173367
0.165618
0.158166
0.151001
0.144116
0.137501
0.131148
0.125048
0.119194
0.113577
0.108189
0.103022
0.0980699
0.093324
0.0887774
0.0844233
0.0802547
0.0762652
0.0724481
0.0687974
0.0653068
0.0619705
0.0587828
0.0557381
0.052831
0.0500563
0.0474089
0.0448839
0.0424765
0.040182
0.0379962
0.0359145
0.0339328
0.0320471
0.0302534
0.0285479
0.026927
0.025387
0.0239247
0.0225366
0.0212196
0.0199705
0.0187864
0.0176644
0.0166018
0.0155958
0.0146438
0.0137435
0.0128923
0.0120881
0.0113285
0.0106115
0.00993492
0.00929689
0.0086955
0.00812891
0.0075954
0.00709328
0.00662096
0.0061769
0.00575963
0.00536773
0.00499987
0.00465476
0.00433116
0.0040279
0.00374385
0.00347795
0.00322918
0.00299657
0.00277918
0.00257613
0.0023866
0.00220978
0.0020449
0.00189127
0.00174819
0.00161501
0.00149113
0.00137596
0.00126895
0.00116959
0.00107739
0.000991872
0.000912611
0.000839191
0.000771223
0.000708341
0.0006502
0.000596476
0.000546864
0.000501079
0.000458851
0.000419928
0.000384074
0.000351069
0.000320705
0.000292788
0.000267138
0.000243585
0.000221973
0.000202153
0.000183989
0.000167354
0.000152128
0.000138201
0.000125471
0.000113842
0.000103227
9.35421e-05
8.47128e-05
7.66686e-05
6.93443e-05
6.26801e-05
5.66204e-05
5.1114e-05
4.61138e-05
4.15762e-05
3.74612e-05
3.37319e-05
3.03543e-05
2.72975e-05
2.45327e-05
2.20338e-05
1.97766e-05
1.77392e-05
1.59015e-05
1.42449e-05
1.27526e-05
1.14092e-05
1.02008e-05
9.11437e-06
8.13838e-06
7.26217e-06
6.47606e-06
5.77128e-06
5.13984e-06
4.57449e-06
4.06866e-06
3.6164e-06
3.2123e-06
2.85148e-06
2.52952e-06
2.24245e-06
1.98664e-06
1.75886e-06
1.55617e-06
1.37593e-06
1.21576e-06
1.07353e-06
9.47313e-07
8.35382e-07
7.3619e-07
6.48347e-07
5.70607e-07
5.01857e-07
4.41097e-07
3.87437e-07
3.40079e-07
2.98312e-07
2.61501e-07
2.2908e-07
2.00545e-07
1.75449e-07
1.53391e-07
1.34017e-07
1.17012e-07
1.02097e-07
8.90241e-08
7.75734e-08
6.75506e-08
5.87837e-08
5.11205e-08
4.44268e-08
3.85839e-08
3.34871e-08
2.90442e-08
2.51741e-08
2.18051e-08
1.88744e-08
1.63267e-08
1.41136e-08
1.21923e-08
1.05255e-08
9.08061e-09
7.82882e-09
6.74511e-09
5.80754e-09
4.99697e-09
4.29668e-09
3.69207e-09
3.17043e-09
2.72069e-09
2.33319e-09
1.99955e-09
1.71248e-09
1.46566e-09
1.25357e-09
1.07147e-09
9.15207e-10
7.81218e-10
6.66403e-10
5.68085e-10
4.83952e-10
4.12006e-10
3.50524e-10
2.98019e-10
2.53211e-10
2.14997e-10
1.8243e-10
1.54694e-10
1.31088e-10
1.11011e-10
9.3947e-11
7.94534e-11
6.71515e-11
5.67168e-11
4.78721e-11
4.038e-11
3.40381e-11
2.86733e-11
2.41382e-11
2.0307e-11
1.70726e-11
1.4344e-11
1.20436e-11
1.01055e-11
8.47369e-12
7.10073e-12
5.94634e-12
4.97636e-12
4.16188e-12
3.47843e-12
2.90532e-12
2.42505e-12
2.02285e-12
1.68625e-12
1.40475e-12
1.16948e-12
9.72976e-13
8.08966e-13
6.72165e-13
5.58135e-13
4.63149e-13
3.84078e-13
3.18301e-13
2.63617e-13
2.18187e-13
1.80469e-13
1.49175e-13
1.23228e-13
1.01728e-13
8.3925e-14
6.91931e-14
5.70104e-14
4.69425e-14
3.86277e-14
3.17652e-14
2.61051e-14
2.14398e-14
1.75969e-14
1.44336e-14
1.18314e-14
9.69209e-15
7.93454e-15
6.49155e-15
5.3076e-15
4.33681e-15
3.54132e-15
2.88991e-15
2.35682e-15
1.92085e-15
1.56453e-15
1.2735e-15
1.03595e-15
8.42171e-16
6.8421e-16
5.55524e-16
4.50757e-16
3.65517e-16
2.96209e-16
2.39892e-16
1.9416e-16
1.57047e-16
1.26948e-16
1.02553e-16
8.27944e-17
6.68006e-17
5.38626e-17
4.34032e-17
3.4953e-17
2.81305e-17
2.26255e-17
1.81864e-17
1.46092e-17
1.17283e-17
9.40964e-18
7.54469e-18
6.04562e-18
4.84139e-18
3.87463e-18
3.099e-18
2.47711e-18
1.97879e-18
1.57974e-18
1.26039e-18
1.00497e-18
8.00826e-19
6.37756e-19
5.07579e-19
4.03726e-19
3.20925e-19
2.54949e-19
2.02413e-19
1.60604e-19
1.27354e-19
1.00925e-19
7.99327e-20
6.3268e-20
5.00472e-20
3.95651e-20
3.12593e-20
2.46822e-20
1.94772e-20
1.53605e-20
1.21066e-20
9.53618e-21
7.507e-21
5.90604e-21
4.64371e-21
3.649e-21
2.86564e-21
2.2491e-21
1.76417e-21
1.38298e-21
1.08352e-21
8.48427e-22
6.63988e-22
5.19395e-22
4.06134e-22
3.17508e-22
2.48256e-22
1.94256e-22
1.52292e-22
1.1987e-22
9.50854e-23
7.65153e-23
6.31518e-23
5.43618e-23
4.9898e-23
0.992284
0.975568
0.957579
0.938624
0.918975
0.898797
0.878218
0.857343
0.836256
0.81503
0.79373
0.772412
0.751125
0.729913
0.708819
0.687877
0.667123
0.646587
0.626296
0.606277
0.586553
0.567144
0.54807
0.529348
0.510993
0.493018
0.475434
0.458252
0.44148
0.425123
0.409187
0.393675
0.378589
0.363929
0.349696
0.335888
0.322501
0.309531
0.296975
0.284827
0.27308
0.261727
0.250763
0.240177
0.229964
0.220114
0.210618
0.201467
0.192654
0.184168
0.176
0.168143
0.160585
0.153319
0.146336
0.139626
0.133182
0.126994
0.121055
0.115356
0.109889
0.104647
0.0996214
0.0948052
0.090191
0.0857719
0.0815408
0.0774912
0.0736166
0.0699104
0.0663668
0.0629796
0.059743
0.0566515
0.0536995
0.0508818
0.0481932
0.0456288
0.0431837
0.0408533
0.0386329
0.0365183
0.0345052
0.0325894
0.030767
0.0290341
0.0273871
0.0258223
0.0243362
0.0229256
0.021587
0.0203175
0.0191139
0.0179734
0.0168931
0.0158704
0.0149026
0.0139872
0.0131217
0.0123039
0.0115314
0.0108022
0.0101141
0.00946514
0.00885341
0.00827705
0.00773429
0.00722345
0.00674288
0.00629104
0.00586643
0.00546762
0.00509324
0.00474199
0.00441261
0.00410392
0.00381476
0.00354406
0.00329078
0.00305393
0.00283257
0.0026258
0.00243278
0.00225268
0.00208475
0.00192826
0.0017825
0.00164682
0.0015206
0.00140325
0.00129422
0.00119296
0.00109899
0.00101183
0.000931043
0.000856201
0.000786911
0.000722802
0.000663521
0.00060874
0.000558149
0.000511455
0.000468387
0.000428686
0.000392113
0.000358443
0.000327465
0.000298982
0.000272809
0.000248775
0.000226719
0.000206491
0.000187951
0.00017097
0.000155427
0.000141209
0.000128211
0.000116337
0.000105497
9.56064e-05
8.65888e-05
7.83723e-05
7.08907e-05
6.40827e-05
5.78918e-05
5.22658e-05
4.71565e-05
4.25195e-05
3.8314e-05
3.45024e-05
3.10501e-05
2.79254e-05
2.50989e-05
2.2544e-05
2.02362e-05
1.81528e-05
1.62735e-05
1.45792e-05
1.30529e-05
1.16789e-05
1.04426e-05
9.3312e-06
8.33264e-06
7.43608e-06
6.63167e-06
5.91041e-06
5.26416e-06
4.6855e-06
4.16772e-06
3.70473e-06
3.29102e-06
2.92158e-06
2.59192e-06
2.29794e-06
2.03596e-06
1.80267e-06
1.59505e-06
1.41042e-06
1.24633e-06
1.10061e-06
9.71287e-07
8.56591e-07
7.54939e-07
6.64911e-07
5.85231e-07
5.14759e-07
4.52472e-07
3.9746e-07
3.48904e-07
3.06077e-07
2.68328e-07
2.3508e-07
2.05814e-07
1.80072e-07
1.57445e-07
1.3757e-07
1.20124e-07
1.04821e-07
9.14059e-08
7.96551e-08
6.93688e-08
6.03706e-08
5.25047e-08
4.56333e-08
3.96348e-08
3.44019e-08
2.984e-08
2.58658e-08
2.2406e-08
1.93961e-08
1.67793e-08
1.45059e-08
1.25322e-08
1.08199e-08
9.33525e-09
8.04899e-09
6.93534e-09
5.9718e-09
5.13871e-09
4.41889e-09
3.79739e-09
3.26112e-09
2.79873e-09
2.4003e-09
2.05723e-09
1.76202e-09
1.50817e-09
1.29003e-09
1.10272e-09
9.41972e-10
8.04127e-10
6.85998e-10
5.84835e-10
4.9826e-10
4.2422e-10
3.60943e-10
3.06901e-10
2.60777e-10
2.21439e-10
1.87911e-10
1.59354e-10
1.35047e-10
1.14373e-10
9.67993e-11
8.1872e-11
6.92009e-11
5.84523e-11
4.93407e-11
4.1622e-11
3.50877e-11
2.95597e-11
2.48863e-11
2.0938e-11
1.76045e-11
1.4792e-11
1.24207e-11
1.04227e-11
8.74034e-12
7.32474e-12
6.1344e-12
5.13413e-12
4.29416e-12
3.58926e-12
2.99811e-12
2.50269e-12
2.08777e-12
1.74051e-12
1.45006e-12
1.20729e-12
1.00451e-12
8.35248e-13
6.94055e-13
5.76355e-13
4.78304e-13
3.96676e-13
3.28766e-13
2.72305e-13
2.25394e-13
1.86444e-13
1.54126e-13
1.27327e-13
1.0512e-13
8.67298e-14
7.15109e-14
5.89246e-14
4.85222e-14
3.99306e-14
3.28391e-14
2.69897e-14
2.21679e-14
1.81959e-14
1.4926e-14
1.22359e-14
1.00242e-14
8.20705e-15
6.715e-15
5.4907e-15
4.48675e-15
3.66403e-15
2.99027e-15
2.43885e-15
1.98785e-15
1.61922e-15
1.31811e-15
1.07231e-15
8.71802e-16
7.08334e-16
5.75154e-16
4.66719e-16
3.78488e-16
3.06743e-16
2.48441e-16
2.01094e-16
1.62667e-16
1.31501e-16
1.06239e-16
8.57762e-17
6.92113e-17
5.58104e-17
4.49761e-17
3.62223e-17
2.91541e-17
2.34505e-17
1.88509e-17
1.51441e-17
1.21586e-17
9.75556e-18
7.82261e-18
6.26876e-18
5.02045e-18
4.01822e-18
3.21408e-18
2.56927e-18
2.05256e-18
1.63875e-18
1.30756e-18
1.04266e-18
8.30918e-19
6.61767e-19
5.26727e-19
4.18986e-19
3.33078e-19
2.64623e-19
2.10108e-19
1.66722e-19
1.32214e-19
1.04784e-19
8.29949e-20
6.56964e-20
5.19718e-20
4.10894e-20
3.2466e-20
2.56368e-20
2.02318e-20
1.59567e-20
1.25774e-20
9.90774e-21
7.80004e-21
6.13701e-21
4.82565e-21
3.79222e-21
2.97832e-21
2.33771e-21
1.83379e-21
1.43765e-21
1.12643e-21
8.82086e-22
6.90371e-22
5.40062e-22
4.22312e-22
3.30162e-22
2.58147e-22
2.01981e-22
1.5832e-22
1.24573e-22
9.87587e-23
7.93979e-23
6.54452e-23
5.62486e-23
5.15646e-23
0.992616
0.976612
0.959345
0.941074
0.922038
0.902393
0.882263
0.861755
0.84096
0.819959
0.798822
0.777616
0.756397
0.735217
0.714123
0.693158
0.672359
0.651762
0.631397
0.611292
0.591474
0.571965
0.552786
0.533954
0.515485
0.497395
0.479694
0.462394
0.445503
0.429028
0.412974
0.397344
0.382141
0.367367
0.35302
0.339099
0.325602
0.312524
0.299862
0.28761
0.275761
0.26431
0.253248
0.242569
0.232263
0.222324
0.212741
0.203507
0.194612
0.186047
0.177803
0.169871
0.162242
0.154907
0.147856
0.141082
0.134575
0.128328
0.12233
0.116575
0.111055
0.10576
0.100685
0.0958206
0.0911601
0.0866965
0.0824227
0.0783321
0.074418
0.070674
0.067094
0.0636719
0.0604019
0.0572783
0.0542956
0.0514485
0.0487317
0.0461403
0.0436694
0.0413142
0.0390703
0.0369331
0.0348984
0.032962
0.03112
0.0293683
0.0277034
0.0261215
0.0246192
0.023193
0.0218397
0.0205561
0.0193392
0.018186
0.0170936
0.0160594
0.0150807
0.0141549
0.0132796
0.0124524
0.0116711
0.0109335
0.0102375
0.00958105
0.00896221
0.00837913
0.00783002
0.00731317
0.00682693
0.00636974
0.00594008
0.00553651
0.00515764
0.00480217
0.00446881
0.00415637
0.0038637
0.00358969
0.0033333
0.00309353
0.00286944
0.0026601
0.00246467
0.00228232
0.00211228
0.00195381
0.00180621
0.00166881
0.00154098
0.00142213
0.00131168
0.00120912
0.00111393
0.00102564
0.000943794
0.00086797
0.000797767
0.000732809
0.000672742
0.00061723
0.000565962
0.000518641
0.000474991
0.000434752
0.000397682
0.000363552
0.00033215
0.000303274
0.00027674
0.000252372
0.000230009
0.000209498
0.000190698
0.000173478
0.000157715
0.000143295
0.000130112
0.000118068
0.000107072
9.70392e-05
8.78911e-05
7.95552e-05
7.19644e-05
6.50567e-05
5.87748e-05
5.30658e-05
4.78808e-05
4.31749e-05
3.89067e-05
3.5038e-05
3.15338e-05
2.83618e-05
2.54925e-05
2.28988e-05
2.05557e-05
1.84405e-05
1.65322e-05
1.48119e-05
1.32619e-05
1.18665e-05
1.0611e-05
9.48212e-06
8.46786e-06
7.55716e-06
6.74001e-06
6.0073e-06
5.35074e-06
4.76282e-06
4.23673e-06
3.76628e-06
3.34587e-06
2.97044e-06
2.6354e-06
2.33662e-06
2.07034e-06
1.83321e-06
1.62216e-06
1.43447e-06
1.26766e-06
1.1195e-06
9.8801e-07
8.71387e-07
7.68021e-07
6.76469e-07
5.95437e-07
5.23764e-07
4.60413e-07
4.04457e-07
3.55065e-07
3.11499e-07
2.73097e-07
2.3927e-07
2.09494e-07
1.83302e-07
1.60278e-07
1.40053e-07
1.22298e-07
1.06724e-07
9.30708e-08
8.11104e-08
7.064e-08
6.14802e-08
5.34727e-08
4.64771e-08
4.03699e-08
3.50418e-08
3.03967e-08
2.63498e-08
2.28265e-08
1.97612e-08
1.70961e-08
1.47806e-08
1.27702e-08
1.10259e-08
9.51354e-09
8.20316e-09
7.06856e-09
6.08684e-09
5.23798e-09
4.50451e-09
3.87117e-09
3.32466e-09
2.85342e-09
2.44734e-09
2.09765e-09
1.79674e-09
1.53797e-09
1.31559e-09
1.12463e-09
9.60741e-10
8.20194e-10
6.99742e-10
5.96585e-10
5.08298e-10
4.32789e-10
3.68253e-10
3.13134e-10
2.66088e-10
2.25961e-10
1.91758e-10
1.62625e-10
1.37827e-10
1.16733e-10
9.88023e-11
8.35705e-11
7.06403e-11
5.96714e-11
5.03724e-11
4.24946e-11
3.58252e-11
3.01826e-11
2.54121e-11
2.13815e-11
1.79784e-11
1.51069e-11
1.26858e-11
1.06457e-11
8.92784e-12
7.48227e-12
6.26666e-12
5.2451e-12
4.38721e-12
3.66723e-12
3.0634e-12
2.55733e-12
2.13346e-12
1.77869e-12
1.48194e-12
1.2339e-12
1.02671e-12
8.53751e-13
7.09467e-13
5.89184e-13
4.88976e-13
4.05548e-13
3.36137e-13
2.78425e-13
2.30472e-13
1.90654e-13
1.57614e-13
1.30215e-13
1.0751e-13
8.87066e-14
7.31446e-14
6.02739e-14
4.96359e-14
4.08492e-14
3.35963e-14
2.76134e-14
2.26814e-14
1.86184e-14
1.52733e-14
1.25213e-14
1.02585e-14
8.39932e-15
6.87266e-15
5.61991e-15
4.59257e-15
3.75064e-15
3.06111e-15
2.49675e-15
2.03515e-15
1.65783e-15
1.34961e-15
1.098e-15
8.92728e-16
7.25373e-16
5.89019e-16
4.77994e-16
3.87651e-16
3.14185e-16
2.54482e-16
2.05994e-16
1.66639e-16
1.34719e-16
1.08844e-16
8.7884e-17
7.09157e-17
5.71876e-17
4.60883e-17
3.71199e-17
2.9878e-17
2.4034e-17
1.93209e-17
1.55224e-17
1.2463e-17
1.00003e-17
8.01926e-18
6.42667e-18
5.14716e-18
4.11984e-18
3.29553e-18
2.63451e-18
2.10478e-18
1.68053e-18
1.34096e-18
1.06935e-18
8.52228e-19
6.78772e-19
5.40289e-19
4.29795e-19
3.41688e-19
2.71476e-19
2.1556e-19
1.71057e-19
1.35658e-19
1.07519e-19
8.51652e-20
6.74177e-20
5.33361e-20
4.21701e-20
3.33215e-20
2.63136e-20
2.0767e-20
1.63796e-20
1.29113e-20
1.01713e-20
8.0079e-21
6.30086e-21
4.95473e-21
3.89385e-21
3.05828e-21
2.40058e-21
1.8832e-21
1.47646e-21
1.15689e-21
9.05979e-22
7.09102e-22
5.54735e-22
4.33799e-22
3.39149e-22
2.65171e-22
2.07467e-22
1.62602e-22
1.27915e-22
1.01369e-22
8.14468e-23
6.70756e-23
5.75901e-23
5.27495e-23
0.992777
0.977118
0.960204
0.942273
0.923546
0.904171
0.884272
0.863954
0.843311
0.822428
0.801379
0.780233
0.759052
0.737892
0.716801
0.695825
0.675006
0.654379
0.633978
0.613832
0.593967
0.574408
0.555175
0.536288
0.517763
0.499614
0.481855
0.464495
0.447544
0.431009
0.414895
0.399206
0.383944
0.369112
0.354707
0.34073
0.327176
0.314044
0.301328
0.289023
0.277123
0.265621
0.254511
0.243783
0.233432
0.223447
0.21382
0.204543
0.195607
0.187002
0.178719
0.170749
0.163084
0.155713
0.148629
0.141822
0.135284
0.129005
0.122979
0.117195
0.111647
0.106327
0.101226
0.096337
0.0916531
0.0871669
0.0828714
0.0787599
0.0748257
0.0710625
0.067464
0.0640242
0.0607372
0.0575973
0.054599
0.0517369
0.0490059
0.0464007
0.0439167
0.041549
0.039293
0.0371443
0.0350987
0.0331518
0.0312998
0.0295386
0.0278646
0.026274
0.0247634
0.0233293
0.0219685
0.0206778
0.019454
0.0182943
0.0171958
0.0161558
0.0151715
0.0142404
0.0133601
0.0125282
0.0117424
0.0110006
0.0103005
0.00964019
0.00901773
0.00843122
0.00787887
0.00735897
0.00686984
0.00640992
0.00597769
0.00557169
0.00519053
0.0048329
0.00449752
0.00418317
0.0038887
0.003613
0.00335503
0.00311377
0.00288828
0.00267763
0.00248097
0.00229748
0.00212636
0.00196688
0.00181833
0.00168005
0.0015514
0.00143178
0.00132062
0.00121739
0.00112158
0.00103271
0.00095032
0.000873993
0.000803324
0.000737933
0.000677462
0.000621577
0.000569962
0.00052232
0.000478373
0.000437859
0.000400535
0.00036617
0.00033455
0.000305474
0.000278754
0.000254216
0.000231695
0.00021104
0.000192107
0.000174764
0.000158888
0.000144365
0.000131087
0.000118956
0.00010788
9.77742e-05
8.85592e-05
8.01621e-05
7.25154e-05
6.55566e-05
5.9228e-05
5.34764e-05
4.82526e-05
4.35114e-05
3.92109e-05
3.53129e-05
3.17821e-05
2.8586e-05
2.56947e-05
2.30811e-05
2.07199e-05
1.85883e-05
1.66652e-05
1.49314e-05
1.33693e-05
1.19629e-05
1.06975e-05
9.5597e-06
8.53737e-06
7.61941e-06
6.79572e-06
6.05712e-06
5.39527e-06
4.80259e-06
4.27222e-06
3.79793e-06
3.37409e-06
2.99557e-06
2.65778e-06
2.35652e-06
2.08804e-06
1.84893e-06
1.63612e-06
1.44685e-06
1.27863e-06
1.12923e-06
9.96621e-07
8.79006e-07
7.74759e-07
6.82423e-07
6.00694e-07
5.28403e-07
4.64504e-07
4.08062e-07
3.58241e-07
3.14293e-07
2.75555e-07
2.4143e-07
2.11391e-07
1.84967e-07
1.61739e-07
1.41333e-07
1.2342e-07
1.07706e-07
9.39295e-08
8.1861e-08
7.12957e-08
6.20527e-08
5.39721e-08
4.69125e-08
4.07492e-08
3.53721e-08
3.06841e-08
2.65997e-08
2.30436e-08
1.99497e-08
1.72596e-08
1.49224e-08
1.28931e-08
1.11323e-08
9.60564e-09
8.2828e-09
7.13739e-09
6.14628e-09
5.28929e-09
4.54875e-09
3.9093e-09
3.35751e-09
2.88168e-09
2.47165e-09
2.11855e-09
1.81469e-09
1.55338e-09
1.32882e-09
1.13596e-09
9.7045e-10
8.28505e-10
7.06853e-10
6.02664e-10
5.13491e-10
4.37224e-10
3.72037e-10
3.1636e-10
2.68837e-10
2.28302e-10
1.9375e-10
1.64319e-10
1.39266e-10
1.17955e-10
9.98397e-11
8.44503e-11
7.1386e-11
6.03029e-11
5.0907e-11
4.29467e-11
3.62074e-11
3.05055e-11
2.56846e-11
2.16114e-11
1.81722e-11
1.52702e-11
1.28233e-11
1.07614e-11
9.02508e-12
7.56398e-12
6.33526e-12
5.30267e-12
4.43548e-12
3.70768e-12
3.09728e-12
2.58568e-12
2.15717e-12
1.79851e-12
1.4985e-12
1.24772e-12
1.03823e-12
8.63358e-13
7.1747e-13
5.95847e-13
4.94519e-13
4.10157e-13
3.39966e-13
2.81604e-13
2.3311e-13
1.92842e-13
1.59427e-13
1.31717e-13
1.08753e-13
8.97342e-14
7.3994e-14
6.09754e-14
5.0215e-14
4.13269e-14
3.39901e-14
2.79378e-14
2.29485e-14
1.88381e-14
1.5454e-14
1.26698e-14
1.03805e-14
8.49938e-15
6.95473e-15
5.68716e-15
4.64766e-15
3.79573e-15
3.09799e-15
2.5269e-15
2.05978e-15
1.67794e-15
1.36602e-15
1.11138e-15
9.0363e-16
7.34251e-16
5.96244e-16
4.8387e-16
3.92427e-16
3.18065e-16
2.57631e-16
2.08548e-16
1.6871e-16
1.36397e-16
1.10203e-16
8.89833e-17
7.18046e-17
5.79061e-17
4.66685e-17
3.75882e-17
3.02558e-17
2.43385e-17
1.95662e-17
1.57199e-17
1.26219e-17
1.01281e-17
8.12193e-18
6.50912e-18
5.21334e-18
4.17292e-18
3.33807e-18
2.66859e-18
2.13207e-18
1.70236e-18
1.35842e-18
1.0833e-18
8.63366e-19
6.87661e-19
5.47378e-19
4.35446e-19
3.4619e-19
2.7506e-19
2.18412e-19
1.73324e-19
1.3746e-19
1.0895e-19
8.63008e-20
6.83183e-20
5.405e-20
4.27356e-20
3.37692e-20
2.66679e-20
2.10471e-20
1.6601e-20
1.30862e-20
1.03093e-20
8.11677e-21
6.38669e-21
5.02235e-21
3.94709e-21
3.10018e-21
2.43353e-21
1.9091e-21
1.4968e-21
1.17286e-21
9.18504e-22
7.18922e-22
5.62429e-22
4.39823e-22
3.43862e-22
2.68856e-22
2.10346e-22
1.6485e-22
1.29669e-22
1.0274e-22
8.25231e-23
6.79327e-23
5.82955e-23
5.33728e-23
0.992777
0.977118
0.960204
0.942273
0.923546
0.904171
0.884272
0.863954
0.843311
0.822428
0.801379
0.780234
0.759053
0.737892
0.716801
0.695826
0.675007
0.65438
0.633979
0.613833
0.593968
0.574409
0.555176
0.536289
0.517764
0.499615
0.481856
0.464496
0.447545
0.43101
0.414896
0.399207
0.383946
0.369113
0.354709
0.340731
0.327178
0.314045
0.301329
0.289024
0.277124
0.265622
0.254512
0.243785
0.233433
0.223448
0.213822
0.204544
0.195608
0.187003
0.17872
0.17075
0.163085
0.155714
0.14863
0.141823
0.135285
0.129006
0.12298
0.117196
0.111648
0.106327
0.101227
0.0963377
0.0916538
0.0871675
0.082872
0.0787605
0.0748263
0.0710631
0.0674646
0.0640248
0.0607377
0.0575978
0.0545995
0.0517374
0.0490063
0.0464012
0.0439171
0.0415494
0.0392934
0.0371447
0.035099
0.0331522
0.0313001
0.0295389
0.0278649
0.0262743
0.0247637
0.0233296
0.0219688
0.020678
0.0194542
0.0182945
0.017196
0.0161559
0.0151717
0.0142406
0.0133603
0.0125284
0.0117426
0.0110007
0.0103006
0.00964033
0.00901786
0.00843134
0.00787899
0.00735907
0.00686994
0.00641002
0.00597778
0.00557178
0.00519062
0.00483298
0.00449759
0.00418324
0.00388877
0.00361307
0.00335509
0.00311383
0.00288833
0.00267768
0.00248102
0.00229752
0.0021264
0.00196692
0.00181837
0.00168009
0.00155143
0.00143181
0.00132065
0.00121742
0.0011216
0.00103273
0.000950341
0.000874013
0.000803343
0.00073795
0.000677479
0.000621593
0.000569976
0.000522333
0.000478385
0.000437871
0.000400545
0.00036618
0.000334559
0.000305482
0.000278762
0.000254223
0.000231702
0.000211046
0.000192113
0.000174769
0.000158893
0.000144369
0.000131091
0.00011896
0.000107884
9.77775e-05
8.85622e-05
8.01648e-05
7.25179e-05
6.55589e-05
5.92301e-05
5.34783e-05
4.82544e-05
4.3513e-05
3.92124e-05
3.53143e-05
3.17833e-05
2.85871e-05
2.56957e-05
2.3082e-05
2.07207e-05
1.8589e-05
1.66659e-05
1.4932e-05
1.33699e-05
1.19634e-05
1.06979e-05
9.56013e-06
8.53776e-06
7.61977e-06
6.79604e-06
6.05741e-06
5.39552e-06
4.80282e-06
4.27243e-06
3.79812e-06
3.37426e-06
2.99573e-06
2.65791e-06
2.35664e-06
2.08815e-06
1.84903e-06
1.63621e-06
1.44693e-06
1.2787e-06
1.12929e-06
9.96679e-07
8.79057e-07
7.74804e-07
6.82464e-07
6.0073e-07
5.28435e-07
4.64533e-07
4.08088e-07
3.58263e-07
3.14314e-07
2.75573e-07
2.41446e-07
2.11406e-07
1.8498e-07
1.6175e-07
1.41343e-07
1.23429e-07
1.07713e-07
9.39362e-08
8.1867e-08
7.1301e-08
6.20573e-08
5.39762e-08
4.69161e-08
4.07523e-08
3.53748e-08
3.06865e-08
2.66018e-08
2.30455e-08
1.99513e-08
1.72611e-08
1.49237e-08
1.28942e-08
1.11333e-08
9.60647e-09
8.28353e-09
7.13802e-09
6.14683e-09
5.28976e-09
4.54917e-09
3.90966e-09
3.35782e-09
2.88196e-09
2.47189e-09
2.11876e-09
1.81487e-09
1.55353e-09
1.32895e-09
1.13607e-09
9.70549e-10
8.2859e-10
7.06927e-10
6.02727e-10
5.13546e-10
4.37271e-10
3.72078e-10
3.16395e-10
2.68867e-10
2.28327e-10
1.93772e-10
1.64338e-10
1.39283e-10
1.17969e-10
9.98515e-11
8.44604e-11
7.13946e-11
6.03103e-11
5.09133e-11
4.29521e-11
3.62119e-11
3.05094e-11
2.56879e-11
2.16142e-11
1.81745e-11
1.52722e-11
1.2825e-11
1.07628e-11
9.02631e-12
7.56502e-12
6.33614e-12
5.30341e-12
4.43611e-12
3.70821e-12
3.09773e-12
2.58605e-12
2.15749e-12
1.79877e-12
1.49872e-12
1.24791e-12
1.03839e-12
8.63492e-13
7.17583e-13
5.95941e-13
4.94598e-13
4.10223e-13
3.40021e-13
2.8165e-13
2.33148e-13
1.92874e-13
1.59454e-13
1.31739e-13
1.08771e-13
8.97498e-14
7.40069e-14
6.09862e-14
5.02239e-14
4.13343e-14
3.39962e-14
2.7943e-14
2.29528e-14
1.88416e-14
1.5457e-14
1.26722e-14
1.03825e-14
8.50102e-15
6.95608e-15
5.68828e-15
4.64858e-15
3.79649e-15
3.09862e-15
2.52742e-15
2.0602e-15
1.67829e-15
1.3663e-15
1.11161e-15
9.03823e-16
7.34409e-16
5.96374e-16
4.83976e-16
3.92514e-16
3.18135e-16
2.57689e-16
2.08595e-16
1.68749e-16
1.36428e-16
1.10228e-16
8.90042e-17
7.18216e-17
5.79199e-17
4.66797e-17
3.75973e-17
3.02631e-17
2.43445e-17
1.95711e-17
1.57239e-17
1.26251e-17
1.01306e-17
8.12402e-18
6.51081e-18
5.2147e-18
4.17402e-18
3.33896e-18
2.66931e-18
2.13264e-18
1.70282e-18
1.35879e-18
1.0836e-18
8.63606e-19
6.87854e-19
5.47533e-19
4.3557e-19
3.46289e-19
2.7514e-19
2.18475e-19
1.73375e-19
1.375e-19
1.08983e-19
8.63268e-20
6.83391e-20
5.40665e-20
4.27488e-20
3.37797e-20
2.66762e-20
2.10538e-20
1.66063e-20
1.30904e-20
1.03126e-20
8.11941e-21
6.38878e-21
5.02401e-21
3.9484e-21
3.10122e-21
2.43435e-21
1.90975e-21
1.49731e-21
1.17326e-21
9.18824e-22
7.19174e-22
5.62628e-22
4.3998e-22
3.43986e-22
2.68954e-22
2.10423e-22
1.6491e-22
1.29717e-22
1.02778e-22
8.25541e-23
6.79583e-23
5.83175e-23
5.33929e-23
0.992616
0.976612
0.959344
0.941074
0.922038
0.902392
0.882263
0.861755
0.84096
0.819959
0.798823
0.777617
0.756398
0.735218
0.714125
0.693159
0.672361
0.651764
0.631399
0.611295
0.591478
0.571969
0.552789
0.533957
0.515489
0.497399
0.479699
0.462399
0.445507
0.429032
0.412978
0.397348
0.382146
0.367371
0.353024
0.339104
0.325606
0.312529
0.299866
0.287614
0.275765
0.264314
0.253252
0.242573
0.232267
0.222328
0.212745
0.20351
0.194615
0.18605
0.177806
0.169874
0.162245
0.154909
0.147859
0.141085
0.134578
0.12833
0.122333
0.116578
0.111057
0.105763
0.100687
0.0958227
0.0911622
0.0866985
0.0824246
0.0783339
0.0744197
0.0706757
0.0670956
0.0636735
0.0604034
0.0572798
0.054297
0.0514498
0.048733
0.0461416
0.0436706
0.0413154
0.0390714
0.0369342
0.0348994
0.032963
0.0311209
0.0293693
0.0277043
0.0261224
0.02462
0.0231938
0.0218404
0.0205568
0.0193398
0.0181866
0.0170942
0.01606
0.0150812
0.0141554
0.0132801
0.0124529
0.0116716
0.010934
0.0102379
0.00958145
0.00896258
0.00837948
0.00783036
0.00731349
0.00682724
0.00637003
0.00594036
0.00553677
0.00515789
0.0048024
0.00446903
0.00415658
0.0038639
0.00358988
0.00333348
0.0030937
0.00286959
0.00266025
0.00246481
0.00228246
0.00211241
0.00195393
0.00180632
0.00166891
0.00154107
0.00142222
0.00131177
0.0012092
0.00111401
0.00102571
0.000943858
0.00086803
0.000797823
0.000732862
0.000672791
0.000617276
0.000566004
0.00051868
0.000475027
0.000434786
0.000397714
0.000363582
0.000332177
0.0003033
0.000276763
0.000252394
0.000230029
0.000209517
0.000190715
0.000173494
0.00015773
0.000143308
0.000130125
0.00011808
0.000107083
9.70489e-05
8.78999e-05
7.95633e-05
7.19719e-05
6.50636e-05
5.87811e-05
5.30715e-05
4.7886e-05
4.31797e-05
3.89111e-05
3.5042e-05
3.15374e-05
2.83651e-05
2.54956e-05
2.29016e-05
2.05582e-05
1.84428e-05
1.65343e-05
1.48137e-05
1.32636e-05
1.1868e-05
1.06124e-05
9.4834e-06
8.46901e-06
7.55821e-06
6.74096e-06
6.00815e-06
5.35151e-06
4.76352e-06
4.23735e-06
3.76684e-06
3.34638e-06
2.97089e-06
2.63581e-06
2.33699e-06
2.07067e-06
1.8335e-06
1.62243e-06
1.43471e-06
1.26787e-06
1.11969e-06
9.8818e-07
8.71538e-07
7.68157e-07
6.7659e-07
5.95545e-07
5.2386e-07
4.60499e-07
4.04533e-07
3.55133e-07
3.11559e-07
2.7315e-07
2.39317e-07
2.09536e-07
1.83339e-07
1.60311e-07
1.40082e-07
1.22324e-07
1.06747e-07
9.30908e-08
8.1128e-08
7.06555e-08
6.14939e-08
5.34847e-08
4.64877e-08
4.03792e-08
3.505e-08
3.04039e-08
2.63561e-08
2.2832e-08
1.9766e-08
1.71003e-08
1.47843e-08
1.27734e-08
1.10287e-08
9.51601e-09
8.20531e-09
7.07043e-09
6.08847e-09
5.2394e-09
4.50574e-09
3.87224e-09
3.3256e-09
2.85422e-09
2.44804e-09
2.09826e-09
1.79726e-09
1.53842e-09
1.31599e-09
1.12497e-09
9.61035e-10
8.20447e-10
6.99961e-10
5.96773e-10
5.0846e-10
4.32929e-10
3.68374e-10
3.13237e-10
2.66177e-10
2.26037e-10
1.91824e-10
1.62681e-10
1.37875e-10
1.16774e-10
9.88373e-11
8.36005e-11
7.06659e-11
5.96932e-11
5.03911e-11
4.25105e-11
3.58387e-11
3.01942e-11
2.54219e-11
2.13898e-11
1.79854e-11
1.51129e-11
1.26909e-11
1.065e-11
8.93149e-12
7.48536e-12
6.26927e-12
5.24731e-12
4.38907e-12
3.6688e-12
3.06473e-12
2.55845e-12
2.1344e-12
1.77948e-12
1.48261e-12
1.23447e-12
1.02718e-12
8.54147e-13
7.098e-13
5.89463e-13
4.8921e-13
4.05744e-13
3.363e-13
2.78561e-13
2.30586e-13
1.9075e-13
1.57694e-13
1.30282e-13
1.07566e-13
8.87528e-14
7.3183e-14
6.03058e-14
4.96624e-14
4.08712e-14
3.36146e-14
2.76286e-14
2.2694e-14
1.86288e-14
1.5282e-14
1.25284e-14
1.02644e-14
8.40419e-15
6.87669e-15
5.62323e-15
4.59531e-15
3.7529e-15
3.06296e-15
2.49828e-15
2.0364e-15
1.65886e-15
1.35046e-15
1.09869e-15
8.93299e-16
7.25842e-16
5.89403e-16
4.78308e-16
3.87908e-16
3.14395e-16
2.54653e-16
2.06134e-16
1.66753e-16
1.34812e-16
1.0892e-16
8.79458e-17
7.09659e-17
5.72285e-17
4.61215e-17
3.71469e-17
2.98999e-17
2.40517e-17
1.93353e-17
1.55341e-17
1.24724e-17
1.00079e-17
8.02544e-18
6.43166e-18
5.1512e-18
4.1231e-18
3.29815e-18
2.63663e-18
2.10649e-18
1.6819e-18
1.34207e-18
1.07024e-18
8.5294e-19
6.79344e-19
5.40747e-19
4.30162e-19
3.41983e-19
2.71713e-19
2.15749e-19
1.71208e-19
1.35779e-19
1.07616e-19
8.52423e-20
6.74792e-20
5.33851e-20
4.22091e-20
3.33526e-20
2.63383e-20
2.07867e-20
1.63952e-20
1.29237e-20
1.01811e-20
8.01573e-21
6.30707e-21
4.95965e-21
3.89774e-21
3.06136e-21
2.40302e-21
1.88513e-21
1.47798e-21
1.15809e-21
9.06927e-22
7.09849e-22
5.55324e-22
4.34263e-22
3.39515e-22
2.6546e-22
2.07695e-22
1.62782e-22
1.28057e-22
1.01483e-22
8.15387e-23
6.71517e-23
5.76551e-23
5.28089e-23
0.992284
0.975568
0.957579
0.938624
0.918974
0.898796
0.878218
0.857342
0.836255
0.81503
0.793731
0.772413
0.751126
0.729915
0.708821
0.68788
0.667126
0.64659
0.626301
0.606282
0.586558
0.56715
0.548076
0.529354
0.510999
0.493024
0.475441
0.458259
0.441487
0.42513
0.409194
0.393682
0.378596
0.363937
0.349704
0.335895
0.322508
0.309538
0.296982
0.284833
0.273086
0.261734
0.250769
0.240184
0.22997
0.22012
0.210623
0.201473
0.192659
0.184173
0.176006
0.168148
0.16059
0.153324
0.14634
0.139631
0.133186
0.126999
0.121059
0.11536
0.109893
0.104651
0.099625
0.0948087
0.0901944
0.0857751
0.081544
0.0774943
0.0736195
0.0699133
0.0663695
0.0629822
0.0597455
0.0566539
0.0537019
0.0508841
0.0481954
0.0456309
0.0431857
0.0408552
0.0386348
0.0365201
0.0345069
0.032591
0.0307686
0.0290357
0.0273886
0.0258237
0.0243376
0.0229268
0.0215882
0.0203186
0.019115
0.0179744
0.0168941
0.0158714
0.0149035
0.013988
0.0131225
0.0123047
0.0115322
0.0108029
0.0101148
0.00946579
0.00885403
0.00827764
0.00773485
0.00722398
0.00674339
0.00629152
0.00586689
0.00546805
0.00509365
0.00474237
0.00441297
0.00410426
0.00381509
0.00354437
0.00329107
0.0030542
0.00283283
0.00262605
0.00243301
0.0022529
0.00208496
0.00192845
0.00178268
0.00164699
0.00152076
0.0014034
0.00129435
0.00119309
0.00109911
0.00101195
0.000931148
0.000856299
0.000787003
0.000722887
0.000663601
0.000608815
0.000558218
0.00051152
0.000468447
0.000428742
0.000392165
0.000358491
0.00032751
0.000299023
0.000272847
0.00024881
0.000226751
0.000206521
0.000187979
0.000170996
0.000155451
0.000141231
0.000128231
0.000116356
0.000105514
9.56222e-05
8.66033e-05
7.83856e-05
7.09029e-05
6.40939e-05
5.7902e-05
5.22751e-05
4.7165e-05
4.25274e-05
3.83212e-05
3.4509e-05
3.10561e-05
2.79308e-05
2.51039e-05
2.25485e-05
2.02403e-05
1.81566e-05
1.62769e-05
1.45823e-05
1.30558e-05
1.16814e-05
1.04449e-05
9.33329e-06
8.33453e-06
7.43779e-06
6.63322e-06
5.91181e-06
5.26542e-06
4.68664e-06
4.16875e-06
3.70566e-06
3.29185e-06
2.92233e-06
2.59259e-06
2.29854e-06
2.0365e-06
1.80315e-06
1.59549e-06
1.41081e-06
1.24668e-06
1.10092e-06
9.71565e-07
8.56839e-07
7.55161e-07
6.65109e-07
5.85408e-07
5.14916e-07
4.52613e-07
3.97584e-07
3.49014e-07
3.06175e-07
2.68416e-07
2.35157e-07
2.05883e-07
1.80133e-07
1.57499e-07
1.37618e-07
1.20166e-07
1.04858e-07
9.14387e-08
7.9684e-08
6.93943e-08
6.03931e-08
5.25244e-08
4.56507e-08
3.965e-08
3.44153e-08
2.98517e-08
2.58761e-08
2.24151e-08
1.9404e-08
1.67863e-08
1.4512e-08
1.25375e-08
1.08245e-08
9.33928e-09
8.0525e-09
6.9384e-09
5.97446e-09
5.14103e-09
4.42091e-09
3.79914e-09
3.26264e-09
2.80005e-09
2.40145e-09
2.05822e-09
1.76288e-09
1.50891e-09
1.29068e-09
1.10327e-09
9.42452e-10
8.04541e-10
6.86356e-10
5.85143e-10
4.98525e-10
4.24448e-10
3.61139e-10
3.07069e-10
2.60922e-10
2.21564e-10
1.88018e-10
1.59445e-10
1.35126e-10
1.1444e-10
9.68566e-11
8.19209e-11
6.92427e-11
5.8488e-11
4.93711e-11
4.16479e-11
3.51098e-11
2.95785e-11
2.49023e-11
2.09516e-11
1.7616e-11
1.48018e-11
1.2429e-11
1.04297e-11
8.7463e-12
7.32979e-12
6.13867e-12
5.13774e-12
4.2972e-12
3.59183e-12
3.00028e-12
2.50452e-12
2.08931e-12
1.7418e-12
1.45115e-12
1.20821e-12
1.00528e-12
8.35895e-13
6.94598e-13
5.7681e-13
4.78685e-13
3.96995e-13
3.29033e-13
2.72528e-13
2.25581e-13
1.866e-13
1.54256e-13
1.27435e-13
1.0521e-13
8.68051e-14
7.15735e-14
5.89766e-14
4.85655e-14
3.99665e-14
3.28689e-14
2.70144e-14
2.21884e-14
1.82129e-14
1.49401e-14
1.22476e-14
1.00338e-14
8.215e-15
6.72156e-15
5.49611e-15
4.49121e-15
3.66771e-15
2.9933e-15
2.44134e-15
1.9899e-15
1.6209e-15
1.31949e-15
1.07345e-15
8.72733e-16
7.09097e-16
5.75779e-16
4.6723e-16
3.78906e-16
3.07085e-16
2.4872e-16
2.01322e-16
1.62853e-16
1.31653e-16
1.06363e-16
8.58769e-17
6.92933e-17
5.58771e-17
4.50302e-17
3.62663e-17
2.91898e-17
2.34794e-17
1.88744e-17
1.51631e-17
1.2174e-17
9.76801e-18
7.83268e-18
6.2769e-18
5.02702e-18
4.02352e-18
3.21835e-18
2.57272e-18
2.05533e-18
1.64098e-18
1.30936e-18
1.04411e-18
8.32077e-19
6.62698e-19
5.27474e-19
4.19584e-19
3.33558e-19
2.65007e-19
2.10416e-19
1.66968e-19
1.32411e-19
1.04942e-19
8.31203e-20
6.57965e-20
5.20516e-20
4.1153e-20
3.25166e-20
2.5677e-20
2.02639e-20
1.59822e-20
1.25976e-20
9.92379e-21
7.81277e-21
6.14711e-21
4.83365e-21
3.79856e-21
2.98333e-21
2.34167e-21
1.83692e-21
1.44013e-21
1.12839e-21
8.83627e-22
6.91587e-22
5.4102e-22
4.23067e-22
3.30757e-22
2.58616e-22
2.0235e-22
1.58612e-22
1.24805e-22
9.89435e-23
7.95475e-23
6.55691e-23
5.63546e-23
5.16616e-23
0.991758
0.973917
0.954808
0.934817
0.914256
0.893303
0.872082
0.850689
0.829197
0.807667
0.786149
0.764687
0.743317
0.722075
0.700992
0.680097
0.659418
0.638978
0.618803
0.598915
0.579332
0.560075
0.541159
0.522601
0.504414
0.48661
0.4692
0.452193
0.435595
0.419413
0.403651
0.388312
0.373398
0.358908
0.344842
0.331198
0.317973
0.305162
0.292762
0.280766
0.269168
0.257961
0.247138
0.23669
0.226611
0.216891
0.207522
0.198495
0.1898
0.18143
0.173375
0.165625
0.158172
0.151007
0.144122
0.137507
0.131154
0.125054
0.1192
0.113582
0.108194
0.103027
0.0980748
0.0933287
0.088782
0.0844277
0.080259
0.0762693
0.0724521
0.0688012
0.0653105
0.0619741
0.0587863
0.0557414
0.0528342
0.0500594
0.0474118
0.0448867
0.0424792
0.0401847
0.0379987
0.0359169
0.0339351
0.0320493
0.0302555
0.0285499
0.0269289
0.0253889
0.0239265
0.0225383
0.0212212
0.0199721
0.0187879
0.0176659
0.0166031
0.0155971
0.0146451
0.0137447
0.0128935
0.0120892
0.0113295
0.0106124
0.00993585
0.00929778
0.00869634
0.00812972
0.00759616
0.00709401
0.00662165
0.00617755
0.00576024
0.00536832
0.00500043
0.00465528
0.00433165
0.00402836
0.00374429
0.00347837
0.00322958
0.00299694
0.00277953
0.00257647
0.00238691
0.00221007
0.00204518
0.00189153
0.00174843
0.00161524
0.00149134
0.00137616
0.00126914
0.00116977
0.00107755
0.000992026
0.000912755
0.000839325
0.000771348
0.000708458
0.000650309
0.000596578
0.000546959
0.000501167
0.000458933
0.000420004
0.000384145
0.000351134
0.000320765
0.000292844
0.00026719
0.000243634
0.000222017
0.000202194
0.000184027
0.000167389
0.00015216
0.000138231
0.000125499
0.000113868
0.00010325
9.35637e-05
8.47326e-05
7.66867e-05
6.9361e-05
6.26954e-05
5.66344e-05
5.11268e-05
4.61255e-05
4.15869e-05
3.7471e-05
3.37408e-05
3.03625e-05
2.73049e-05
2.45395e-05
2.20399e-05
1.97822e-05
1.77443e-05
1.59061e-05
1.42491e-05
1.27564e-05
1.14127e-05
1.02039e-05
9.11722e-06
8.14096e-06
7.2645e-06
6.47817e-06
5.77319e-06
5.14156e-06
4.57604e-06
4.07006e-06
3.61766e-06
3.21343e-06
2.8525e-06
2.53044e-06
2.24327e-06
1.98738e-06
1.75952e-06
1.55676e-06
1.37646e-06
1.21624e-06
1.07396e-06
9.47693e-07
8.35722e-07
7.36493e-07
6.48617e-07
5.70848e-07
5.02071e-07
4.41288e-07
3.87606e-07
3.4023e-07
2.98446e-07
2.61619e-07
2.29185e-07
2.00639e-07
1.75531e-07
1.53464e-07
1.34082e-07
1.17069e-07
1.02148e-07
8.90687e-08
7.76128e-08
6.75853e-08
5.88142e-08
5.11474e-08
4.44504e-08
3.86046e-08
3.35053e-08
2.90602e-08
2.51881e-08
2.18174e-08
1.88852e-08
1.63362e-08
1.41218e-08
1.21995e-08
1.05318e-08
9.08609e-09
7.8336e-09
6.74927e-09
5.81117e-09
5.00013e-09
4.29943e-09
3.69446e-09
3.17251e-09
2.72248e-09
2.33475e-09
2.0009e-09
1.71365e-09
1.46667e-09
1.25445e-09
1.07222e-09
9.1586e-10
7.81781e-10
6.66889e-10
5.68504e-10
4.84313e-10
4.12317e-10
3.50791e-10
2.98248e-10
2.53408e-10
2.15166e-10
1.82575e-10
1.54818e-10
1.31195e-10
1.11102e-10
9.40248e-11
7.95199e-11
6.72083e-11
5.67653e-11
4.79134e-11
4.04153e-11
3.40681e-11
2.86988e-11
2.41599e-11
2.03254e-11
1.70883e-11
1.43573e-11
1.20549e-11
1.0115e-11
8.48179e-12
7.10759e-12
5.95214e-12
4.98126e-12
4.16602e-12
3.48192e-12
2.90826e-12
2.42753e-12
2.02494e-12
1.68801e-12
1.40623e-12
1.17072e-12
9.74023e-13
8.09845e-13
6.72902e-13
5.58753e-13
4.63667e-13
3.84512e-13
3.18663e-13
2.63921e-13
2.1844e-13
1.80681e-13
1.49351e-13
1.23375e-13
1.0185e-13
8.40271e-14
6.92781e-14
5.70811e-14
4.70012e-14
3.86764e-14
3.18057e-14
2.61387e-14
2.14676e-14
1.762e-14
1.44527e-14
1.18472e-14
9.70514e-15
7.94532e-15
6.50045e-15
5.31494e-15
4.34286e-15
3.54631e-15
2.89402e-15
2.3602e-15
1.92363e-15
1.56681e-15
1.27537e-15
1.03748e-15
8.43433e-16
6.85244e-16
5.56371e-16
4.5145e-16
3.66084e-16
2.96673e-16
2.4027e-16
1.94469e-16
1.57299e-16
1.27154e-16
1.02721e-16
8.29308e-17
6.69115e-17
5.39528e-17
4.34765e-17
3.50126e-17
2.81788e-17
2.26647e-17
1.82182e-17
1.46349e-17
1.17491e-17
9.4265e-18
7.55832e-18
6.05663e-18
4.85028e-18
3.8818e-18
3.10478e-18
2.48177e-18
1.98254e-18
1.58276e-18
1.26282e-18
1.00693e-18
8.02394e-19
6.39015e-19
5.08589e-19
4.04536e-19
3.21574e-19
2.55469e-19
2.02829e-19
1.60937e-19
1.2762e-19
1.01138e-19
8.01023e-20
6.34033e-20
5.01551e-20
3.9651e-20
3.13278e-20
2.47367e-20
1.95205e-20
1.53949e-20
1.21339e-20
9.55787e-21
7.5242e-21
5.91968e-21
4.65452e-21
3.65755e-21
2.87241e-21
2.25446e-21
1.7684e-21
1.38632e-21
1.08616e-21
8.50509e-22
6.6563e-22
5.20689e-22
4.07154e-22
3.18311e-22
2.48889e-22
1.94755e-22
1.52686e-22
1.20183e-22
9.5335e-23
7.67174e-23
6.33193e-23
5.45054e-23
5.00295e-23
0.991004
0.971533
0.95086
0.929477
0.907733
0.885799
0.863784
0.841765
0.819796
0.797916
0.776156
0.754543
0.733098
0.711842
0.690795
0.669977
0.649408
0.629106
0.60909
0.589377
0.569985
0.550928
0.532221
0.513879
0.495912
0.478332
0.461148
0.444368
0.427998
0.412043
0.396508
0.381393
0.366701
0.352431
0.338582
0.325151
0.312135
0.29953
0.287331
0.275532
0.264127
0.253107
0.242467
0.232199
0.222293
0.212741
0.203536
0.194667
0.186127
0.177906
0.169995
0.162385
0.155067
0.148033
0.141274
0.134781
0.128545
0.122559
0.116813
0.111301
0.106015
0.100946
0.0960868
0.0914312
0.0869714
0.0827007
0.0786122
0.0746996
0.0709565
0.0673767
0.0639542
0.0606832
0.0575581
0.0545733
0.0517237
0.049004
0.0464093
0.0439347
0.0415755
0.0393272
0.0371854
0.0351458
0.0332043
0.031357
0.0295999
0.0279294
0.0263418
0.0248337
0.0234016
0.0220423
0.0207528
0.0195298
0.0183706
0.0172722
0.016232
0.0152473
0.0143156
0.0134345
0.0126016
0.0118146
0.0110714
0.0103698
0.00970797
0.00908384
0.00849559
0.00794143
0.00741966
0.00692863
0.00646678
0.00603259
0.00562463
0.00524151
0.00488192
0.00454459
0.00422831
0.00393194
0.00365437
0.00339456
0.0031515
0.00292424
0.00271188
0.00251355
0.00232843
0.00215573
0.00199473
0.00184471
0.00170501
0.00157499
0.00145406
0.00134164
0.0012372
0.00114023
0.00105025
0.000966803
0.000889469
0.000817841
0.000751537
0.000690201
0.000633494
0.0005811
0.000532721
0.000488077
0.000446905
0.00040896
0.00037401
0.000341839
0.000312246
0.00028504
0.000260046
0.000237098
0.000216041
0.000196734
0.000179041
0.000162838
0.00014801
0.000134448
0.000122053
0.000110731
0.000100396
9.09692e-05
8.23753e-05
7.45462e-05
6.74186e-05
6.09339e-05
5.5038e-05
4.96811e-05
4.48169e-05
4.04033e-05
3.6401e-05
3.27742e-05
2.94899e-05
2.65177e-05
2.38297e-05
2.14004e-05
1.92064e-05
1.72262e-05
1.54401e-05
1.38303e-05
1.23803e-05
1.10752e-05
9.90119e-06
8.84588e-06
7.89791e-06
7.04694e-06
6.28356e-06
5.59921e-06
4.98614e-06
4.43729e-06
3.94627e-06
3.50728e-06
3.11509e-06
2.76493e-06
2.45252e-06
2.17399e-06
1.92581e-06
1.70485e-06
1.50824e-06
1.33343e-06
1.1781e-06
1.04018e-06
9.178e-07
8.09282e-07
7.13124e-07
6.27975e-07
5.52627e-07
4.85998e-07
4.2712e-07
3.75125e-07
3.29242e-07
2.88779e-07
2.53121e-07
2.21719e-07
1.94084e-07
1.6978e-07
1.48421e-07
1.29663e-07
1.13201e-07
9.87625e-08
8.61086e-08
7.50261e-08
6.53265e-08
5.6843e-08
4.94284e-08
4.29523e-08
3.72999e-08
3.23698e-08
2.80726e-08
2.43297e-08
2.10719e-08
1.82381e-08
1.57749e-08
1.36353e-08
1.17781e-08
1.0167e-08
8.77052e-09
7.5608e-09
6.51361e-09
5.60772e-09
4.82461e-09
4.1481e-09
3.56408e-09
3.06025e-09
2.6259e-09
2.2517e-09
1.92955e-09
1.65238e-09
1.41409e-09
1.20936e-09
1.03359e-09
8.82776e-10
7.53469e-10
6.42676e-10
5.47811e-10
4.66639e-10
3.97232e-10
3.37925e-10
2.87282e-10
2.44067e-10
2.07216e-10
1.75812e-10
1.49069e-10
1.26311e-10
1.06956e-10
9.05074e-11
7.65379e-11
6.46818e-11
5.46263e-11
4.61036e-11
3.8885e-11
3.2775e-11
2.76069e-11
2.32385e-11
1.95484e-11
1.64335e-11
1.38059e-11
1.15908e-11
9.72471e-12
8.15372e-12
6.83203e-12
5.72084e-12
4.78724e-12
4.00338e-12
3.34568e-12
2.79421e-12
2.33211e-12
1.94516e-12
1.62136e-12
1.35058e-12
1.12429e-12
9.35302e-13
7.77578e-13
6.46032e-13
5.36392e-13
4.45069e-13
3.69056e-13
3.05826e-13
2.53265e-13
2.09602e-13
1.73354e-13
1.43282e-13
1.1835e-13
9.76936e-14
8.05903e-14
6.64384e-14
5.47364e-14
4.50665e-14
3.7081e-14
3.04909e-14
2.50559e-14
2.05765e-14
1.6887e-14
1.38502e-14
1.13523e-14
9.29889e-15
7.61205e-15
6.22722e-15
5.09108e-15
4.15957e-15
3.39634e-15
2.77138e-15
2.25998e-15
1.84178e-15
1.50001e-15
1.22089e-15
9.93076e-16
8.07259e-16
6.55796e-16
5.32415e-16
4.31973e-16
3.50259e-16
2.83823e-16
2.29843e-16
1.86013e-16
1.50446e-16
1.21603e-16
9.82284e-17
7.92969e-17
6.3974e-17
5.15796e-17
4.15605e-17
3.34667e-17
2.69323e-17
2.16602e-17
1.74093e-17
1.39839e-17
1.12255e-17
9.00559e-18
7.22021e-18
5.78519e-18
4.6325e-18
3.70719e-18
2.96487e-18
2.36972e-18
1.89287e-18
1.51104e-18
1.20549e-18
9.61138e-19
7.65841e-19
6.09853e-19
4.85338e-19
3.86009e-19
3.0682e-19
2.43728e-19
1.93491e-19
1.53514e-19
1.21723e-19
9.64569e-20
7.63885e-20
6.04587e-20
4.78217e-20
3.78031e-20
2.98653e-20
2.35799e-20
1.86061e-20
1.46725e-20
1.15636e-20
9.10789e-21
7.16937e-21
5.64005e-21
4.43428e-21
3.4842e-21
2.73604e-21
2.14725e-21
1.68417e-21
1.32018e-21
1.03426e-21
8.09811e-22
6.33734e-22
4.95707e-22
3.87601e-22
3.0302e-22
2.36939e-22
1.85425e-22
1.45406e-22
1.14505e-22
9.09029e-23
7.32413e-23
6.05556e-23
5.22332e-23
4.80234e-23
0.989969
0.968197
0.945459
0.922352
0.899203
0.876143
0.853246
0.830554
0.808089
0.785861
0.763876
0.742137
0.720648
0.699415
0.678444
0.657747
0.637332
0.617213
0.597402
0.577913
0.558758
0.53995
0.521501
0.503423
0.485726
0.468419
0.451509
0.435005
0.418911
0.403231
0.387968
0.373125
0.3587
0.344695
0.331106
0.317932
0.305168
0.29281
0.280853
0.26929
0.258115
0.247321
0.236901
0.226845
0.217147
0.207798
0.198788
0.19011
0.181754
0.173711
0.165972
0.15853
0.151374
0.144495
0.137887
0.131539
0.125444
0.119592
0.113978
0.108591
0.103426
0.098473
0.0937264
0.0891785
0.0848223
0.0806512
0.0766585
0.0728377
0.0691828
0.0656877
0.0623464
0.0591532
0.0561027
0.0531895
0.0504084
0.0477543
0.0452224
0.0428078
0.0405061
0.0383127
0.0362234
0.0342339
0.0323404
0.0305387
0.0288253
0.0271964
0.0256484
0.024178
0.022782
0.021457
0.0202
0.0190081
0.0178783
0.016808
0.0157945
0.0148351
0.0139274
0.0130691
0.0122578
0.0114913
0.0107675
0.0100844
0.00943989
0.00883223
0.00825954
0.0077201
0.00721223
0.00673433
0.00628487
0.00586237
0.00546542
0.00509268
0.00474287
0.00441474
0.00410712
0.00381888
0.00354896
0.00329634
0.00306002
0.00283909
0.00263266
0.00243989
0.00225998
0.00209216
0.00193572
0.00178996
0.00165424
0.00152795
0.00141048
0.00130131
0.00119989
0.00110573
0.00101837
0.000937366
0.0008623
0.000792779
0.000728434
0.000668915
0.000613894
0.000563064
0.000516133
0.000472831
0.000432901
0.000396103
0.000362215
0.000331024
0.000302335
0.000275964
0.000251739
0.0002295
0.000209096
0.000190389
0.000173249
0.000157554
0.000143191
0.000130057
0.000118054
0.000107092
9.70864e-05
8.79605e-05
7.96423e-05
7.20652e-05
6.51678e-05
5.88933e-05
5.31891e-05
4.80068e-05
4.33019e-05
3.90332e-05
3.51628e-05
3.1656e-05
2.84806e-05
2.56073e-05
2.30091e-05
2.06612e-05
1.85409e-05
1.66275e-05
1.49019e-05
1.33467e-05
1.19461e-05
1.06856e-05
9.55182e-06
8.53281e-06
7.61754e-06
6.79603e-06
6.05915e-06
5.39865e-06
4.807e-06
4.2774e-06
3.80365e-06
3.38015e-06
3.00184e-06
2.66412e-06
2.36284e-06
2.09425e-06
1.85497e-06
1.64196e-06
1.45244e-06
1.28395e-06
1.13426e-06
1.00136e-06
8.83448e-07
7.78905e-07
6.86279e-07
6.04268e-07
5.31705e-07
4.67546e-07
4.10857e-07
3.60802e-07
3.16635e-07
2.77691e-07
2.43375e-07
2.13158e-07
1.86569e-07
1.63188e-07
1.42642e-07
1.24601e-07
1.08769e-07
9.48852e-08
8.27188e-08
7.20645e-08
6.27408e-08
5.4587e-08
4.74613e-08
4.12384e-08
3.58075e-08
3.10712e-08
2.69434e-08
2.33484e-08
2.02197e-08
1.74986e-08
1.51336e-08
1.30795e-08
1.12967e-08
9.75042e-09
8.4102e-09
7.24937e-09
6.24461e-09
5.37553e-09
4.62433e-09
3.97546e-09
3.41537e-09
2.93224e-09
2.51578e-09
2.15703e-09
1.84821e-09
1.58256e-09
1.35419e-09
1.158e-09
9.89583e-10
8.45097e-10
7.21229e-10
6.15108e-10
5.24254e-10
4.46524e-10
3.80067e-10
3.23287e-10
2.74807e-10
2.33443e-10
1.98174e-10
1.68122e-10
1.42533e-10
1.20759e-10
1.02244e-10
8.65105e-11
7.31498e-11
6.18118e-11
5.21967e-11
4.40482e-11
3.71474e-11
3.1307e-11
2.63675e-11
2.21928e-11
1.86667e-11
1.56906e-11
1.31803e-11
1.10644e-11
9.28205e-12
7.78172e-12
6.51962e-12
5.45865e-12
4.56734e-12
3.81908e-12
3.19131e-12
2.66499e-12
2.22402e-12
1.85481e-12
1.54588e-12
1.28756e-12
1.07172e-12
8.91472e-13
7.4106e-13
6.15626e-13
5.11091e-13
4.2403e-13
3.51572e-13
2.91307e-13
2.41215e-13
1.99608e-13
1.65071e-13
1.36421e-13
1.12671e-13
9.2996e-14
7.67069e-14
6.32303e-14
5.20878e-14
4.28812e-14
3.52792e-14
2.90063e-14
2.38334e-14
1.95704e-14
1.60597e-14
1.31703e-14
1.07938e-14
8.84053e-15
7.23607e-15
5.91903e-15
4.83861e-15
3.95288e-15
3.22723e-15
2.63312e-15
2.14701e-15
1.74953e-15
1.42473e-15
1.1595e-15
9.4304e-16
7.66506e-16
6.22625e-16
5.05432e-16
4.10038e-16
3.32439e-16
2.69355e-16
2.18105e-16
1.76495e-16
1.42733e-16
1.15357e-16
9.31734e-17
7.52084e-17
6.06693e-17
4.89102e-17
3.94056e-17
3.17282e-17
2.55306e-17
2.05308e-17
1.64999e-17
1.32521e-17
1.0637e-17
8.53258e-18
6.84028e-18
5.48022e-18
4.38786e-18
3.51106e-18
2.80773e-18
2.2439e-18
1.79219e-18
1.43053e-18
1.14114e-18
9.0974e-19
7.24815e-19
5.77125e-19
4.59246e-19
3.65221e-19
2.90268e-19
2.30556e-19
1.83016e-19
1.4519e-19
1.15111e-19
9.12081e-20
7.22247e-20
5.71575e-20
4.52061e-20
3.5732e-20
2.82263e-20
2.22837e-20
1.75815e-20
1.38632e-20
1.09247e-20
8.60384e-21
6.77194e-21
5.32688e-21
4.18766e-21
3.2901e-21
2.58337e-21
2.02725e-21
1.58989e-21
1.24616e-21
9.76183e-22
7.64268e-22
5.98044e-22
4.67758e-22
3.65729e-22
2.85915e-22
2.23574e-22
1.7499e-22
1.37265e-22
1.08156e-22
8.59464e-23
6.93537e-23
5.74642e-23
4.96907e-23
4.57776e-23
0.988508
0.963481
0.938176
0.913105
0.888428
0.864191
0.84041
0.817076
0.794163
0.771644
0.749493
0.727688
0.706214
0.685059
0.66422
0.643694
0.623484
0.603597
0.58404
0.564821
0.545951
0.527438
0.509292
0.491523
0.474139
0.457148
0.440557
0.424371
0.408594
0.39323
0.378281
0.363748
0.349631
0.335928
0.322638
0.309756
0.29728
0.285204
0.273522
0.262229
0.251317
0.240779
0.230608
0.220796
0.211334
0.202214
0.193427
0.184964
0.176817
0.168977
0.161434
0.154181
0.147208
0.140507
0.134069
0.127886
0.12195
0.116252
0.110785
0.105541
0.100512
0.0956911
0.0910712
0.0866452
0.0824062
0.0783477
0.0744631
0.0707462
0.067191
0.0637914
0.0605417
0.0574365
0.0544702
0.0516377
0.0489338
0.0463537
0.0438925
0.0415456
0.0393086
0.0371771
0.0351468
0.0332138
0.0313741
0.0296239
0.0279594
0.0263773
0.0248739
0.0234459
0.0220903
0.0208037
0.0195834
0.0184262
0.0173296
0.0162907
0.015307
0.014376
0.0134952
0.0126624
0.0118753
0.0111317
0.0104296
0.00976703
0.00914201
0.00855274
0.00799744
0.00747442
0.00698206
0.0065188
0.00608314
0.00567366
0.00528899
0.00492781
0.00458888
0.00427099
0.003973
0.00369382
0.0034324
0.00318775
0.00295893
0.00274502
0.00254518
0.00235857
0.00218443
0.00202202
0.00187063
0.0017296
0.00159829
0.00147612
0.0013625
0.0012569
0.00115882
0.00106778
0.000983312
0.000905001
0.000832438
0.000765244
0.000703058
0.000645543
0.000592381
0.000543273
0.000497939
0.000456113
0.000417549
0.000382015
0.000349293
0.00031918
0.000291486
0.000266032
0.000242652
0.000221191
0.000201504
0.000183456
0.000166921
0.000151782
0.00013793
0.000125265
0.000113691
0.000103122
9.3477e-05
8.46808e-05
7.6664e-05
6.93624e-05
6.27165e-05
5.66715e-05
5.11766e-05
4.61852e-05
4.1654e-05
3.75435e-05
3.38169e-05
3.04408e-05
2.73841e-05
2.46186e-05
2.21181e-05
1.98588e-05
1.78188e-05
1.59781e-05
1.43182e-05
1.28225e-05
1.14755e-05
1.02634e-05
9.1734e-06
8.19381e-06
7.31405e-06
6.5245e-06
5.81638e-06
5.18173e-06
4.61332e-06
4.10457e-06
3.64953e-06
3.24281e-06
2.87953e-06
2.55527e-06
2.26603e-06
2.00821e-06
1.77856e-06
1.57413e-06
1.39227e-06
1.23062e-06
1.08702e-06
9.59539e-07
8.46451e-07
7.46197e-07
6.57383e-07
5.78756e-07
5.09197e-07
4.47701e-07
3.93371e-07
3.45405e-07
3.03087e-07
2.65777e-07
2.32906e-07
2.03965e-07
1.78501e-07
1.56113e-07
1.36442e-07
1.1917e-07
1.04016e-07
9.0728e-08
7.90853e-08
6.88908e-08
5.99705e-08
5.21706e-08
4.53549e-08
3.94034e-08
3.42102e-08
2.96816e-08
2.57353e-08
2.22989e-08
1.93085e-08
1.6708e-08
1.44481e-08
1.24856e-08
1.07825e-08
9.30549e-09
8.02547e-09
6.91693e-09
5.95754e-09
5.1278e-09
4.4107e-09
3.79136e-09
3.25681e-09
2.79578e-09
2.39841e-09
2.05616e-09
1.76158e-09
1.50819e-09
1.2904e-09
1.10333e-09
9.42748e-10
8.05005e-10
6.86932e-10
5.85788e-10
4.99206e-10
4.2514e-10
3.61823e-10
3.07732e-10
2.61554e-10
2.22158e-10
1.88572e-10
1.59957e-10
1.35595e-10
1.14868e-10
9.72444e-11
8.22705e-11
6.95565e-11
5.87685e-11
4.9621e-11
4.18697e-11
3.5306e-11
2.97517e-11
2.50547e-11
2.10853e-11
1.77332e-11
1.49041e-11
1.25182e-11
1.05073e-11
8.81371e-12
7.38822e-12
6.18923e-12
5.18142e-12
4.33488e-12
3.62427e-12
3.02818e-12
2.52847e-12
2.10984e-12
1.75938e-12
1.46618e-12
1.22104e-12
1.01623e-12
8.45218e-13
7.02529e-13
5.83549e-13
4.84405e-13
4.01844e-13
3.33139e-13
2.76002e-13
2.28516e-13
1.89077e-13
1.56344e-13
1.29195e-13
1.06691e-13
8.80495e-14
7.26186e-14
5.98534e-14
4.93004e-14
4.05819e-14
3.33837e-14
2.74447e-14
2.25477e-14
1.85126e-14
1.51899e-14
1.24556e-14
1.0207e-14
8.35891e-15
6.84109e-15
5.5953e-15
4.57346e-15
3.73585e-15
3.0497e-15
2.48799e-15
2.02844e-15
1.65273e-15
1.34575e-15
1.0951e-15
8.90564e-16
7.23773e-16
5.87847e-16
4.77147e-16
3.87049e-16
3.13765e-16
2.54197e-16
2.05808e-16
1.66525e-16
1.34656e-16
1.08817e-16
8.78813e-17
7.09289e-17
5.72108e-17
4.6117e-17
3.71511e-17
2.99096e-17
2.40646e-17
1.93498e-17
1.5549e-17
1.2487e-17
1.00218e-17
8.03824e-18
6.44328e-18
5.1616e-18
4.1323e-18
3.30621e-18
2.64362e-18
2.11252e-18
1.68707e-18
1.34648e-18
1.07398e-18
8.56105e-19
6.82009e-19
5.42983e-19
4.32032e-19
3.43541e-19
2.73008e-19
2.16824e-19
1.72097e-19
1.36513e-19
1.0822e-19
8.5739e-20
6.78866e-20
5.37187e-20
4.24818e-20
3.35751e-20
2.65196e-20
2.09341e-20
1.6515e-20
1.30209e-20
1.02598e-20
8.07936e-21
6.35847e-21
5.00111e-21
3.93115e-21
3.08825e-21
2.42463e-21
1.90248e-21
1.49189e-21
1.16923e-21
9.15824e-22
7.16944e-22
5.60964e-22
4.38723e-22
3.43009e-22
2.68149e-22
2.09693e-22
1.64153e-22
1.28811e-22
1.01563e-22
8.07982e-23
6.53144e-23
5.42504e-23
4.70457e-23
4.34396e-23
0.986002
0.956467
0.928375
0.901333
0.875158
0.849823
0.825271
0.801418
0.77818
0.755484
0.73327
0.711492
0.690113
0.66911
0.648465
0.62817
0.60822
0.588616
0.56936
0.550456
0.531913
0.513736
0.495934
0.478513
0.461481
0.444844
0.428606
0.412773
0.397349
0.382334
0.367732
0.353542
0.339763
0.326393
0.313431
0.300871
0.28871
0.276943
0.265563
0.254565
0.243941
0.233684
0.223786
0.214239
0.205035
0.196165
0.187621
0.179393
0.171474
0.163855
0.156526
0.149479
0.142705
0.136197
0.129945
0.123941
0.118178
0.112646
0.10734
0.10225
0.09737
0.0926923
0.0882101
0.0839163
0.0798045
0.075868
0.0721007
0.0684963
0.065049
0.0617529
0.0586025
0.0555924
0.0527173
0.049972
0.0473516
0.0448514
0.0424666
0.0401929
0.0380257
0.0359609
0.0339944
0.0321222
0.0303405
0.0286457
0.027034
0.0255022
0.0240467
0.0226644
0.0213522
0.020107
0.0189259
0.0178062
0.0167451
0.0157399
0.0147882
0.0138876
0.0130356
0.0122301
0.0114689
0.0107498
0.010071
0.00943032
0.00882607
0.00825643
0.00771969
0.00721419
0.00673837
0.00629071
0.00586976
0.00547415
0.00510253
0.00475365
0.00442628
0.00411927
0.00383151
0.00356193
0.00330954
0.00307335
0.00285247
0.00264601
0.00245313
0.00227306
0.00210503
0.00194833
0.00180228
0.00166624
0.00153959
0.00142176
0.00131219
0.00121038
0.00111581
0.00102804
0.000946626
0.000871148
0.000801218
0.000736468
0.000676551
0.000621141
0.00056993
0.000522629
0.000478967
0.000438689
0.000401556
0.000367345
0.000335844
0.000306858
0.000280203
0.000255708
0.00023321
0.000212561
0.000193622
0.000176261
0.000160357
0.000145798
0.000132478
0.0001203
0.000109173
9.90133e-05
8.97428e-05
8.12891e-05
7.35853e-05
6.65696e-05
6.01847e-05
5.43778e-05
4.90999e-05
4.43061e-05
3.99549e-05
3.6008e-05
3.24303e-05
2.91893e-05
2.62554e-05
2.36012e-05
2.12017e-05
1.90339e-05
1.70767e-05
1.53109e-05
1.37188e-05
1.22843e-05
1.09927e-05
9.83047e-06
8.78543e-06
7.84637e-06
7.00313e-06
6.24643e-06
5.56787e-06
4.95977e-06
4.4152e-06
3.92785e-06
3.49201e-06
3.10249e-06
2.75462e-06
2.44414e-06
2.16724e-06
1.92044e-06
1.70062e-06
1.50498e-06
1.33096e-06
1.17629e-06
1.03891e-06
9.1697e-07
8.08806e-07
7.12929e-07
6.28002e-07
5.52826e-07
4.86327e-07
4.27544e-07
3.75617e-07
3.29778e-07
2.89341e-07
2.53695e-07
2.22292e-07
1.94647e-07
1.70327e-07
1.48947e-07
1.30164e-07
1.13674e-07
9.92067e-08
8.65234e-08
7.54116e-08
6.5683e-08
5.71715e-08
4.97298e-08
4.32281e-08
3.75513e-08
3.25984e-08
2.82799e-08
2.45172e-08
2.1241e-08
1.83903e-08
1.59117e-08
1.37579e-08
1.18878e-08
1.0265e-08
8.85786e-09
7.63853e-09
6.58267e-09
5.66899e-09
4.87888e-09
4.1961e-09
3.60648e-09
3.09764e-09
2.65883e-09
2.28067e-09
1.95499e-09
1.67471e-09
1.43366e-09
1.22649e-09
1.04856e-09
8.95846e-10
7.64868e-10
6.52607e-10
5.56453e-10
4.74153e-10
4.03757e-10
3.43585e-10
2.92187e-10
2.48313e-10
2.10888e-10
1.78985e-10
1.51807e-10
1.28672e-10
1.0899e-10
9.22579e-11
7.8043e-11
6.59747e-11
5.57359e-11
4.7055e-11
3.97001e-11
3.34726e-11
2.82035e-11
2.37482e-11
1.99836e-11
1.68046e-11
1.41221e-11
1.18601e-11
9.95377e-12
8.34842e-12
6.99739e-12
5.86115e-12
4.90621e-12
4.10417e-12
3.43099e-12
2.86636e-12
2.39308e-12
1.99665e-12
1.6648e-12
1.3872e-12
1.15514e-12
9.6127e-13
7.99419e-13
6.64387e-13
5.51805e-13
4.58002e-13
3.79899e-13
3.1491e-13
2.6087e-13
2.15963e-13
1.78671e-13
1.47723e-13
1.22057e-13
1.00785e-13
8.31663e-14
6.85835e-14
5.65213e-14
4.65506e-14
3.83141e-14
3.15147e-14
2.59053e-14
2.12806e-14
1.74704e-14
1.43331e-14
1.17517e-14
9.62908e-15
7.88479e-15
6.45235e-15
5.27677e-15
4.31262e-15
3.52239e-15
2.87513e-15
2.34531e-15
1.91191e-15
1.55761e-15
1.26816e-15
1.03185e-15
8.39034e-16
6.81819e-16
5.53712e-16
4.49391e-16
3.64494e-16
2.95449e-16
2.39331e-16
1.93751e-16
1.56753e-16
1.2674e-16
1.02409e-16
8.2697e-17
6.67375e-17
5.38242e-17
4.33823e-17
3.49444e-17
2.813e-17
2.26303e-17
1.81946e-17
1.46191e-17
1.1739e-17
9.42041e-18
7.55508e-18
6.05534e-18
4.8503e-18
3.88266e-18
3.10614e-18
2.48339e-18
1.98427e-18
1.58448e-18
1.26446e-18
1.00846e-18
8.03787e-19
6.40263e-19
5.09692e-19
4.05501e-19
3.2241e-19
2.56189e-19
2.03444e-19
1.6146e-19
1.28062e-19
1.0151e-19
8.04143e-20
6.3664e-20
5.03721e-20
3.98311e-20
3.14768e-20
2.48597e-20
1.96217e-20
1.5478e-20
1.2202e-20
9.61361e-21
7.5697e-21
5.95675e-21
4.68466e-21
3.68202e-21
2.89224e-21
2.2705e-21
1.78136e-21
1.39677e-21
1.09457e-21
8.57264e-22
6.71039e-22
5.25001e-22
4.10567e-22
3.20979e-22
2.50926e-22
1.96237e-22
1.53648e-22
1.20615e-22
9.51677e-23
7.58017e-23
6.13901e-23
5.11236e-23
4.44679e-23
4.11577e-23
0.981569
0.945855
0.915187
0.886464
0.859059
0.832918
0.807876
0.783751
0.760396
0.737695
0.71556
0.693924
0.67274
0.65197
0.631592
0.611589
0.591953
0.57268
0.553769
0.535222
0.517043
0.499238
0.481813
0.464772
0.448121
0.431866
0.416011
0.400558
0.385511
0.370872
0.35664
0.342816
0.329397
0.316383
0.303768
0.291551
0.279725
0.268285
0.257225
0.246539
0.236219
0.226258
0.216649
0.207382
0.19845
0.189844
0.181556
0.173577
0.165898
0.158511
0.151407
0.144577
0.138013
0.131707
0.12565
0.119835
0.114252
0.108896
0.103758
0.0988302
0.0941061
0.0895784
0.0852403
0.0810851
0.0771063
0.0732976
0.0696529
0.0661661
0.0628316
0.0596437
0.0565969
0.0536861
0.050906
0.0482517
0.0457184
0.0433014
0.0409962
0.0387985
0.036704
0.0347086
0.0328083
0.0309993
0.0292779
0.0276405
0.0260836
0.0246039
0.0231981
0.0218631
0.0205958
0.0193934
0.018253
0.0171718
0.0161474
0.015177
0.0142583
0.013389
0.0125667
0.0117894
0.0110548
0.0103609
0.00970588
0.0090878
0.00850487
0.00795537
0.00743764
0.00695009
0.00649119
0.0060595
0.00565359
0.00527214
0.00491386
0.00457753
0.00426196
0.00396603
0.00368869
0.00342889
0.00318567
0.00295809
0.00274527
0.00254636
0.00236056
0.0021871
0.00202526
0.00187435
0.0017337
0.0016027
0.00148076
0.00136732
0.00126184
0.00116383
0.00107282
0.000988347
0.000909996
0.000837367
0.000770083
0.000707789
0.000650149
0.00059685
0.000547594
0.000502103
0.000460116
0.000421386
0.000385684
0.000352794
0.000322513
0.000294651
0.000269033
0.000245492
0.000223873
0.000204033
0.000185836
0.000169158
0.000153881
0.000139897
0.000127105
0.00011541
0.000104726
9.49716e-05
8.60716e-05
7.79566e-05
7.05622e-05
6.38288e-05
5.77015e-05
5.21293e-05
4.70653e-05
4.24662e-05
3.82921e-05
3.45062e-05
3.10748e-05
2.79667e-05
2.51533e-05
2.26084e-05
2.0308e-05
1.82298e-05
1.63538e-05
1.46613e-05
1.31355e-05
1.17609e-05
1.05233e-05
9.40984e-06
8.40871e-06
7.50921e-06
6.70156e-06
5.97688e-06
5.32708e-06
4.74483e-06
4.22346e-06
3.75691e-06
3.33972e-06
2.9669e-06
2.63398e-06
2.33687e-06
2.07192e-06
1.8358e-06
1.62552e-06
1.43837e-06
1.27194e-06
1.12402e-06
9.92646e-07
8.76049e-07
7.72637e-07
6.80981e-07
5.99802e-07
5.2795e-07
4.64399e-07
4.08226e-07
3.58611e-07
3.14816e-07
2.76187e-07
2.42137e-07
2.12145e-07
1.85744e-07
1.6252e-07
1.42106e-07
1.24173e-07
1.08432e-07
9.46226e-08
8.25173e-08
7.19129e-08
6.26296e-08
5.45084e-08
4.74087e-08
4.12064e-08
3.57917e-08
3.10678e-08
2.69494e-08
2.33614e-08
2.02377e-08
1.75199e-08
1.51571e-08
1.31042e-08
1.13218e-08
9.77534e-09
8.4345e-09
7.27274e-09
6.26682e-09
5.39645e-09
4.64387e-09
3.99359e-09
3.43208e-09
2.94757e-09
2.52977e-09
2.16975e-09
1.85973e-09
1.59295e-09
1.36353e-09
1.16638e-09
9.97071e-10
8.51775e-10
7.27169e-10
6.2038e-10
5.28923e-10
4.5065e-10
3.83706e-10
3.2649e-10
2.77622e-10
2.35912e-10
2.00336e-10
1.70013e-10
1.44184e-10
1.22198e-10
1.03496e-10
8.75991e-11
7.40948e-11
6.26309e-11
5.29059e-11
4.46614e-11
3.76769e-11
3.17637e-11
2.6761e-11
2.25314e-11
1.89578e-11
1.59405e-11
1.33946e-11
1.1248e-11
9.43916e-12
7.91603e-12
6.63433e-12
5.55651e-12
4.65075e-12
3.89009e-12
3.25171e-12
2.71632e-12
2.2676e-12
1.89177e-12
1.5772e-12
1.31408e-12
1.09414e-12
9.10423e-13
7.5706e-13
6.29122e-13
5.22465e-13
4.33608e-13
3.5963e-13
2.9808e-13
2.46904e-13
2.04382e-13
1.69074e-13
1.39775e-13
1.15478e-13
9.53434e-14
7.86686e-14
6.48683e-14
5.34544e-14
4.40204e-14
3.62282e-14
2.97961e-14
2.44902e-14
2.01163e-14
1.65129e-14
1.35463e-14
1.11056e-14
9.09876e-15
7.44982e-15
6.09582e-15
4.98473e-15
4.07355e-15
3.32681e-15
2.71523e-15
2.21467e-15
1.80524e-15
1.47057e-15
1.19718e-15
9.73999e-16
7.91922e-16
6.43474e-16
5.22522e-16
4.24037e-16
3.43897e-16
2.78727e-16
2.25765e-16
1.82751e-16
1.4784e-16
1.19522e-16
9.65677e-17
7.79728e-17
6.29191e-17
5.07399e-17
4.08926e-17
3.29358e-17
2.65106e-17
2.13256e-17
1.7144e-17
1.37737e-17
1.10591e-17
8.87397e-18
7.11618e-18
5.70304e-18
4.56768e-18
3.65609e-18
2.92462e-18
2.33804e-18
1.86796e-18
1.49147e-18
1.19013e-18
9.49082e-19
7.56394e-19
6.02455e-19
4.79551e-19
3.81486e-19
3.03288e-19
2.40972e-19
1.91343e-19
1.51842e-19
1.20422e-19
9.54459e-20
7.56036e-20
5.98499e-20
4.735e-20
3.7438e-20
2.95829e-20
2.33618e-20
1.84378e-20
1.45428e-20
1.14637e-20
9.03111e-21
7.1104e-21
5.59481e-21
4.39962e-21
3.45768e-21
2.71577e-21
2.13178e-21
1.67237e-21
1.3112e-21
1.02742e-21
8.04606e-22
6.29769e-22
4.92676e-22
3.85264e-22
3.01186e-22
2.35452e-22
1.84147e-22
1.44207e-22
1.13244e-22
8.94114e-23
7.12964e-23
5.78419e-23
4.82856e-23
4.21177e-23
3.90701e-23
0.97694
0.931908
0.89844
0.868279
0.840104
0.813638
0.788517
0.764449
0.741233
0.718728
0.69683
0.675463
0.654574
0.634121
0.614078
0.594426
0.575153
0.556254
0.537725
0.519568
0.501785
0.484379
0.467355
0.450716
0.434469
0.418616
0.40316
0.388105
0.373452
0.359202
0.345355
0.33191
0.318865
0.306216
0.293962
0.282096
0.270614
0.259511
0.24878
0.238414
0.228406
0.218749
0.209435
0.200455
0.191801
0.183465
0.175438
0.167712
0.160278
0.153127
0.146252
0.139643
0.133292
0.127192
0.121334
0.11571
0.110312
0.105133
0.100166
0.0954024
0.0908363
0.0864606
0.0822685
0.0782535
0.0744093
0.0707298
0.067209
0.0638411
0.0606205
0.0575417
0.0545995
0.0517887
0.0491043
0.0465417
0.044096
0.0417627
0.0395375
0.0374162
0.0353946
0.0334688
0.0316349
0.0298892
0.0282282
0.0266483
0.0251461
0.0237185
0.0223622
0.0210744
0.0198519
0.0186921
0.0175921
0.0165493
0.0155613
0.0146255
0.0137396
0.0129013
0.0121084
0.0113589
0.0106506
0.00998166
0.00935018
0.00875434
0.00819242
0.00766275
0.00716373
0.00669382
0.00625155
0.00583552
0.00544436
0.00507679
0.00473156
0.00440749
0.00410344
0.00381834
0.00355115
0.00330088
0.00306659
0.00284738
0.00264239
0.00245082
0.00227188
0.00210483
0.00194898
0.00180366
0.00166823
0.0015421
0.0014247
0.00131549
0.00121395
0.0011196
0.00103199
0.000950684
0.000875274
0.000805374
0.000740622
0.000680675
0.000625211
0.000573925
0.000526533
0.000482767
0.000442373
0.000405115
0.000370772
0.000339135
0.000310009
0.000283213
0.000258575
0.000235936
0.000215147
0.000196069
0.000178573
0.000162538
0.000147851
0.000134407
0.00012211
0.000110869
0.0001006
9.12244e-05
8.26709e-05
7.48723e-05
6.77666e-05
6.12966e-05
5.54092e-05
5.00555e-05
4.51904e-05
4.07722e-05
3.67625e-05
3.3126e-05
2.98302e-05
2.6845e-05
2.41431e-05
2.16992e-05
1.94901e-05
1.74946e-05
1.56933e-05
1.40684e-05
1.26036e-05
1.1284e-05
1.0096e-05
9.02721e-06
8.06632e-06
7.20302e-06
6.42793e-06
5.73251e-06
5.10898e-06
4.5503e-06
4.05007e-06
3.60246e-06
3.20223e-06
2.8446e-06
2.52525e-06
2.24028e-06
1.98616e-06
1.75971e-06
1.55805e-06
1.37859e-06
1.219e-06
1.07717e-06
9.5122e-07
8.39439e-07
7.40305e-07
6.52446e-07
5.74634e-07
5.05767e-07
4.44859e-07
3.91027e-07
3.43481e-07
3.01517e-07
2.64504e-07
2.31881e-07
2.03146e-07
1.77854e-07
1.55608e-07
1.36054e-07
1.18878e-07
1.03801e-07
9.05765e-08
7.89842e-08
6.88297e-08
5.99408e-08
5.21651e-08
4.5368e-08
3.94302e-08
3.42468e-08
2.9725e-08
2.57831e-08
2.23491e-08
1.93595e-08
1.67587e-08
1.44977e-08
1.25333e-08
1.08279e-08
9.34837e-09
8.06561e-09
6.95424e-09
5.99202e-09
5.1595e-09
4.4397e-09
3.81778e-09
3.2808e-09
2.81747e-09
2.41796e-09
2.07373e-09
1.77732e-09
1.52227e-09
1.30295e-09
1.11449e-09
9.52662e-10
8.13788e-10
6.94697e-10
5.92641e-10
5.05243e-10
4.30449e-10
3.66483e-10
3.11817e-10
2.65129e-10
2.25283e-10
1.91298e-10
1.62333e-10
1.37663e-10
1.16664e-10
9.88037e-11
8.36222e-11
7.07267e-11
5.97804e-11
5.04949e-11
4.26236e-11
3.59556e-11
3.03108e-11
2.55354e-11
2.14982e-11
1.80874e-11
1.52077e-11
1.27781e-11
1.07296e-11
9.00362e-12
7.55032e-12
6.32746e-12
5.29918e-12
4.4351e-12
3.70949e-12
3.10056e-12
2.5899e-12
2.16194e-12
1.80351e-12
1.50353e-12
1.25263e-12
1.04291e-12
8.67744e-13
7.21527e-13
5.99559e-13
4.97884e-13
4.13184e-13
3.4267e-13
2.84006e-13
2.35232e-13
1.94709e-13
1.61062e-13
1.33143e-13
1.09993e-13
9.08094e-14
7.49232e-14
6.17762e-14
5.09034e-14
4.19172e-14
3.44952e-14
2.83691e-14
2.3316e-14
1.91506e-14
1.57193e-14
1.28945e-14
1.05706e-14
8.65997e-15
7.09014e-15
5.80118e-15
4.74351e-15
3.8762e-15
3.16546e-15
2.58339e-15
2.10701e-15
1.71738e-15
1.39892e-15
1.13878e-15
9.26434e-16
7.53205e-16
6.11979e-16
4.96919e-16
4.03236e-16
3.27009e-16
2.65024e-16
2.14653e-16
1.73746e-16
1.40547e-16
1.13619e-16
9.17935e-17
7.41137e-17
5.98015e-17
4.8223e-17
3.8862e-17
3.12985e-17
2.51913e-17
2.02631e-17
1.62889e-17
1.3086e-17
1.05063e-17
8.42994e-18
6.75972e-18
5.41705e-18
4.33839e-18
3.47236e-18
2.77748e-18
2.22029e-18
1.77378e-18
1.41619e-18
1.13e-18
9.01081e-19
7.18097e-19
5.7192e-19
4.5522e-19
3.6211e-19
2.87868e-19
2.28707e-19
1.81594e-19
1.44098e-19
1.14274e-19
9.05675e-20
7.17354e-20
5.67845e-20
4.49223e-20
3.55165e-20
2.80631e-20
2.21603e-20
1.74886e-20
1.37934e-20
1.08723e-20
8.56474e-21
6.74284e-21
5.3053e-21
4.17173e-21
3.27839e-21
2.57481e-21
2.02102e-21
1.5854e-21
1.24294e-21
9.73884e-22
7.62639e-22
5.96892e-22
4.66935e-22
3.65121e-22
2.85432e-22
2.23137e-22
1.74524e-22
1.36687e-22
1.07365e-22
8.48075e-23
6.76762e-23
5.49694e-23
4.59632e-23
4.01692e-23
3.73205e-23
)
;

boundaryField
{
    frontAndBack
    {
        type            empty;
    }
    inlet
    {
        type            uniformFixedValue;
        uniformValue    
        {
            type            table;
            values          
4
(
(0 0)
(0.05 1)
(0.1 1)
(0.15 0)
)
;
        }
        value           uniform 1;
    }
    outlet
    {
        type            zeroGradient;
    }
    substrate
    {
        type            firstorder;
        value           nonuniform List<scalar> 
400
(
0.965739
0.920903
0.887583
0.85757
0.829546
0.803235
0.778273
0.754368
0.73132
0.708987
0.687266
0.666082
0.645378
0.625116
0.605266
0.585811
0.566738
0.548041
0.529717
0.511765
0.494189
0.47699
0.460173
0.443742
0.427701
0.412053
0.396801
0.381947
0.367494
0.35344
0.339787
0.326532
0.313674
0.301209
0.289134
0.277445
0.266135
0.2552
0.244633
0.234426
0.224574
0.215067
0.205899
0.197061
0.188545
0.180343
0.172446
0.164845
0.157532
0.150499
0.143736
0.137237
0.130992
0.124993
0.119233
0.113703
0.108396
0.103304
0.0984212
0.0937389
0.0892506
0.0849496
0.0808292
0.0768831
0.073105
0.0694888
0.0660287
0.062719
0.0595542
0.0565288
0.0536377
0.0508758
0.0482382
0.0457202
0.0433172
0.0410248
0.0388386
0.0367544
0.0347683
0.0328763
0.0310746
0.0293596
0.0277278
0.0261757
0.0247
0.0232975
0.0219652
0.0207001
0.0194992
0.0183599
0.0172793
0.016255
0.0152845
0.0143653
0.013495
0.0126716
0.0118928
0.0111565
0.0104608
0.00980379
0.00918352
0.00859827
0.00804633
0.00752607
0.00703592
0.00657437
0.00613997
0.00573133
0.00534714
0.00498611
0.00464702
0.00432873
0.0040301
0.00375008
0.00348765
0.00324184
0.00301173
0.00279643
0.0025951
0.00240694
0.00223119
0.00206713
0.00191406
0.00177134
0.00163833
0.00151446
0.00139915
0.00129189
0.00119217
0.00109951
0.00101346
0.000933614
0.000859553
0.000790905
0.000727313
0.00066844
0.000613969
0.000563603
0.000517061
0.000474079
0.00043441
0.00039782
0.000364094
0.000333025
0.000304422
0.000278107
0.000253912
0.00023168
0.000211264
0.00019253
0.000175349
0.000159602
0.000145179
0.000131978
0.000119902
0.000108864
9.87794e-05
8.95732e-05
8.1174e-05
7.35161e-05
6.65387e-05
6.01855e-05
5.44045e-05
4.91475e-05
4.43703e-05
4.0032e-05
3.60949e-05
3.25242e-05
2.9288e-05
2.63569e-05
2.37039e-05
2.13043e-05
1.91352e-05
1.7176e-05
1.54074e-05
1.3812e-05
1.23737e-05
1.10781e-05
9.9117e-06
8.86235e-06
7.91894e-06
7.07136e-06
6.31038e-06
5.62762e-06
5.01546e-06
4.46697e-06
3.97585e-06
3.53642e-06
3.1435e-06
2.7924e-06
2.47888e-06
2.19912e-06
1.94965e-06
1.72735e-06
1.52938e-06
1.35321e-06
1.19655e-06
1.05732e-06
9.3368e-07
8.23952e-07
7.26639e-07
6.40395e-07
5.64014e-07
4.96415e-07
4.36628e-07
3.83788e-07
3.37118e-07
2.95928e-07
2.59598e-07
2.27577e-07
1.99374e-07
1.74549e-07
1.52715e-07
1.33522e-07
1.16665e-07
1.01867e-07
8.8888e-08
7.75107e-08
6.75448e-08
5.88211e-08
5.119e-08
4.45193e-08
3.86922e-08
3.36053e-08
2.91679e-08
2.52995e-08
2.19296e-08
1.89959e-08
1.64437e-08
1.42249e-08
1.22974e-08
1.06239e-08
9.17211e-09
7.91342e-09
6.82292e-09
5.87878e-09
5.06192e-09
4.35567e-09
3.74546e-09
3.2186e-09
2.76401e-09
2.37205e-09
2.03432e-09
1.74352e-09
1.49329e-09
1.27813e-09
1.09324e-09
9.34481e-10
7.98244e-10
6.81417e-10
5.81302e-10
4.95568e-10
4.22198e-10
3.59453e-10
3.0583e-10
2.60034e-10
2.20949e-10
1.87615e-10
1.59205e-10
1.35007e-10
1.14412e-10
9.68942e-11
8.20046e-11
6.93572e-11
5.86217e-11
4.95153e-11
4.17959e-11
3.52567e-11
2.9721e-11
2.5038e-11
2.1079e-11
1.77344e-11
1.49106e-11
1.25282e-11
1.05196e-11
8.82718e-12
7.40221e-12
6.2032e-12
5.195e-12
4.34782e-12
3.63641e-12
3.03942e-12
2.53877e-12
2.11921e-12
1.76783e-12
1.47375e-12
1.22778e-12
1.02221e-12
8.50497e-13
7.0717e-13
5.87615e-13
4.87954e-13
4.04933e-13
3.3582e-13
2.78322e-13
2.30519e-13
1.90803e-13
1.57827e-13
1.30466e-13
1.07778e-13
8.89788e-14
7.34109e-14
6.05278e-14
4.98734e-14
4.1068e-14
3.37955e-14
2.77929e-14
2.28418e-14
1.87607e-14
1.53988e-14
1.26313e-14
1.03545e-14
8.48272e-15
6.94483e-15
5.68213e-15
4.64604e-15
3.79644e-15
3.10023e-15
2.53009e-15
2.06348e-15
1.68185e-15
1.36994e-15
1.11516e-15
9.07189e-16
7.37536e-16
5.9923e-16
4.86552e-16
3.94812e-16
3.20168e-16
2.59472e-16
2.1015e-16
1.70096e-16
1.37589e-16
1.11225e-16
8.98564e-17
7.25474e-17
5.85359e-17
4.72009e-17
3.8037e-17
3.06331e-17
2.46549e-17
1.9831e-17
1.5941e-17
1.28061e-17
1.02812e-17
8.24907e-18
6.61446e-18
5.30047e-18
4.24487e-18
3.39739e-18
2.71742e-18
2.17221e-18
1.73531e-18
1.38542e-18
1.10541e-18
8.8144e-19
7.0242e-19
5.59414e-19
4.45249e-19
3.54165e-19
2.81542e-19
2.23673e-19
1.7759e-19
1.40915e-19
1.11746e-19
8.85606e-20
7.01431e-20
5.55219e-20
4.39218e-20
3.47241e-20
2.74359e-20
2.16642e-20
1.70964e-20
1.34835e-20
1.06277e-20
8.37166e-21
6.59056e-21
5.18528e-21
4.07718e-21
3.20396e-21
2.51625e-21
1.97497e-21
1.54921e-21
1.21452e-21
9.51574e-22
7.45137e-22
5.83168e-22
4.56179e-22
3.56696e-22
2.78834e-22
2.17969e-22
1.70474e-22
1.3351e-22
1.04866e-22
8.28299e-23
6.60955e-23
5.36839e-23
4.489e-23
3.9241e-23
3.64655e-23
)
;
    }
    Wall
    {
        type            firstorder;
        value           nonuniform List<scalar> 
400
(
0.96574
0.920905
0.887585
0.857572
0.829548
0.803236
0.778274
0.754369
0.731321
0.708989
0.687268
0.666085
0.645382
0.62512
0.605271
0.585817
0.566745
0.548049
0.529725
0.511775
0.494199
0.477001
0.460184
0.443754
0.427713
0.412066
0.396814
0.381961
0.367507
0.353454
0.339801
0.326546
0.313688
0.301223
0.289149
0.277459
0.266149
0.255214
0.244646
0.23444
0.224587
0.21508
0.205912
0.197074
0.188558
0.180355
0.172457
0.164856
0.157543
0.150509
0.143747
0.137247
0.131001
0.125002
0.119242
0.113712
0.108405
0.103313
0.0984294
0.0937468
0.0892583
0.084957
0.0808364
0.07689
0.0731117
0.0694953
0.066035
0.0627251
0.05956
0.0565344
0.0536431
0.050881
0.0482433
0.0457251
0.0433219
0.0410293
0.0388429
0.0367586
0.0347723
0.0328801
0.0310783
0.0293631
0.0277312
0.0261789
0.0247031
0.0233005
0.0219681
0.0207028
0.0195019
0.0183624
0.0172818
0.0162574
0.0152867
0.0143674
0.0134971
0.0126735
0.0118946
0.0111583
0.0104625
0.00980538
0.00918504
0.00859971
0.00804771
0.00752738
0.00703717
0.00657555
0.00614109
0.0057324
0.00534815
0.00498707
0.00464794
0.00432959
0.00403092
0.00375086
0.00348838
0.00324254
0.00301238
0.00279705
0.00259568
0.00240749
0.00223171
0.00206762
0.00191453
0.00177177
0.00163874
0.00151484
0.00139951
0.00129223
0.00119248
0.00109981
0.00101374
0.000933876
0.000859799
0.000791135
0.000727528
0.00066864
0.000614157
0.000563778
0.000517224
0.000474231
0.000434551
0.000397952
0.000364216
0.000333138
0.000304528
0.000278205
0.000254003
0.000231764
0.000211343
0.000192602
0.000175416
0.000159664
0.000145236
0.000132031
0.000119951
0.000108909
9.88209e-05
8.96114e-05
8.12091e-05
7.35484e-05
6.65684e-05
6.02128e-05
5.44295e-05
4.91705e-05
4.43914e-05
4.00513e-05
3.61125e-05
3.25403e-05
2.93027e-05
2.63703e-05
2.37162e-05
2.13155e-05
1.91455e-05
1.71853e-05
1.54159e-05
1.38197e-05
1.23808e-05
1.10845e-05
9.91748e-06
8.86759e-06
7.9237e-06
7.07566e-06
6.31428e-06
5.63115e-06
5.01865e-06
4.46984e-06
3.97845e-06
3.53877e-06
3.14561e-06
2.7943e-06
2.4806e-06
2.20066e-06
1.95104e-06
1.72859e-06
1.5305e-06
1.35422e-06
1.19745e-06
1.05813e-06
9.34401e-07
8.24596e-07
7.27215e-07
6.4091e-07
5.64474e-07
4.96825e-07
4.36994e-07
3.84113e-07
3.37408e-07
2.96186e-07
2.59827e-07
2.27781e-07
1.99554e-07
1.7471e-07
1.52857e-07
1.33648e-07
1.16776e-07
1.01966e-07
8.8975e-08
7.75876e-08
6.76126e-08
5.88809e-08
5.12428e-08
4.45658e-08
3.8733e-08
3.36413e-08
2.91995e-08
2.53272e-08
2.19539e-08
1.90172e-08
1.64624e-08
1.42413e-08
1.23117e-08
1.06365e-08
9.18308e-09
7.923e-09
6.83128e-09
5.88607e-09
5.06827e-09
4.3612e-09
3.75027e-09
3.22279e-09
2.76765e-09
2.37521e-09
2.03706e-09
1.7459e-09
1.49535e-09
1.27992e-09
1.09479e-09
9.35817e-10
7.99399e-10
6.82414e-10
5.82162e-10
4.9631e-10
4.22837e-10
3.60003e-10
3.06303e-10
2.60441e-10
2.21299e-10
1.87916e-10
1.59463e-10
1.35229e-10
1.14601e-10
9.70567e-11
8.21436e-11
6.94761e-11
5.87233e-11
4.96021e-11
4.18699e-11
3.53199e-11
2.97749e-11
2.50839e-11
2.1118e-11
1.77675e-11
1.49388e-11
1.25522e-11
1.05399e-11
8.84442e-12
7.41682e-12
6.21558e-12
5.20548e-12
4.35668e-12
3.6439e-12
3.04574e-12
2.54411e-12
2.12371e-12
1.77162e-12
1.47694e-12
1.23048e-12
1.02447e-12
8.52401e-13
7.0877e-13
5.88958e-13
4.89081e-13
4.05878e-13
3.36611e-13
2.78984e-13
2.31073e-13
1.91266e-13
1.58214e-13
1.30789e-13
1.08048e-13
8.92038e-14
7.35984e-14
6.06839e-14
5.00033e-14
4.11761e-14
3.38853e-14
2.78675e-14
2.29037e-14
1.8812e-14
1.54414e-14
1.26665e-14
1.03837e-14
8.50685e-15
6.96478e-15
5.6986e-15
4.65964e-15
3.80766e-15
3.10949e-15
2.53771e-15
2.06975e-15
1.68702e-15
1.37418e-15
1.11865e-15
9.10053e-16
7.39887e-16
6.01158e-16
4.88132e-16
3.96106e-16
3.21227e-16
2.60338e-16
2.10858e-16
1.70674e-16
1.38062e-16
1.1161e-16
9.01704e-17
7.28032e-17
5.87442e-17
4.73704e-17
3.81748e-17
3.07451e-17
2.47459e-17
1.99048e-17
1.60009e-17
1.28546e-17
1.03205e-17
8.28088e-18
6.64019e-18
5.32127e-18
4.26168e-18
3.41096e-18
2.72837e-18
2.18103e-18
1.74242e-18
1.39115e-18
1.11002e-18
8.85148e-19
7.054e-19
5.61808e-19
4.47171e-19
3.55707e-19
2.82778e-19
2.24663e-19
1.78383e-19
1.4155e-19
1.12253e-19
8.89662e-20
7.0467e-20
5.57804e-20
4.4128e-20
3.48885e-20
2.75669e-20
2.17685e-20
1.71794e-20
1.35495e-20
1.06801e-20
8.4133e-21
6.62361e-21
5.21149e-21
4.09796e-21
3.22043e-21
2.52929e-21
1.98529e-21
1.55737e-21
1.22096e-21
9.56665e-22
7.49155e-22
5.86338e-22
4.58679e-22
3.58665e-22
2.80386e-22
2.19192e-22
1.71438e-22
1.3427e-22
1.05467e-22
8.3308e-23
6.64796e-23
5.39975e-23
4.51505e-23
3.94589e-23
3.66606e-23
)
;
    }
}


// ************************************************************************* //
