/*--------------------------------*- C++ -*----------------------------------*\
  =========                 |
  \\      /  F ield         | OpenFOAM: The Open Source CFD Toolbox
   \\    /   O peration     | Website:  https://openfoam.org
    \\  /    A nd           | Version:  dev
     \\/     M anipulation  |
\*---------------------------------------------------------------------------*/
FoamFile
{
    format      ascii;
    class       volScalarField;
    location    "0.12";
    object      N1;
}
// * * * * * * * * * * * * * * * * * * * * * * * * * * * * * * * * * * * * * //

dimensions      [0 0 0 0 0 0 0];

internalField   nonuniform List<scalar> 
8000
(
0.600328
0.597482
0.599103
0.600885
0.602299
0.603414
0.604163
0.604477
0.604322
0.60368
0.602542
0.600908
0.598786
0.596183
0.593114
0.589591
0.585632
0.581252
0.57647
0.571304
0.565774
0.559901
0.553704
0.547203
0.54042
0.533375
0.526089
0.518582
0.510875
0.502987
0.494939
0.486749
0.478436
0.470019
0.461514
0.45294
0.444312
0.435646
0.426957
0.41826
0.409567
0.400892
0.392247
0.383643
0.37509
0.366598
0.358177
0.349835
0.341579
0.333416
0.325353
0.317396
0.309549
0.301817
0.294204
0.286713
0.279347
0.27211
0.265002
0.258025
0.251181
0.24447
0.237893
0.23145
0.225142
0.218967
0.212925
0.207015
0.201237
0.195589
0.19007
0.184679
0.179414
0.174273
0.169255
0.164358
0.159579
0.154918
0.150372
0.145938
0.141616
0.137403
0.133297
0.129295
0.125396
0.121598
0.117899
0.114296
0.110788
0.107372
0.104047
0.10081
0.0976606
0.0945955
0.0916133
0.088712
0.0858899
0.0831451
0.080476
0.0778806
0.0753575
0.0729047
0.0705208
0.0682041
0.065953
0.063766
0.0616415
0.059578
0.0575741
0.0556283
0.0537392
0.0519055
0.0501258
0.0483987
0.046723
0.0450974
0.0435207
0.0419916
0.0405089
0.0390714
0.0376781
0.0363278
0.0350194
0.0337517
0.0325238
0.0313347
0.0301832
0.0290685
0.0279895
0.0269453
0.025935
0.0249576
0.0240123
0.0230982
0.0222144
0.0213601
0.0205345
0.0197368
0.0189661
0.0182218
0.0175031
0.0168092
0.0161394
0.015493
0.0148694
0.0142679
0.0136877
0.0131284
0.0125891
0.0120694
0.0115687
0.0110863
0.0106217
0.0101743
0.00974367
0.00932915
0.00893029
0.00854657
0.0081775
0.00782261
0.00748144
0.00715353
0.00683843
0.00653573
0.00624499
0.00596582
0.00569782
0.0054406
0.00519378
0.00495701
0.00472993
0.0045122
0.00430348
0.00410345
0.00391179
0.0037282
0.00355238
0.00338404
0.00322291
0.00306871
0.00292119
0.00278009
0.00264516
0.00251617
0.00239289
0.00227508
0.00216255
0.00205508
0.00195246
0.00185451
0.00176104
0.00167186
0.0015868
0.00150569
0.00142836
0.00135466
0.00128444
0.00121755
0.00115385
0.0010932
0.00103548
0.000980545
0.000928288
0.000878588
0.000831332
0.000786412
0.000743725
0.00070317
0.000664651
0.000628075
0.000593355
0.000560405
0.000529144
0.000499492
0.000471375
0.000444721
0.00041946
0.000395527
0.000372857
0.000351391
0.00033107
0.000311839
0.000293643
0.000276433
0.000260159
0.000244774
0.000230236
0.0002165
0.000203526
0.000191276
0.000179712
0.0001688
0.000158505
0.000148795
0.000139641
0.000131011
0.00012288
0.00011522
0.000108007
0.000101215
9.48231e-05
8.88088e-05
8.31516e-05
7.78319e-05
7.28311e-05
6.81315e-05
6.37163e-05
5.95695e-05
5.5676e-05
5.20215e-05
4.85924e-05
4.53756e-05
4.23591e-05
3.95312e-05
3.68809e-05
3.43979e-05
3.20724e-05
2.98949e-05
2.78568e-05
2.59497e-05
2.41658e-05
2.24976e-05
2.09381e-05
1.94807e-05
1.81192e-05
1.68476e-05
1.56603e-05
1.45522e-05
1.35183e-05
1.2554e-05
1.16548e-05
1.08166e-05
1.00355e-05
9.3079e-06
8.63034e-06
7.99957e-06
7.41255e-06
6.86643e-06
6.35853e-06
5.88633e-06
5.44745e-06
5.03969e-06
4.66096e-06
4.30931e-06
3.98291e-06
3.68005e-06
3.39913e-06
3.13864e-06
2.89718e-06
2.67343e-06
2.46615e-06
2.27422e-06
2.09654e-06
1.93211e-06
1.78e-06
1.63933e-06
1.50928e-06
1.38909e-06
1.27806e-06
1.17552e-06
1.08085e-06
9.93473e-07
9.12862e-07
8.38515e-07
7.6997e-07
7.06794e-07
6.48588e-07
5.94978e-07
5.45618e-07
5.00187e-07
4.58386e-07
4.1994e-07
3.84589e-07
3.52098e-07
3.22243e-07
2.94822e-07
2.69644e-07
2.46533e-07
2.25328e-07
2.05878e-07
1.88044e-07
1.71696e-07
1.56718e-07
1.42998e-07
1.30435e-07
1.18935e-07
1.08413e-07
9.87889e-08
8.99884e-08
8.19441e-08
7.45937e-08
6.78797e-08
6.1749e-08
5.6153e-08
5.10468e-08
4.63892e-08
4.21423e-08
3.82711e-08
3.47437e-08
3.15307e-08
2.8605e-08
2.5942e-08
2.35189e-08
2.13148e-08
1.93107e-08
1.74891e-08
1.58338e-08
1.43304e-08
1.29652e-08
1.17261e-08
1.06018e-08
9.58194e-09
8.65726e-09
7.81913e-09
7.05972e-09
6.37187e-09
5.74907e-09
5.18535e-09
4.67531e-09
4.21398e-09
3.79686e-09
3.41986e-09
3.07923e-09
2.77157e-09
2.49379e-09
2.24308e-09
2.01688e-09
1.81287e-09
1.62893e-09
1.46315e-09
1.3138e-09
1.17928e-09
1.05818e-09
9.49191e-10
8.51142e-10
7.62968e-10
6.83705e-10
6.12482e-10
5.48508e-10
4.91073e-10
4.39533e-10
3.93306e-10
3.51871e-10
3.14757e-10
2.8154e-10
2.51841e-10
2.25322e-10
2.01681e-10
1.80652e-10
1.61998e-10
1.45517e-10
1.31033e-10
1.184e-10
1.07496e-10
9.82298e-11
9.05341e-11
8.43683e-11
7.97167e-11
7.65868e-11
7.50045e-11
0.600665
0.601668
0.604357
0.606876
0.60887
0.610414
0.611507
0.612122
0.612241
0.61186
0.610966
0.609563
0.60766
0.605264
0.60239
0.599051
0.595262
0.591041
0.586406
0.581375
0.575968
0.570204
0.564104
0.557688
0.550978
0.543993
0.536755
0.529285
0.521602
0.513727
0.50568
0.49748
0.489147
0.480699
0.472154
0.463529
0.454842
0.446108
0.437342
0.42856
0.419776
0.411002
0.402251
0.393535
0.384864
0.37625
0.367701
0.359227
0.350835
0.342534
0.334328
0.326225
0.318231
0.310349
0.302585
0.294941
0.287422
0.28003
0.272767
0.265635
0.258635
0.251769
0.245038
0.238441
0.231979
0.225652
0.219459
0.2134
0.207473
0.201679
0.196015
0.19048
0.185073
0.179792
0.174636
0.169603
0.164691
0.159898
0.155222
0.150662
0.146214
0.141878
0.137651
0.133532
0.129517
0.125605
0.121794
0.118082
0.114467
0.110946
0.107519
0.104182
0.100934
0.0977729
0.0946969
0.091704
0.0887924
0.0859603
0.0832058
0.0805272
0.0779228
0.0753908
0.0729296
0.0705375
0.068213
0.0659543
0.06376
0.0616286
0.0595585
0.0575483
0.0555966
0.0537018
0.0518627
0.0500779
0.0483461
0.0466659
0.0450361
0.0434554
0.0419226
0.0404365
0.0389959
0.0375997
0.0362467
0.0349358
0.033666
0.0324362
0.0312452
0.0300923
0.0289762
0.0278961
0.0268509
0.0258398
0.0248618
0.023916
0.0230016
0.0221177
0.0212634
0.0204379
0.0196404
0.0188701
0.0181263
0.0174081
0.0167149
0.016046
0.0154005
0.0147778
0.0141773
0.0135983
0.0130401
0.0125021
0.0119837
0.0114843
0.0110032
0.0105401
0.0100941
0.00966494
0.00925194
0.00885461
0.00847244
0.00810494
0.00775163
0.00741204
0.00708573
0.00677223
0.00647112
0.00618198
0.0059044
0.00563798
0.00538233
0.00513709
0.00490187
0.00467632
0.00446011
0.00425289
0.00405434
0.00386415
0.003682
0.0035076
0.00334066
0.0031809
0.00302805
0.00288185
0.00274205
0.00260839
0.00248064
0.00235857
0.00224196
0.00213059
0.00202425
0.00192274
0.00182587
0.00173345
0.00164529
0.00156122
0.00148108
0.00140469
0.00133191
0.00126258
0.00119655
0.00113368
0.00107384
0.0010169
0.000962725
0.000911202
0.000862212
0.000815643
0.000771387
0.00072934
0.000689404
0.000651482
0.000615482
0.000581317
0.000548902
0.000518155
0.000488999
0.00046136
0.000435164
0.000410345
0.000386836
0.000364574
0.000343499
0.000323553
0.000304681
0.000286831
0.000269951
0.000253994
0.000238914
0.000224666
0.000211208
0.0001985
0.000186505
0.000175184
0.000164504
0.000154431
0.000144933
0.00013598
0.000127544
0.000119596
0.000112111
0.000105065
9.84319e-05
9.21911e-05
8.63207e-05
8.08004e-05
7.56108e-05
7.07337e-05
6.61515e-05
6.18479e-05
5.7807e-05
5.40141e-05
5.04549e-05
4.71161e-05
4.3985e-05
4.10497e-05
3.82986e-05
3.57211e-05
3.3307e-05
3.10466e-05
2.89308e-05
2.69509e-05
2.50988e-05
2.33668e-05
2.17477e-05
2.02345e-05
1.88208e-05
1.75004e-05
1.62676e-05
1.5117e-05
1.40433e-05
1.30419e-05
1.2108e-05
1.12376e-05
1.04264e-05
9.67071e-06
8.96698e-06
8.31184e-06
7.70213e-06
7.13488e-06
6.6073e-06
6.11679e-06
5.6609e-06
5.23731e-06
4.84386e-06
4.47854e-06
4.13944e-06
3.82479e-06
3.53292e-06
3.26227e-06
3.01138e-06
2.77889e-06
2.56351e-06
2.36407e-06
2.17943e-06
2.00856e-06
1.85048e-06
1.70429e-06
1.56913e-06
1.44422e-06
1.32882e-06
1.22224e-06
1.12384e-06
1.03302e-06
9.4923e-07
8.71947e-07
8.00692e-07
7.35017e-07
6.74506e-07
6.18772e-07
5.67455e-07
5.20221e-07
4.7676e-07
4.36785e-07
4.00029e-07
3.66243e-07
3.352e-07
3.06685e-07
2.80502e-07
2.56469e-07
2.34416e-07
2.14188e-07
1.95639e-07
1.78637e-07
1.63058e-07
1.48787e-07
1.3572e-07
1.23758e-07
1.12813e-07
1.02801e-07
9.36456e-08
8.5277e-08
7.763e-08
7.06448e-08
6.42663e-08
5.8444e-08
5.31311e-08
4.82847e-08
4.38655e-08
3.98373e-08
3.61666e-08
3.2823e-08
2.97784e-08
2.70069e-08
2.44851e-08
2.21911e-08
2.01052e-08
1.82092e-08
1.64863e-08
1.49213e-08
1.35003e-08
1.22104e-08
1.104e-08
9.97832e-09
9.01567e-09
8.14309e-09
7.35243e-09
6.63627e-09
5.98781e-09
5.40085e-09
4.86975e-09
4.38937e-09
3.95502e-09
3.56242e-09
3.20769e-09
2.88729e-09
2.59799e-09
2.33688e-09
2.10128e-09
1.88879e-09
1.6972e-09
1.52452e-09
1.36894e-09
1.22882e-09
1.10266e-09
9.89123e-10
8.86976e-10
7.95113e-10
7.12532e-10
6.38323e-10
5.71666e-10
5.11819e-10
4.58112e-10
4.0994e-10
3.66759e-10
3.28078e-10
2.93456e-10
2.62499e-10
2.34852e-10
2.10203e-10
1.88271e-10
1.68814e-10
1.51616e-10
1.36495e-10
1.23299e-10
1.119e-10
1.02202e-10
9.41365e-11
8.76608e-11
8.27613e-11
7.94509e-11
7.77679e-11
0.602208
0.605372
0.608658
0.611658
0.614176
0.616189
0.617689
0.618666
0.619111
0.619026
0.618418
0.617276
0.615617
0.613451
0.610793
0.607655
0.604056
0.600011
0.595539
0.590658
0.585389
0.57975
0.573763
0.567447
0.560824
0.553914
0.546738
0.539318
0.531674
0.523825
0.515794
0.507598
0.499258
0.490793
0.48222
0.473558
0.464824
0.456034
0.447204
0.43835
0.429485
0.420624
0.411778
0.402962
0.394185
0.385459
0.376794
0.368198
0.359681
0.35125
0.342912
0.334674
0.326541
0.318519
0.310613
0.302825
0.295161
0.287623
0.280213
0.272934
0.265788
0.258775
0.251897
0.245154
0.238546
0.232074
0.225737
0.219535
0.213467
0.207533
0.20173
0.196059
0.190517
0.185102
0.179815
0.174652
0.169612
0.164693
0.159894
0.155211
0.150645
0.146191
0.141849
0.137616
0.13349
0.129469
0.125551
0.121735
0.118017
0.114396
0.11087
0.107437
0.104095
0.100843
0.0976767
0.094596
0.0915986
0.0886827
0.0858464
0.083088
0.0804056
0.0777976
0.0752622
0.0727977
0.0704026
0.0680752
0.065814
0.0636173
0.0614836
0.0594115
0.0573994
0.055446
0.0535498
0.0517094
0.0499235
0.0481907
0.0465098
0.0448794
0.0432984
0.0417653
0.0402792
0.0388387
0.0374427
0.0360902
0.0347798
0.0335107
0.0322817
0.0310917
0.0299398
0.0288249
0.027746
0.0267023
0.0256926
0.0247162
0.0237721
0.0228595
0.0219773
0.0211249
0.0203014
0.019506
0.0187378
0.017996
0.0172801
0.0165891
0.0159223
0.0152791
0.0146588
0.0140606
0.0134839
0.0129281
0.0123924
0.0118764
0.0113794
0.0109008
0.0104399
0.00999641
0.00956958
0.00915893
0.00876393
0.00838409
0.00801889
0.00766787
0.00733055
0.00700647
0.00669518
0.00639626
0.00610927
0.00583381
0.00556948
0.00531589
0.00507267
0.00483944
0.00461585
0.00440155
0.00419621
0.0039995
0.0038111
0.00363072
0.00345804
0.00329279
0.00313468
0.00298344
0.0028388
0.00270053
0.00256836
0.00244206
0.00232141
0.00220617
0.00209613
0.00199109
0.00189084
0.0017952
0.00170396
0.00161696
0.00153401
0.00145495
0.00137961
0.00130784
0.00123949
0.00117441
0.00111246
0.00105351
0.000997427
0.000944083
0.000893359
0.000845139
0.000799313
0.000755773
0.000714417
0.000675145
0.000637862
0.000602478
0.000568905
0.000537059
0.000506859
0.000478228
0.000451093
0.000425382
0.000401027
0.000377963
0.000356128
0.000335462
0.000315909
0.000297412
0.000279921
0.000263386
0.000247758
0.000232992
0.000219044
0.000205873
0.00019344
0.000181706
0.000170635
0.000160193
0.000150347
0.000141066
0.000132319
0.000124079
0.000116319
0.000109012
0.000102135
9.56631e-05
8.95754e-05
8.38505e-05
7.84684e-05
7.341e-05
6.86575e-05
6.41936e-05
6.0002e-05
5.60675e-05
5.23752e-05
4.89115e-05
4.56631e-05
4.26176e-05
3.97632e-05
3.70888e-05
3.45838e-05
3.22381e-05
3.00424e-05
2.79877e-05
2.60655e-05
2.42679e-05
2.25873e-05
2.10166e-05
1.95491e-05
1.81785e-05
1.68987e-05
1.57041e-05
1.45894e-05
1.35497e-05
1.258e-05
1.16762e-05
1.08338e-05
1.00491e-05
9.31823e-06
8.63782e-06
8.00456e-06
7.41538e-06
6.86738e-06
6.35786e-06
5.88427e-06
5.44421e-06
5.03546e-06
4.6559e-06
4.30358e-06
3.97663e-06
3.67335e-06
3.3921e-06
3.13137e-06
2.88975e-06
2.66591e-06
2.45861e-06
2.26669e-06
2.08908e-06
1.92476e-06
1.77278e-06
1.63227e-06
1.50241e-06
1.38242e-06
1.2716e-06
1.16928e-06
1.07484e-06
9.87707e-07
9.07335e-07
8.33228e-07
7.64921e-07
7.01982e-07
6.44008e-07
5.90626e-07
5.4149e-07
4.96276e-07
4.54687e-07
4.16444e-07
3.81291e-07
3.48989e-07
3.19316e-07
2.92069e-07
2.67058e-07
2.44106e-07
2.23053e-07
2.03746e-07
1.86049e-07
1.69831e-07
1.54975e-07
1.41371e-07
1.28918e-07
1.17522e-07
1.07098e-07
9.75646e-08
8.88501e-08
8.08867e-08
7.3612e-08
6.6969e-08
6.09048e-08
5.53709e-08
5.03227e-08
4.57193e-08
4.15229e-08
3.76988e-08
3.42152e-08
3.1043e-08
2.81552e-08
2.55274e-08
2.3137e-08
2.09632e-08
1.89872e-08
1.71916e-08
1.55604e-08
1.40792e-08
1.27347e-08
1.15145e-08
1.04078e-08
9.40415e-09
8.4944e-09
7.67002e-09
6.92327e-09
6.24707e-09
5.63499e-09
5.08112e-09
4.58012e-09
4.1271e-09
3.71761e-09
3.34759e-09
3.01336e-09
2.71157e-09
2.43916e-09
2.19337e-09
1.97166e-09
1.77176e-09
1.59157e-09
1.42922e-09
1.28299e-09
1.15133e-09
1.03283e-09
9.26216e-10
8.3033e-10
7.44126e-10
6.66657e-10
5.97068e-10
5.34585e-10
4.78507e-10
4.28206e-10
3.83111e-10
3.42712e-10
3.06548e-10
2.74207e-10
2.45319e-10
2.19557e-10
1.96629e-10
1.76278e-10
1.58282e-10
1.42448e-10
1.28616e-10
1.16655e-10
1.06461e-10
9.79638e-11
9.11216e-11
8.59236e-11
8.2391e-11
8.05818e-11
0.60307
0.607785
0.611848
0.615404
0.61844
0.620923
0.622842
0.624195
0.624982
0.625207
0.624889
0.624023
0.622616
0.620687
0.618251
0.615322
0.611917
0.608054
0.603751
0.599027
0.593902
0.588394
0.582526
0.576317
0.569789
0.562962
0.555857
0.548496
0.540899
0.533086
0.52508
0.516898
0.508562
0.500089
0.4915
0.482811
0.474042
0.465207
0.456325
0.44741
0.438477
0.42954
0.420613
0.411708
0.402837
0.394012
0.385242
0.376537
0.367907
0.359359
0.3509
0.342539
0.33428
0.32613
0.318093
0.310174
0.302377
0.294705
0.28716
0.279746
0.272463
0.265315
0.258301
0.251422
0.24468
0.238074
0.231604
0.22527
0.219071
0.213006
0.207075
0.201276
0.195608
0.19007
0.18466
0.179377
0.174218
0.169182
0.164268
0.159472
0.154794
0.150231
0.145781
0.141443
0.137213
0.133091
0.129074
0.12516
0.121347
0.117633
0.114015
0.110493
0.107063
0.103725
0.100475
0.0973123
0.0942349
0.0912408
0.0883282
0.0854951
0.08274
0.080061
0.0774563
0.0749243
0.0724633
0.0700716
0.0677477
0.06549
0.0632969
0.0611669
0.0590984
0.0570901
0.0551405
0.0532481
0.0514116
0.0496296
0.0479008
0.0462239
0.0445976
0.0430206
0.0414917
0.0400097
0.0385735
0.0371817
0.0358334
0.0345274
0.0332626
0.0320379
0.0308523
0.0297047
0.0285942
0.0275197
0.0264803
0.0254751
0.0245031
0.0235634
0.0226551
0.0217773
0.0209292
0.02011
0.0193189
0.0185549
0.0178175
0.0171057
0.0164189
0.0157563
0.0151172
0.0145009
0.0139067
0.013334
0.0127821
0.0122504
0.0117382
0.0112449
0.01077
0.0103129
0.00987297
0.00944969
0.00904253
0.00865097
0.0082745
0.00791262
0.00756484
0.0072307
0.00690974
0.00660151
0.00630558
0.00602153
0.00574893
0.0054874
0.00523655
0.00499599
0.00476537
0.00454432
0.0043325
0.00412958
0.00393522
0.00374912
0.00357097
0.00340046
0.00323732
0.00308126
0.00293201
0.00278931
0.00265291
0.00252257
0.00239804
0.00227909
0.00216551
0.00205709
0.0019536
0.00185486
0.00176067
0.00167084
0.0015852
0.00150357
0.00142578
0.00135167
0.00128108
0.00121388
0.0011499
0.00108901
0.00103108
0.000975982
0.000923586
0.000873775
0.000826433
0.000781452
0.000738724
0.000698148
0.000659626
0.000623063
0.000588371
0.000555461
0.000524251
0.000494661
0.000466615
0.00044004
0.000414865
0.000391024
0.000368452
0.000347088
0.000326872
0.000307749
0.000289664
0.000272566
0.000256406
0.000241136
0.000226712
0.000213091
0.000200231
0.000188095
0.000176643
0.000165842
0.000155656
0.000146055
0.000137006
0.00012848
0.000120451
0.00011289
0.000105773
9.90762e-05
9.2776e-05
8.6851e-05
8.12804e-05
7.60447e-05
7.11253e-05
6.65043e-05
6.21651e-05
5.80917e-05
5.4269e-05
5.06827e-05
4.73191e-05
4.41655e-05
4.12096e-05
3.84399e-05
3.58455e-05
3.34161e-05
3.11418e-05
2.90134e-05
2.70222e-05
2.516e-05
2.34189e-05
2.17915e-05
2.0271e-05
1.88508e-05
1.75246e-05
1.62867e-05
1.51314e-05
1.40538e-05
1.30488e-05
1.21119e-05
1.12387e-05
1.04252e-05
9.66757e-06
8.96215e-06
8.30557e-06
7.69465e-06
7.12641e-06
6.59803e-06
6.10689e-06
5.6505e-06
5.22655e-06
4.83286e-06
4.46739e-06
4.12823e-06
3.8136e-06
3.52181e-06
3.25129e-06
3.00059e-06
2.76832e-06
2.5532e-06
2.35403e-06
2.1697e-06
1.99915e-06
1.8414e-06
1.69555e-06
1.56074e-06
1.43618e-06
1.32113e-06
1.21489e-06
1.11683e-06
1.02635e-06
9.42887e-07
8.65926e-07
7.94984e-07
7.29613e-07
6.69396e-07
6.13946e-07
5.62902e-07
5.1593e-07
4.72721e-07
4.32986e-07
3.9646e-07
3.62893e-07
3.32058e-07
3.03741e-07
2.77747e-07
2.53891e-07
2.32007e-07
2.11939e-07
1.93541e-07
1.76681e-07
1.61235e-07
1.4709e-07
1.34141e-07
1.2229e-07
1.11449e-07
1.01535e-07
9.24714e-08
8.41883e-08
7.66213e-08
6.97108e-08
6.3402e-08
5.76447e-08
5.23923e-08
4.76024e-08
4.32356e-08
3.92561e-08
3.56308e-08
3.23292e-08
2.93236e-08
2.65883e-08
2.41e-08
2.1837e-08
1.97798e-08
1.79103e-08
1.62119e-08
1.46696e-08
1.32694e-08
1.19988e-08
1.08461e-08
9.80083e-09
8.85323e-09
7.9945e-09
7.21659e-09
6.51214e-09
5.87443e-09
5.29735e-09
4.77532e-09
4.30325e-09
3.87651e-09
3.49089e-09
3.14254e-09
2.82798e-09
2.54403e-09
2.28781e-09
2.05668e-09
1.84826e-09
1.6604e-09
1.49112e-09
1.33863e-09
1.20134e-09
1.07775e-09
9.66557e-10
8.66544e-10
7.76625e-10
6.95812e-10
6.23213e-10
5.58021e-10
4.99509e-10
4.47019e-10
3.99957e-10
3.5779e-10
3.20038e-10
2.86271e-10
2.56103e-10
2.29192e-10
2.05232e-10
1.83956e-10
1.65131e-10
1.48555e-10
1.34058e-10
1.21504e-10
1.10787e-10
1.01831e-10
9.45965e-11
8.90773e-11
8.53051e-11
8.3359e-11
0.603522
0.60935
0.614218
0.618365
0.62189
0.624803
0.627108
0.628811
0.629919
0.630441
0.630392
0.629795
0.628631
0.626931
0.624709
0.621982
0.618766
0.615081
0.610943
0.606372
0.601389
0.596011
0.590262
0.58416
0.577727
0.570985
0.563953
0.556654
0.549109
0.541337
0.533361
0.5252
0.516874
0.508403
0.499805
0.491099
0.482303
0.473435
0.46451
0.455545
0.446556
0.437556
0.428559
0.419578
0.410626
0.401715
0.392854
0.384054
0.375324
0.366673
0.358109
0.349638
0.341268
0.333004
0.324851
0.316815
0.308899
0.301107
0.293442
0.285906
0.278502
0.271232
0.264096
0.257097
0.250233
0.243507
0.236917
0.230464
0.224147
0.217965
0.211918
0.206005
0.200224
0.194574
0.189054
0.183662
0.178396
0.173255
0.168236
0.163338
0.15856
0.153898
0.149351
0.144918
0.140595
0.136381
0.132274
0.128272
0.124372
0.120574
0.116874
0.11327
0.109761
0.106345
0.10302
0.0997831
0.0966333
0.0935685
0.0905868
0.0876863
0.0848653
0.0821219
0.0794545
0.0768614
0.0743407
0.0718908
0.0695102
0.0671972
0.0649502
0.0627677
0.0606482
0.0585901
0.056592
0.0546524
0.05277
0.0509434
0.0491712
0.047452
0.0457846
0.0441677
0.0426001
0.0410804
0.0396075
0.0381802
0.0367973
0.0354578
0.0341604
0.0329041
0.0316878
0.0305106
0.0293712
0.0282688
0.0272023
0.0261708
0.0251733
0.024209
0.0232768
0.0223759
0.0215055
0.0206646
0.0198525
0.0190683
0.0183112
0.0175805
0.0168753
0.016195
0.0155388
0.0149059
0.0142958
0.0137077
0.0131409
0.0125947
0.0120687
0.011562
0.0110742
0.0106046
0.0101527
0.00971782
0.00929951
0.0088972
0.00851038
0.00813854
0.00778117
0.0074378
0.00710795
0.00679118
0.00648703
0.00619506
0.00591487
0.00564604
0.00538817
0.00514088
0.00490378
0.00467652
0.00445873
0.00425008
0.00405024
0.00385887
0.00367566
0.00350031
0.00333253
0.00317202
0.00301851
0.00287173
0.00273142
0.00259734
0.00246923
0.00234686
0.00223
0.00211844
0.00201197
0.00191036
0.00181344
0.001721
0.00163286
0.00154884
0.00146878
0.0013925
0.00131984
0.00125066
0.0011848
0.00112212
0.00106248
0.00100575
0.000951799
0.000900509
0.00085176
0.000805439
0.000761436
0.000719647
0.000679972
0.000642313
0.000606578
0.000572677
0.000540526
0.000510043
0.000481149
0.000453768
0.00042783
0.000403264
0.000380004
0.000357988
0.000337154
0.000317446
0.000298806
0.000281183
0.000264525
0.000248784
0.000233915
0.000219872
0.000206614
0.0001941
0.000182293
0.000171155
0.000160651
0.000150749
0.000141417
0.000132624
0.000124342
0.000116543
0.000109202
0.000102293
9.57936e-05
8.96806e-05
8.39331e-05
7.85307e-05
7.34544e-05
6.86858e-05
6.42078e-05
6.00038e-05
5.60583e-05
5.23566e-05
4.88846e-05
4.56291e-05
4.25776e-05
3.97182e-05
3.70395e-05
3.45311e-05
3.21827e-05
2.99848e-05
2.79285e-05
2.60053e-05
2.4207e-05
2.25262e-05
2.09556e-05
1.94885e-05
1.81185e-05
1.68395e-05
1.5646e-05
1.45325e-05
1.34941e-05
1.25259e-05
1.16235e-05
1.07828e-05
9.99973e-06
9.2706e-06
8.59192e-06
7.9604e-06
7.37296e-06
6.8267e-06
6.31889e-06
5.847e-06
5.40862e-06
5.00151e-06
4.62355e-06
4.27279e-06
3.94737e-06
3.64556e-06
3.36573e-06
3.10639e-06
2.8661e-06
2.64354e-06
2.43747e-06
2.24673e-06
2.07025e-06
1.907e-06
1.75606e-06
1.61654e-06
1.48761e-06
1.36852e-06
1.25855e-06
1.15703e-06
1.06336e-06
9.76944e-07
8.97257e-07
8.23798e-07
7.56103e-07
6.93741e-07
6.36312e-07
5.83444e-07
5.3479e-07
4.90031e-07
4.48869e-07
4.11027e-07
3.7625e-07
3.44301e-07
3.14959e-07
2.88022e-07
2.633e-07
2.4062e-07
2.1982e-07
2.0075e-07
1.83273e-07
1.67261e-07
1.52597e-07
1.39171e-07
1.26884e-07
1.15643e-07
1.05362e-07
9.59628e-08
8.73723e-08
7.9524e-08
7.23561e-08
6.5812e-08
5.98395e-08
5.43905e-08
4.9421e-08
4.48902e-08
4.07609e-08
3.69989e-08
3.35726e-08
3.04533e-08
2.76143e-08
2.50315e-08
2.26825e-08
2.05469e-08
1.8606e-08
1.68427e-08
1.52413e-08
1.37875e-08
1.2468e-08
1.1271e-08
1.01854e-08
9.20115e-09
8.3092e-09
7.50113e-09
6.76933e-09
6.10682e-09
5.50725e-09
4.96484e-09
4.47432e-09
4.03086e-09
3.63011e-09
3.26808e-09
2.94114e-09
2.64599e-09
2.37965e-09
2.13937e-09
1.9227e-09
1.72738e-09
1.55136e-09
1.39281e-09
1.25003e-09
1.12151e-09
1.00586e-09
9.01832e-10
8.08298e-10
7.24231e-10
6.48703e-10
5.80876e-10
5.19994e-10
4.65371e-10
4.16392e-10
3.72502e-10
3.33202e-10
2.98044e-10
2.66626e-10
2.38592e-10
2.13624e-10
1.91443e-10
1.71804e-10
1.54498e-10
1.39348e-10
1.2621e-10
1.14973e-10
1.05562e-10
9.79363e-11
9.20956e-11
8.80833e-11
8.59999e-11
0.603848
0.610445
0.615977
0.620658
0.624625
0.627918
0.630562
0.632573
0.633965
0.634752
0.634947
0.634584
0.633648
0.632155
0.630129
0.627587
0.624545
0.621022
0.617037
0.612608
0.607756
0.6025
0.596861
0.59086
0.584517
0.577855
0.570894
0.563656
0.556162
0.548432
0.540488
0.53235
0.524039
0.515573
0.506973
0.498257
0.489443
0.480549
0.471592
0.462588
0.453553
0.444501
0.435446
0.426403
0.417384
0.408399
0.399462
0.390581
0.381767
0.373029
0.364374
0.355811
0.347345
0.338983
0.330732
0.322595
0.314576
0.306681
0.298912
0.291272
0.283763
0.276388
0.269147
0.262042
0.255074
0.248243
0.24155
0.234993
0.228574
0.222291
0.216144
0.210131
0.204252
0.198505
0.192889
0.187402
0.182043
0.17681
0.171702
0.166715
0.161849
0.157101
0.15247
0.147954
0.14355
0.139256
0.135071
0.130992
0.127018
0.123146
0.119373
0.1157
0.112122
0.108638
0.105247
0.101946
0.0987327
0.0956062
0.0925643
0.089605
0.0867266
0.0839272
0.0812051
0.0785586
0.0759859
0.0734853
0.0710552
0.0686939
0.0664
0.0641716
0.0620075
0.0599059
0.0578655
0.0558848
0.0539623
0.0520967
0.0502866
0.0485305
0.0468272
0.0451754
0.0435738
0.0420212
0.0405163
0.0390578
0.0376448
0.0362759
0.03495
0.0336661
0.032423
0.0312197
0.0300551
0.0289282
0.027838
0.0267835
0.0257637
0.0247778
0.0238246
0.0229035
0.0220134
0.0211536
0.020323
0.019521
0.0187468
0.0179994
0.0172781
0.0165822
0.015911
0.0152636
0.0146394
0.0140377
0.0134578
0.012899
0.0123607
0.0118423
0.0113431
0.0108626
0.0104001
0.00995504
0.00952691
0.00911514
0.0087192
0.00833857
0.00797275
0.00762124
0.00728356
0.00695924
0.00664784
0.0063489
0.00606201
0.00578673
0.00552266
0.00526941
0.0050266
0.00479384
0.00457079
0.00435708
0.00415238
0.00395635
0.00376867
0.00358904
0.00341714
0.0032527
0.00309542
0.00294503
0.00280126
0.00266386
0.00253258
0.00240717
0.00228741
0.00217308
0.00206394
0.0019598
0.00186045
0.00176569
0.00167533
0.0015892
0.00150712
0.00142891
0.00135442
0.00128348
0.00121594
0.00115167
0.00109051
0.00103233
0.000976995
0.00092439
0.000874388
0.000826874
0.000781736
0.000738867
0.000698164
0.000659528
0.000622864
0.000588081
0.000555091
0.000523811
0.00049416
0.000466061
0.000439441
0.000414228
0.000390354
0.000367756
0.000346371
0.000326139
0.000307003
0.000288911
0.000271808
0.000255647
0.000240379
0.000225959
0.000212344
0.000199493
0.000187367
0.000175928
0.00016514
0.000154969
0.000145382
0.00013635
0.000127841
0.000119829
0.000112287
0.000105188
9.85094e-05
9.22278e-05
8.63214e-05
8.07695e-05
7.55523e-05
7.06512e-05
6.60484e-05
6.17271e-05
5.76713e-05
5.38658e-05
5.02964e-05
4.69493e-05
4.38118e-05
4.08716e-05
3.81172e-05
3.55376e-05
3.31225e-05
3.08621e-05
2.87472e-05
2.6769e-05
2.49193e-05
2.31902e-05
2.15745e-05
2.00651e-05
1.86555e-05
1.73396e-05
1.61115e-05
1.49657e-05
1.38971e-05
1.29007e-05
1.1972e-05
1.11066e-05
1.03006e-05
9.55006e-06
8.8514e-06
8.20126e-06
7.59646e-06
7.03402e-06
6.51116e-06
6.02524e-06
5.5738e-06
5.15454e-06
4.76529e-06
4.40402e-06
4.06883e-06
3.75794e-06
3.46968e-06
3.2025e-06
2.95494e-06
2.72564e-06
2.51331e-06
2.31677e-06
2.1349e-06
1.96667e-06
1.81111e-06
1.6673e-06
1.53441e-06
1.41166e-06
1.29829e-06
1.19364e-06
1.09706e-06
1.00797e-06
9.25803e-07
8.50055e-07
7.80247e-07
7.15935e-07
6.56706e-07
6.02178e-07
5.51994e-07
5.05824e-07
4.63362e-07
4.24323e-07
3.88443e-07
3.55479e-07
3.25203e-07
2.97407e-07
2.71895e-07
2.48489e-07
2.27022e-07
2.07339e-07
1.89299e-07
1.72771e-07
1.57633e-07
1.43773e-07
1.31087e-07
1.1948e-07
1.08865e-07
9.91586e-08
9.02874e-08
8.2182e-08
7.47789e-08
6.80196e-08
6.18504e-08
5.62216e-08
5.10877e-08
4.64068e-08
4.21405e-08
3.82534e-08
3.4713e-08
3.14895e-08
2.85557e-08
2.58863e-08
2.34585e-08
2.12511e-08
1.92448e-08
1.7422e-08
1.57665e-08
1.42633e-08
1.28991e-08
1.16614e-08
1.05388e-08
9.52098e-09
8.59853e-09
7.76279e-09
7.00587e-09
6.32058e-09
5.70036e-09
5.13924e-09
4.63176e-09
4.17295e-09
3.75829e-09
3.38368e-09
3.04535e-09
2.73991e-09
2.46426e-09
2.21557e-09
1.9913e-09
1.78911e-09
1.6069e-09
1.44275e-09
1.29493e-09
1.16186e-09
1.04211e-09
9.34389e-10
8.37526e-10
7.5046e-10
6.72233e-10
6.01976e-10
5.38907e-10
4.82318e-10
4.31571e-10
3.86091e-10
3.45362e-10
3.08919e-10
2.76347e-10
2.47275e-10
2.21375e-10
1.98356e-10
1.77964e-10
1.59981e-10
1.44224e-10
1.30543e-10
1.18822e-10
1.08986e-10
1.00994e-10
9.48515e-11
9.06137e-11
8.8401e-11
0.604093
0.611226
0.617264
0.622383
0.62672
0.630333
0.63326
0.635528
0.637158
0.638167
0.638571
0.638398
0.63766
0.636344
0.634486
0.632102
0.62921
0.625828
0.621974
0.617668
0.61293
0.607779
0.602237
0.596324
0.590061
0.58347
0.576572
0.569389
0.561941
0.55425
0.546336
0.538222
0.529926
0.521469
0.51287
0.504148
0.495322
0.48641
0.477429
0.468395
0.459324
0.450232
0.441132
0.432039
0.422965
0.413923
0.404924
0.395978
0.387096
0.378286
0.369558
0.360919
0.352375
0.343934
0.335601
0.327381
0.319279
0.311299
0.303445
0.295719
0.288124
0.280662
0.273334
0.266143
0.259089
0.252172
0.245393
0.238751
0.232248
0.225881
0.219651
0.213556
0.207596
0.201769
0.196073
0.190508
0.185072
0.179764
0.17458
0.16952
0.164582
0.159763
0.155062
0.150477
0.146006
0.141646
0.137396
0.133254
0.129217
0.125284
0.121452
0.11772
0.114085
0.110546
0.107099
0.103745
0.10048
0.097302
0.0942102
0.0912022
0.0882761
0.0854303
0.0826629
0.0799721
0.0773562
0.0748135
0.0723423
0.069941
0.067608
0.0653417
0.0631405
0.0610029
0.0589273
0.0569124
0.0549567
0.0530586
0.051217
0.0494302
0.0476971
0.0460163
0.0443865
0.0428065
0.0412749
0.0397907
0.0383525
0.0369592
0.0356096
0.0343027
0.0330373
0.0318123
0.0306267
0.0294794
0.0283694
0.0272958
0.0262574
0.0252535
0.0242829
0.0233449
0.0224384
0.0215627
0.0207169
0.0199001
0.0191114
0.0183501
0.0176155
0.0169066
0.0162228
0.0155633
0.0149273
0.0143143
0.0137235
0.0131541
0.0126057
0.0120774
0.0115687
0.011079
0.0106077
0.0101541
0.00971775
0.00929807
0.00889451
0.00850653
0.00813363
0.00777531
0.00743107
0.00710045
0.00678297
0.00647819
0.00618568
0.005905
0.00563574
0.0053775
0.0051299
0.00489254
0.00466506
0.00444711
0.00423833
0.0040384
0.00384697
0.00366374
0.0034884
0.00332065
0.0031602
0.00300678
0.0028601
0.00271992
0.00258597
0.00245802
0.00233582
0.00221915
0.00210778
0.0020015
0.00190011
0.0018034
0.00171118
0.00162327
0.00153949
0.00145966
0.00138361
0.0013112
0.00124225
0.00117663
0.00111419
0.00105479
0.000998292
0.000944577
0.000893519
0.000845
0.000798905
0.000755125
0.000713555
0.000674095
0.000636647
0.000601119
0.000567421
0.000535468
0.000505178
0.000476472
0.000449276
0.000423516
0.000399124
0.000376034
0.000354182
0.000333508
0.000313953
0.000295464
0.000277985
0.000261467
0.000245862
0.000231124
0.000217207
0.000204071
0.000191674
0.00017998
0.000168951
0.000158552
0.00014875
0.000139515
0.000130815
0.000122622
0.000114908
0.000107649
0.000100818
9.43938e-05
8.83526e-05
8.26737e-05
7.7337e-05
7.23234e-05
6.76147e-05
6.31938e-05
5.90443e-05
5.51507e-05
5.14985e-05
4.80737e-05
4.48631e-05
4.18543e-05
3.90354e-05
3.63954e-05
3.39235e-05
3.16099e-05
2.94451e-05
2.74202e-05
2.55266e-05
2.37565e-05
2.21024e-05
2.0557e-05
1.91138e-05
1.77664e-05
1.65089e-05
1.53355e-05
1.42411e-05
1.32207e-05
1.22696e-05
1.13833e-05
1.05577e-05
9.78885e-06
9.07316e-06
8.40713e-06
7.78752e-06
7.21129e-06
6.67557e-06
6.17768e-06
5.7151e-06
5.28546e-06
4.88656e-06
4.51632e-06
4.17278e-06
3.85413e-06
3.55867e-06
3.2848e-06
3.03103e-06
2.79596e-06
2.57828e-06
2.37677e-06
2.1903e-06
2.01781e-06
1.85829e-06
1.71082e-06
1.57455e-06
1.44865e-06
1.33238e-06
1.22504e-06
1.12598e-06
1.03459e-06
9.50299e-07
8.72591e-07
8.00972e-07
7.34988e-07
6.74217e-07
6.18266e-07
5.66769e-07
5.1939e-07
4.75812e-07
4.35746e-07
3.98921e-07
3.65086e-07
3.34009e-07
3.05475e-07
2.79286e-07
2.55256e-07
2.33216e-07
2.13007e-07
1.94484e-07
1.77512e-07
1.61967e-07
1.47733e-07
1.34705e-07
1.22784e-07
1.1188e-07
1.01911e-07
9.27979e-08
8.44715e-08
7.68661e-08
6.99218e-08
6.35832e-08
5.77997e-08
5.25244e-08
4.77143e-08
4.333e-08
3.93352e-08
3.56965e-08
3.23834e-08
2.93677e-08
2.66238e-08
2.41281e-08
2.18588e-08
1.97962e-08
1.79221e-08
1.62198e-08
1.46742e-08
1.32714e-08
1.19985e-08
1.0844e-08
9.79727e-09
8.84851e-09
7.98888e-09
7.21029e-09
6.50534e-09
5.8673e-09
5.29002e-09
4.76789e-09
4.29582e-09
3.86916e-09
3.48367e-09
3.13551e-09
2.82117e-09
2.53747e-09
2.28152e-09
2.05067e-09
1.84255e-09
1.65499e-09
1.486e-09
1.33382e-09
1.19681e-09
1.07351e-09
9.62594e-10
8.62849e-10
7.73188e-10
6.92624e-10
6.20263e-10
5.55301e-10
4.97009e-10
4.44731e-10
3.97873e-10
3.55906e-10
3.1835e-10
2.84777e-10
2.54805e-10
2.28096e-10
2.04349e-10
1.83303e-10
1.64732e-10
1.48447e-10
1.34293e-10
1.22151e-10
1.11943e-10
1.03631e-10
9.72248e-11
9.27892e-11
9.04631e-11
0.604265
0.611768
0.618169
0.623617
0.628239
0.6321
0.635247
0.637714
0.639527
0.640708
0.641275
0.641248
0.640665
0.639489
0.637763
0.635504
0.632731
0.62946
0.625711
0.621503
0.616855
0.611789
0.606324
0.600482
0.594283
0.58775
0.580903
0.573764
0.566354
0.558695
0.550808
0.542713
0.534431
0.525982
0.517387
0.508663
0.49983
0.490905
0.481907
0.472851
0.463755
0.454633
0.445499
0.436369
0.427255
0.418169
0.409123
0.400128
0.391195
0.382331
0.373547
0.36485
0.356247
0.347745
0.33935
0.331067
0.322902
0.314857
0.306937
0.299145
0.291484
0.283956
0.276562
0.269304
0.262184
0.255201
0.248356
0.241649
0.235081
0.22865
0.222356
0.216198
0.210175
0.204287
0.19853
0.192905
0.18741
0.182043
0.176802
0.171685
0.166691
0.161818
0.157064
0.152426
0.147903
0.143492
0.139192
0.135001
0.130917
0.126936
0.123059
0.119281
0.115602
0.11202
0.108531
0.105135
0.10183
0.098613
0.0954827
0.0924371
0.0894743
0.0865927
0.0837902
0.0810653
0.0784161
0.075841
0.0733381
0.070906
0.0685429
0.0662472
0.0640174
0.061852
0.0597493
0.057708
0.0557265
0.0538035
0.0519375
0.0501271
0.0483709
0.0466677
0.0450162
0.043415
0.0418628
0.0403586
0.038901
0.0374888
0.0361209
0.0347962
0.0335136
0.0322718
0.03107
0.0299069
0.0287817
0.0276932
0.0266405
0.0256226
0.0246386
0.0236874
0.0227684
0.0218804
0.0210227
0.0201944
0.0193946
0.0186226
0.0178775
0.0171586
0.016465
0.0157961
0.0151511
0.0145293
0.01393
0.0133524
0.0127961
0.0122602
0.0117441
0.0112473
0.0107691
0.0103089
0.00986623
0.0094404
0.00903092
0.00863724
0.00825885
0.00789524
0.00754591
0.00721038
0.00688819
0.00657888
0.006282
0.00599712
0.00572383
0.00546172
0.00521039
0.00496945
0.00473854
0.00451729
0.00430534
0.00410237
0.00390803
0.003722
0.00354398
0.00337365
0.00321074
0.00305495
0.00290602
0.00276367
0.00262764
0.0024977
0.0023736
0.00225511
0.002142
0.00203406
0.00193108
0.00183285
0.00173918
0.00164988
0.00156478
0.00148368
0.00140643
0.00133286
0.00126282
0.00119615
0.0011327
0.00107235
0.00101495
0.000960367
0.000908485
0.00085918
0.000812338
0.000767846
0.0007256
0.000685496
0.000647436
0.000611325
0.000577074
0.000544596
0.000513806
0.000484627
0.00045698
0.000430793
0.000405995
0.00038252
0.000360304
0.000339284
0.000319401
0.000300601
0.000282828
0.000266032
0.000250163
0.000235174
0.000221022
0.000207662
0.000195054
0.00018316
0.000171942
0.000161364
0.000151394
0.000141999
0.000133149
0.000124814
0.000116967
0.000109581
0.000102632
9.60953e-05
8.99485e-05
8.417e-05
7.87396e-05
7.36376e-05
6.88459e-05
6.43468e-05
6.01237e-05
5.61611e-05
5.24438e-05
4.89579e-05
4.569e-05
4.26272e-05
3.97578e-05
3.70703e-05
3.45539e-05
3.21985e-05
2.99945e-05
2.79328e-05
2.60048e-05
2.42025e-05
2.25181e-05
2.09445e-05
1.94748e-05
1.81026e-05
1.68219e-05
1.56269e-05
1.45123e-05
1.34729e-05
1.25041e-05
1.16013e-05
1.07603e-05
9.97712e-06
9.24802e-06
8.56948e-06
7.93821e-06
7.35111e-06
6.80527e-06
6.29795e-06
5.82659e-06
5.38878e-06
4.98227e-06
4.60495e-06
4.25484e-06
3.93008e-06
3.62894e-06
3.34979e-06
3.09112e-06
2.8515e-06
2.6296e-06
2.42418e-06
2.23408e-06
2.05821e-06
1.89558e-06
1.74522e-06
1.60627e-06
1.47789e-06
1.35933e-06
1.24987e-06
1.14884e-06
1.05564e-06
9.69674e-07
8.90417e-07
8.17367e-07
7.50063e-07
6.88073e-07
6.30997e-07
5.78463e-07
5.30127e-07
4.85668e-07
4.4479e-07
4.07217e-07
3.72693e-07
3.40983e-07
3.11866e-07
2.8514e-07
2.60617e-07
2.38123e-07
2.17498e-07
1.98593e-07
1.81269e-07
1.65402e-07
1.50872e-07
1.37573e-07
1.25403e-07
1.14272e-07
1.04093e-07
9.47891e-08
8.62874e-08
7.85217e-08
7.14307e-08
6.49581e-08
5.90519e-08
5.36645e-08
4.8752e-08
4.42741e-08
4.01939e-08
3.64773e-08
3.3093e-08
3.00125e-08
2.72095e-08
2.46598e-08
2.23415e-08
2.02341e-08
1.83193e-08
1.658e-08
1.50007e-08
1.35672e-08
1.22665e-08
1.10867e-08
1.00169e-08
9.04724e-09
8.16864e-09
7.37283e-09
6.65227e-09
6.00006e-09
5.40994e-09
4.87618e-09
4.39357e-09
3.95736e-09
3.56323e-09
3.20725e-09
2.88584e-09
2.59574e-09
2.33401e-09
2.09794e-09
1.8851e-09
1.69327e-09
1.52044e-09
1.36478e-09
1.22464e-09
1.09852e-09
9.8506e-10
8.83022e-10
7.91295e-10
7.0887e-10
6.34835e-10
5.68366e-10
5.08718e-10
4.55219e-10
4.07265e-10
3.6431e-10
3.25867e-10
2.91497e-10
2.60808e-10
2.33454e-10
2.09127e-10
1.87559e-10
1.68519e-10
1.51812e-10
1.37279e-10
1.24801e-10
1.14296e-10
1.05727e-10
9.91091e-11
9.45148e-11
9.20973e-11
0.604375
0.61211
0.618746
0.624413
0.629228
0.633257
0.636554
0.639156
0.641095
0.642393
0.64307
0.643145
0.642666
0.641588
0.639952
0.637779
0.635087
0.631894
0.628217
0.624077
0.619493
0.614485
0.609074
0.603281
0.597127
0.590634
0.583823
0.576716
0.569333
0.561697
0.553828
0.545748
0.537477
0.529035
0.520442
0.511718
0.502881
0.493949
0.48494
0.47587
0.466757
0.457615
0.44846
0.439305
0.430164
0.421049
0.411972
0.402945
0.393976
0.385077
0.376255
0.367519
0.358876
0.350333
0.341897
0.333571
0.325362
0.317274
0.30931
0.301474
0.293768
0.286195
0.278756
0.271453
0.264288
0.25726
0.250371
0.24362
0.237007
0.230533
0.224196
0.217995
0.21193
0.205999
0.200202
0.194536
0.189001
0.183594
0.178314
0.173159
0.168127
0.163217
0.158425
0.153752
0.149193
0.144749
0.140415
0.13619
0.132073
0.128061
0.124152
0.120344
0.116635
0.113023
0.109506
0.106083
0.10275
0.0995059
0.0963494
0.0932783
0.0902906
0.0873846
0.0845584
0.0818102
0.0791384
0.0765411
0.0740168
0.0715636
0.06918
0.0668644
0.0646152
0.0624308
0.0603097
0.0582504
0.0562515
0.0543114
0.0524288
0.0506023
0.0488305
0.0471121
0.0454457
0.0438301
0.0422639
0.0407461
0.0392752
0.0378502
0.0364699
0.0351331
0.0338387
0.0325855
0.0313726
0.0301988
0.0290631
0.0279646
0.0269021
0.0258747
0.0248814
0.0239214
0.0229937
0.0220974
0.0212316
0.0203954
0.0195881
0.0188087
0.0180566
0.0173308
0.0166306
0.0159553
0.0153041
0.0146763
0.0140712
0.013488
0.0129263
0.0123852
0.0118641
0.0113624
0.0108796
0.0104149
0.00996781
0.00953779
0.00912426
0.00872669
0.00834455
0.00797733
0.00762452
0.00728564
0.00696023
0.00664781
0.00634795
0.00606021
0.00578416
0.0055194
0.00526552
0.00502214
0.00478888
0.00456537
0.00435126
0.0041462
0.00394987
0.00376193
0.00358207
0.00340998
0.00324538
0.00308798
0.0029375
0.00279366
0.00265622
0.00252492
0.00239952
0.00227978
0.00216548
0.0020564
0.00195233
0.00185306
0.0017584
0.00166815
0.00158213
0.00150017
0.00142209
0.00134773
0.00127694
0.00120955
0.00114542
0.00108441
0.00102638
0.000971211
0.000918764
0.000868921
0.000821566
0.000776587
0.000733876
0.00069333
0.00065485
0.00061834
0.000583709
0.00055087
0.000519738
0.000490232
0.000462277
0.000435796
0.00041072
0.000386981
0.000364514
0.000343256
0.000323149
0.000304135
0.00028616
0.000269172
0.000253122
0.000237962
0.000223647
0.000210133
0.00019738
0.000185349
0.000174001
0.000163301
0.000153215
0.00014371
0.000134757
0.000126324
0.000118385
0.000110913
0.000103881
9.72675e-05
9.1048e-05
8.5201e-05
7.9706e-05
7.45434e-05
6.96944e-05
6.51415e-05
6.08678e-05
5.68576e-05
5.30956e-05
4.95676e-05
4.62601e-05
4.31603e-05
4.0256e-05
3.75357e-05
3.49887e-05
3.26045e-05
3.03735e-05
2.82865e-05
2.63348e-05
2.45102e-05
2.2805e-05
2.12119e-05
1.97239e-05
1.83347e-05
1.7038e-05
1.58281e-05
1.46995e-05
1.36471e-05
1.26661e-05
1.17519e-05
1.09003e-05
1.01072e-05
9.3688e-06
8.68164e-06
8.04232e-06
7.44772e-06
6.89489e-06
6.38106e-06
5.90363e-06
5.46018e-06
5.04843e-06
4.66622e-06
4.31157e-06
3.98259e-06
3.67752e-06
3.39473e-06
3.13267e-06
2.88991e-06
2.66509e-06
2.45697e-06
2.26436e-06
2.08617e-06
1.92137e-06
1.76902e-06
1.62821e-06
1.49813e-06
1.37798e-06
1.26705e-06
1.16467e-06
1.07021e-06
9.83087e-07
9.02758e-07
8.28719e-07
7.60501e-07
6.97668e-07
6.39814e-07
5.86562e-07
5.37564e-07
4.92496e-07
4.51055e-07
4.12964e-07
3.77964e-07
3.45815e-07
3.16294e-07
2.89197e-07
2.64332e-07
2.41525e-07
2.20611e-07
2.01441e-07
1.83874e-07
1.67783e-07
1.53049e-07
1.39561e-07
1.2722e-07
1.1593e-07
1.05607e-07
9.61701e-08
8.75471e-08
7.96703e-08
7.24776e-08
6.5912e-08
5.99207e-08
5.44556e-08
4.94721e-08
4.49294e-08
4.07899e-08
3.70192e-08
3.35857e-08
3.04602e-08
2.76161e-08
2.50291e-08
2.26766e-08
2.05383e-08
1.85952e-08
1.68302e-08
1.52275e-08
1.37727e-08
1.24526e-08
1.12552e-08
1.01695e-08
9.18532e-09
8.29355e-09
7.48579e-09
6.75438e-09
6.09233e-09
5.49329e-09
4.95145e-09
4.46152e-09
4.01868e-09
3.61854e-09
3.25713e-09
2.93081e-09
2.63627e-09
2.37051e-09
2.13081e-09
1.91469e-09
1.7199e-09
1.54439e-09
1.38632e-09
1.24401e-09
1.11593e-09
1.00069e-09
8.9706e-10
8.03896e-10
7.20177e-10
6.44977e-10
5.77459e-10
5.16867e-10
4.6252e-10
4.13803e-10
3.70162e-10
3.31101e-10
2.96176e-10
2.64988e-10
2.37184e-10
2.12453e-10
1.90522e-10
1.71155e-10
1.54154e-10
1.39358e-10
1.26644e-10
1.15932e-10
1.07184e-10
1.00418e-10
9.57131e-11
9.32317e-11
0.604428
0.612276
0.619027
0.624803
0.629715
0.63383
0.637202
0.639873
0.641874
0.643231
0.643965
0.644092
0.643663
0.642636
0.641046
0.638918
0.636267
0.633113
0.629474
0.625368
0.620816
0.615839
0.610456
0.604688
0.598558
0.592085
0.585293
0.578202
0.570833
0.563209
0.55535
0.547278
0.539013
0.530575
0.521984
0.513259
0.50442
0.495485
0.48647
0.477394
0.468273
0.459121
0.449955
0.440788
0.431634
0.422504
0.413412
0.404368
0.395382
0.386464
0.377624
0.368868
0.360205
0.351642
0.343184
0.334837
0.326607
0.318496
0.31051
0.302651
0.294923
0.287327
0.279866
0.27254
0.265352
0.258302
0.25139
0.244617
0.237982
0.231486
0.225127
0.218904
0.212818
0.206866
0.201048
0.195361
0.189806
0.184379
0.179079
0.173905
0.168854
0.163924
0.159115
0.154423
0.149847
0.145385
0.141034
0.136793
0.132659
0.128631
0.124706
0.120883
0.117159
0.113532
0.11
0.106562
0.103216
0.0999583
0.0967885
0.0937045
0.0907041
0.0877858
0.0849476
0.0821877
0.0795044
0.076896
0.0743607
0.0718969
0.069503
0.0671773
0.0649182
0.0627242
0.0605938
0.0585254
0.0565176
0.0545689
0.052678
0.0508433
0.0490636
0.0473374
0.0456635
0.0440406
0.0424674
0.0409426
0.0394651
0.0380335
0.0366469
0.0353039
0.0340036
0.0327447
0.0315261
0.0303469
0.0292059
0.0281022
0.0270348
0.0260026
0.0250047
0.0240402
0.0231081
0.0222075
0.0213376
0.0204975
0.0196863
0.0189032
0.0181475
0.0174182
0.0167147
0.0160361
0.0153817
0.0147509
0.0141429
0.0135569
0.0129924
0.0124487
0.011925
0.0114209
0.0109357
0.0104687
0.0100194
0.00958727
0.0091717
0.00877215
0.0083881
0.00801904
0.00766447
0.00732389
0.00699684
0.00668286
0.00638148
0.00609228
0.00581483
0.00554872
0.00529355
0.00504893
0.00481447
0.00458982
0.00437461
0.0041685
0.00397115
0.00378223
0.00360144
0.00342847
0.00326301
0.00310478
0.00295351
0.00280892
0.00267076
0.00253877
0.00241271
0.00229234
0.00217743
0.00206777
0.00196315
0.00186335
0.00176818
0.00167745
0.00159097
0.00150857
0.00143007
0.00135531
0.00128413
0.00121637
0.00115189
0.00109055
0.00103221
0.000976735
0.000924
0.000873883
0.000826267
0.00078104
0.000738092
0.000697322
0.000658628
0.000621915
0.000587091
0.000554068
0.000522761
0.00049309
0.000464977
0.000438347
0.000413129
0.000389255
0.00036666
0.000345282
0.00032506
0.000305937
0.000287859
0.000270774
0.000254631
0.000239384
0.000224986
0.000211394
0.000198567
0.000186465
0.000175051
0.000164289
0.000154144
0.000144583
0.000135577
0.000127095
0.000119109
0.000111592
0.000104519
9.78659e-05
9.16093e-05
8.57274e-05
8.01995e-05
7.50058e-05
7.01277e-05
6.55473e-05
6.12478e-05
5.72133e-05
5.34285e-05
4.9879e-05
4.65514e-05
4.34326e-05
4.05105e-05
3.77736e-05
3.52108e-05
3.28119e-05
3.05671e-05
2.84672e-05
2.65034e-05
2.46674e-05
2.29516e-05
2.13485e-05
1.98513e-05
1.84533e-05
1.71485e-05
1.59309e-05
1.47952e-05
1.37361e-05
1.27489e-05
1.18289e-05
1.09718e-05
1.01737e-05
9.43058e-06
8.739e-06
8.09557e-06
7.49714e-06
6.94073e-06
6.42357e-06
5.94305e-06
5.49672e-06
5.08228e-06
4.69757e-06
4.3406e-06
4.00946e-06
3.70239e-06
3.41773e-06
3.15394e-06
2.90957e-06
2.68326e-06
2.47375e-06
2.27986e-06
2.10048e-06
1.93458e-06
1.78121e-06
1.63945e-06
1.50849e-06
1.38753e-06
1.27585e-06
1.17278e-06
1.07767e-06
9.89957e-07
9.0908e-07
8.34535e-07
7.65849e-07
7.02584e-07
6.44331e-07
5.90713e-07
5.41376e-07
4.95995e-07
4.54267e-07
4.1591e-07
3.80666e-07
3.48291e-07
3.18564e-07
2.91276e-07
2.66237e-07
2.43269e-07
2.22207e-07
2.02901e-07
1.8521e-07
1.69005e-07
1.54165e-07
1.40581e-07
1.28151e-07
1.16781e-07
1.06383e-07
9.68787e-08
8.81934e-08
8.02596e-08
7.30148e-08
6.64014e-08
6.03666e-08
5.48616e-08
4.98417e-08
4.52657e-08
4.10958e-08
3.72974e-08
3.38385e-08
3.069e-08
2.78249e-08
2.52186e-08
2.28487e-08
2.06944e-08
1.87369e-08
1.69587e-08
1.5344e-08
1.38782e-08
1.25483e-08
1.13418e-08
1.02479e-08
9.25626e-09
8.35772e-09
7.54382e-09
6.80684e-09
6.13974e-09
5.53612e-09
4.99013e-09
4.49643e-09
4.05019e-09
3.64697e-09
3.28277e-09
2.95392e-09
2.6571e-09
2.38928e-09
2.14771e-09
1.9299e-09
1.73359e-09
1.55671e-09
1.3974e-09
1.25397e-09
1.12487e-09
1.00873e-09
9.04279e-10
8.10377e-10
7.25993e-10
6.50194e-10
5.82137e-10
5.2106e-10
4.66277e-10
4.17166e-10
3.73173e-10
3.33795e-10
2.98583e-10
2.67139e-10
2.39104e-10
2.14165e-10
1.92047e-10
1.72512e-10
1.55359e-10
1.40428e-10
1.27593e-10
1.16774e-10
1.07934e-10
1.01092e-10
9.63296e-11
9.38152e-11
0.604428
0.612276
0.619027
0.624802
0.629714
0.633828
0.637201
0.639872
0.641873
0.64323
0.643963
0.64409
0.643661
0.642634
0.641045
0.638916
0.636265
0.633111
0.629472
0.625366
0.620815
0.615837
0.610454
0.604687
0.598556
0.592084
0.585291
0.5782
0.570832
0.563208
0.555349
0.547277
0.539012
0.530574
0.521983
0.513259
0.50442
0.495484
0.48647
0.477394
0.468273
0.459121
0.449955
0.440788
0.431634
0.422504
0.413412
0.404368
0.395382
0.386464
0.377624
0.368868
0.360206
0.351642
0.343184
0.334838
0.326607
0.318497
0.310511
0.302652
0.294923
0.287327
0.279866
0.272541
0.265353
0.258302
0.251391
0.244617
0.237983
0.231486
0.225127
0.218905
0.212818
0.206867
0.201048
0.195362
0.189806
0.184379
0.179079
0.173905
0.168854
0.163925
0.159115
0.154424
0.149848
0.145385
0.141034
0.136793
0.132659
0.128631
0.124706
0.120883
0.117159
0.113532
0.110001
0.106563
0.103216
0.0999586
0.0967888
0.0937047
0.0907044
0.0877861
0.0849479
0.082188
0.0795047
0.0768962
0.074361
0.0718972
0.0695032
0.0671775
0.0649184
0.0627245
0.060594
0.0585257
0.0565178
0.0545692
0.0526782
0.0508435
0.0490638
0.0473376
0.0456637
0.0440408
0.0424676
0.0409428
0.0394652
0.0380337
0.0366471
0.0353041
0.0340037
0.0327448
0.0315263
0.0303471
0.0292061
0.0281024
0.0270349
0.0260027
0.0250049
0.0240403
0.0231082
0.0222077
0.0213378
0.0204976
0.0196864
0.0189034
0.0181476
0.0174183
0.0167148
0.0160362
0.0153818
0.014751
0.014143
0.013557
0.0129925
0.0124487
0.0119251
0.011421
0.0109357
0.0104688
0.0100195
0.00958735
0.00917177
0.00877222
0.00838817
0.00801911
0.00766453
0.00732395
0.0069969
0.00668291
0.00638154
0.00609233
0.00581488
0.00554877
0.0052936
0.00504897
0.00481452
0.00458986
0.00437465
0.00416853
0.00397118
0.00378227
0.00360148
0.0034285
0.00326304
0.00310482
0.00295354
0.00280895
0.00267079
0.0025388
0.00241273
0.00229236
0.00217746
0.0020678
0.00196317
0.00186337
0.0017682
0.00167747
0.00159099
0.00150858
0.00143008
0.00135532
0.00128414
0.00121639
0.00115191
0.00109057
0.00103222
0.000976748
0.000924012
0.000873895
0.000826278
0.00078105
0.000738103
0.000697331
0.000658637
0.000621923
0.000587099
0.000554076
0.000522769
0.000493097
0.000464983
0.000438353
0.000413135
0.000389261
0.000366666
0.000345287
0.000325065
0.000305942
0.000287864
0.000270778
0.000254635
0.000239388
0.000224989
0.000211397
0.00019857
0.000186468
0.000175054
0.000164291
0.000154146
0.000144586
0.000135579
0.000127097
0.000119111
0.000111594
0.000104521
9.78678e-05
9.1611e-05
8.57291e-05
8.02011e-05
7.50073e-05
7.01291e-05
6.55487e-05
6.12491e-05
5.72145e-05
5.34296e-05
4.98801e-05
4.65524e-05
4.34335e-05
4.05114e-05
3.77744e-05
3.52116e-05
3.28126e-05
3.05678e-05
2.84678e-05
2.6504e-05
2.4668e-05
2.29522e-05
2.1349e-05
1.98518e-05
1.84538e-05
1.71489e-05
1.59313e-05
1.47956e-05
1.37365e-05
1.27492e-05
1.18292e-05
1.09721e-05
1.01739e-05
9.43082e-06
8.73923e-06
8.09579e-06
7.49734e-06
6.94092e-06
6.42375e-06
5.94321e-06
5.49687e-06
5.08242e-06
4.69771e-06
4.34072e-06
4.00957e-06
3.7025e-06
3.41783e-06
3.15404e-06
2.90966e-06
2.68334e-06
2.47383e-06
2.27993e-06
2.10054e-06
1.93464e-06
1.78126e-06
1.63951e-06
1.50854e-06
1.38757e-06
1.27589e-06
1.17282e-06
1.07771e-06
9.8999e-07
9.09111e-07
8.34563e-07
7.65875e-07
7.02608e-07
6.44354e-07
5.90733e-07
5.41395e-07
4.96012e-07
4.54283e-07
4.15925e-07
3.8068e-07
3.48304e-07
3.18576e-07
2.91287e-07
2.66247e-07
2.43278e-07
2.22216e-07
2.02909e-07
1.85217e-07
1.69011e-07
1.54171e-07
1.40587e-07
1.28156e-07
1.16786e-07
1.06388e-07
9.68827e-08
8.81971e-08
8.0263e-08
7.30179e-08
6.64043e-08
6.03692e-08
5.4864e-08
4.98438e-08
4.52677e-08
4.10977e-08
3.72991e-08
3.38401e-08
3.06914e-08
2.78261e-08
2.52198e-08
2.28498e-08
2.06954e-08
1.87377e-08
1.69595e-08
1.53447e-08
1.38789e-08
1.25489e-08
1.13424e-08
1.02484e-08
9.25671e-09
8.35814e-09
7.5442e-09
6.80718e-09
6.14006e-09
5.53641e-09
4.99039e-09
4.49667e-09
4.0504e-09
3.64717e-09
3.28294e-09
2.95408e-09
2.65724e-09
2.38941e-09
2.14783e-09
1.93001e-09
1.73369e-09
1.5568e-09
1.39748e-09
1.25404e-09
1.12494e-09
1.00879e-09
9.04332e-10
8.10425e-10
7.26036e-10
6.50233e-10
5.82172e-10
5.21092e-10
4.66305e-10
4.17192e-10
3.73196e-10
3.33815e-10
2.98602e-10
2.67155e-10
2.39119e-10
2.14179e-10
1.92059e-10
1.72523e-10
1.55369e-10
1.40437e-10
1.27602e-10
1.16782e-10
1.07941e-10
1.01099e-10
9.6336e-11
9.38214e-11
0.604374
0.612109
0.618745
0.624411
0.629225
0.633254
0.636551
0.639152
0.64109
0.642388
0.643065
0.64314
0.64266
0.641582
0.639946
0.637773
0.635081
0.631888
0.628211
0.624071
0.619487
0.61448
0.609069
0.603276
0.597123
0.59063
0.583819
0.576712
0.56933
0.561694
0.553826
0.545746
0.537475
0.529033
0.520441
0.511717
0.502879
0.493948
0.484939
0.47587
0.466756
0.457615
0.44846
0.439305
0.430164
0.421049
0.411973
0.402945
0.393977
0.385077
0.376256
0.36752
0.358877
0.350334
0.341898
0.333572
0.325363
0.317275
0.309311
0.301475
0.293769
0.286196
0.278757
0.271455
0.264289
0.257261
0.250372
0.243621
0.237009
0.230534
0.224197
0.217996
0.211931
0.206001
0.200203
0.194537
0.189002
0.183595
0.178315
0.17316
0.168128
0.163218
0.158427
0.153753
0.149195
0.14475
0.140416
0.136192
0.132074
0.128062
0.124153
0.120345
0.116636
0.113024
0.109507
0.106084
0.102751
0.0995069
0.0963504
0.0932792
0.0902915
0.0873854
0.0845592
0.0818111
0.0791392
0.076542
0.0740176
0.0715644
0.0691808
0.0668652
0.0646159
0.0624315
0.0603104
0.0582511
0.0562522
0.0543121
0.0524295
0.050603
0.0488312
0.0471127
0.0454463
0.0438307
0.0422645
0.0407466
0.0392758
0.0378508
0.0364704
0.0351336
0.0338392
0.032586
0.0313731
0.0301993
0.0290636
0.027965
0.0269025
0.0258751
0.0248819
0.0239218
0.0229941
0.0220978
0.021232
0.0203958
0.0195885
0.0188091
0.0180569
0.0173311
0.0166309
0.0159556
0.0153044
0.0146766
0.0140714
0.0134883
0.0129265
0.0123854
0.0118644
0.0113627
0.0108798
0.0104151
0.00996803
0.00953801
0.00912448
0.0087269
0.00834475
0.00797752
0.0076247
0.00728582
0.0069604
0.00664798
0.00634811
0.00606037
0.00578431
0.00551954
0.00526566
0.00502227
0.00478901
0.00456549
0.00435138
0.00414632
0.00394998
0.00376203
0.00358217
0.00341009
0.00324548
0.00308807
0.00293759
0.00279375
0.0026563
0.002525
0.0023996
0.00227986
0.00216556
0.00205647
0.0019524
0.00185312
0.00175846
0.00166821
0.00158219
0.00150022
0.00142214
0.00134778
0.00127698
0.00120959
0.00114546
0.00108445
0.00102642
0.000971249
0.0009188
0.000868955
0.000821599
0.000776618
0.000733906
0.000693359
0.000654877
0.000618366
0.000583734
0.000550894
0.00051976
0.000490254
0.000462297
0.000435816
0.000410739
0.000386999
0.000364531
0.000343272
0.000323164
0.000304149
0.000286174
0.000269185
0.000253134
0.000237974
0.000223658
0.000210144
0.00019739
0.000185358
0.00017401
0.000163309
0.000153223
0.000143718
0.000134764
0.000126331
0.000118392
0.000110919
0.000103887
9.72731e-05
9.10532e-05
8.5206e-05
7.97107e-05
7.45478e-05
6.96986e-05
6.51454e-05
6.08716e-05
5.68611e-05
5.30989e-05
4.95707e-05
4.62631e-05
4.31631e-05
4.02586e-05
3.75382e-05
3.4991e-05
3.26066e-05
3.03755e-05
2.82884e-05
2.63366e-05
2.45119e-05
2.28066e-05
2.12134e-05
1.97253e-05
1.8336e-05
1.70392e-05
1.58292e-05
1.47006e-05
1.36481e-05
1.2667e-05
1.17528e-05
1.09011e-05
1.01079e-05
9.36953e-06
8.68232e-06
8.04296e-06
7.44832e-06
6.89544e-06
6.38157e-06
5.90412e-06
5.46063e-06
5.04885e-06
4.66662e-06
4.31194e-06
3.98293e-06
3.67784e-06
3.39503e-06
3.13295e-06
2.89017e-06
2.66533e-06
2.45719e-06
2.26456e-06
2.08636e-06
1.92155e-06
1.76919e-06
1.62837e-06
1.49827e-06
1.37811e-06
1.26717e-06
1.16478e-06
1.07032e-06
9.83185e-07
9.02849e-07
8.28803e-07
7.60579e-07
6.9774e-07
6.3988e-07
5.86624e-07
5.37621e-07
4.92548e-07
4.51104e-07
4.13009e-07
3.78005e-07
3.45853e-07
3.16329e-07
2.89229e-07
2.64362e-07
2.41552e-07
2.20636e-07
2.01464e-07
1.83896e-07
1.67803e-07
1.53067e-07
1.39578e-07
1.27235e-07
1.15944e-07
1.0562e-07
9.6182e-08
8.7558e-08
7.96803e-08
7.24868e-08
6.59204e-08
5.99284e-08
5.44626e-08
4.94785e-08
4.49353e-08
4.07953e-08
3.70242e-08
3.35902e-08
3.04643e-08
2.76199e-08
2.50325e-08
2.26798e-08
2.05411e-08
1.85978e-08
1.68326e-08
1.52297e-08
1.37747e-08
1.24545e-08
1.12569e-08
1.0171e-08
9.18668e-09
8.29479e-09
7.48691e-09
6.7554e-09
6.09326e-09
5.49414e-09
4.95222e-09
4.46221e-09
4.01931e-09
3.61912e-09
3.25765e-09
2.93128e-09
2.63669e-09
2.3709e-09
2.13116e-09
1.91501e-09
1.72018e-09
1.54465e-09
1.38656e-09
1.24422e-09
1.11612e-09
1.00086e-09
8.97216e-10
8.04037e-10
7.20304e-10
6.45092e-10
5.77563e-10
5.16961e-10
4.62604e-10
4.13878e-10
3.7023e-10
3.31163e-10
2.96231e-10
2.65038e-10
2.37229e-10
2.12494e-10
1.90558e-10
1.71188e-10
1.54184e-10
1.39385e-10
1.2667e-10
1.15955e-10
1.07206e-10
1.00439e-10
9.57322e-11
9.32502e-11
0.604265
0.611767
0.618167
0.623614
0.628235
0.632095
0.635241
0.637707
0.63952
0.6407
0.641267
0.64124
0.640656
0.63948
0.637754
0.635495
0.632721
0.62945
0.625702
0.621494
0.616847
0.61178
0.606316
0.600474
0.594276
0.587743
0.580896
0.573758
0.566348
0.55869
0.550803
0.542709
0.534427
0.525979
0.517384
0.50866
0.499827
0.490903
0.481905
0.47285
0.463754
0.454632
0.445499
0.436369
0.427255
0.418169
0.409124
0.400129
0.391195
0.382332
0.373548
0.364851
0.356248
0.347747
0.339352
0.331069
0.322903
0.314859
0.306939
0.299147
0.291486
0.283958
0.276564
0.269307
0.262186
0.255203
0.248358
0.241652
0.235083
0.228652
0.222358
0.2162
0.210178
0.204289
0.198533
0.192908
0.187412
0.182045
0.176804
0.171687
0.166693
0.16182
0.157066
0.152428
0.147905
0.143494
0.139194
0.135003
0.130918
0.126938
0.12306
0.119283
0.115604
0.112021
0.108533
0.105137
0.101832
0.0986145
0.0954842
0.0924385
0.0894758
0.0865941
0.0837916
0.0810667
0.0784175
0.0758423
0.0733394
0.0709072
0.0685441
0.0662484
0.0640186
0.0618531
0.0597505
0.0577091
0.0557276
0.0538046
0.0519385
0.0501281
0.048372
0.0466688
0.0450172
0.0434159
0.0418638
0.0403595
0.0389019
0.0374897
0.0361218
0.0347971
0.0335144
0.0322726
0.0310708
0.0299077
0.0287824
0.0276939
0.0266412
0.0256233
0.0246392
0.0236881
0.022769
0.021881
0.0210233
0.020195
0.0193952
0.0186231
0.017878
0.0171591
0.0164655
0.0157966
0.0151516
0.0145298
0.0139304
0.0133529
0.0127965
0.0122606
0.0117445
0.0112477
0.0107695
0.0103093
0.0098666
0.00944076
0.00903127
0.00863758
0.00825918
0.00789555
0.00754621
0.00721068
0.00688847
0.00657915
0.00628226
0.00599738
0.00572408
0.00546196
0.00521062
0.00496967
0.00473875
0.00451749
0.00430554
0.00410256
0.00390821
0.00372218
0.00354415
0.00337382
0.0032109
0.00305511
0.00290616
0.00276381
0.00262778
0.00249784
0.00237373
0.00225523
0.00214212
0.00203418
0.00193119
0.00183295
0.00173928
0.00164998
0.00156487
0.00148377
0.00140651
0.00133294
0.00126289
0.00119622
0.00113278
0.00107242
0.00101501
0.000960429
0.000908544
0.000859237
0.000812392
0.000767898
0.000725649
0.000685543
0.000647481
0.000611368
0.000577115
0.000544635
0.000513844
0.000484662
0.000457014
0.000430825
0.000406026
0.000382549
0.000360331
0.00033931
0.000319426
0.000300625
0.000282851
0.000266053
0.000250183
0.000235194
0.00022104
0.000207679
0.000195071
0.000183175
0.000171957
0.000161379
0.000151408
0.000142012
0.000133161
0.000124826
0.000116978
0.000109592
0.000102642
9.61044e-05
8.99571e-05
8.41782e-05
7.87472e-05
7.36449e-05
6.88527e-05
6.43532e-05
6.01298e-05
5.61668e-05
5.24493e-05
4.89631e-05
4.56948e-05
4.26318e-05
3.97621e-05
3.70743e-05
3.45577e-05
3.2202e-05
2.99978e-05
2.79359e-05
2.60078e-05
2.42053e-05
2.25207e-05
2.09469e-05
1.94771e-05
1.81048e-05
1.68239e-05
1.56288e-05
1.45141e-05
1.34746e-05
1.25057e-05
1.16028e-05
1.07617e-05
9.9784e-06
9.24921e-06
8.5706e-06
7.93926e-06
7.35209e-06
6.80618e-06
6.2988e-06
5.82738e-06
5.38952e-06
4.98296e-06
4.6056e-06
4.25544e-06
3.93064e-06
3.62946e-06
3.35028e-06
3.09157e-06
2.85192e-06
2.62999e-06
2.42454e-06
2.23442e-06
2.05853e-06
1.89587e-06
1.74549e-06
1.60652e-06
1.47812e-06
1.35955e-06
1.25007e-06
1.14903e-06
1.05581e-06
9.69835e-07
8.90565e-07
8.17505e-07
7.50191e-07
6.88191e-07
6.31106e-07
5.78564e-07
5.3022e-07
4.85755e-07
4.4487e-07
4.0729e-07
3.72761e-07
3.41045e-07
3.11923e-07
2.85193e-07
2.60666e-07
2.38168e-07
2.1754e-07
1.98631e-07
1.81305e-07
1.65434e-07
1.50902e-07
1.376e-07
1.25428e-07
1.14295e-07
1.04114e-07
9.48085e-08
8.63053e-08
7.85381e-08
7.14458e-08
6.49718e-08
5.90645e-08
5.3676e-08
4.87626e-08
4.42838e-08
4.02028e-08
3.64854e-08
3.31004e-08
3.00193e-08
2.72157e-08
2.46655e-08
2.23466e-08
2.02388e-08
1.83236e-08
1.65839e-08
1.50043e-08
1.35705e-08
1.22695e-08
1.10894e-08
1.00194e-08
9.04947e-09
8.17067e-09
7.37468e-09
6.65395e-09
6.00159e-09
5.41132e-09
4.87744e-09
4.39471e-09
3.95839e-09
3.56417e-09
3.2081e-09
2.88661e-09
2.59644e-09
2.33464e-09
2.09851e-09
1.88562e-09
1.69374e-09
1.52086e-09
1.36517e-09
1.22499e-09
1.09884e-09
9.85343e-10
8.83278e-10
7.91526e-10
7.09079e-10
6.35023e-10
5.68535e-10
5.0887e-10
4.55356e-10
4.07389e-10
3.64422e-10
3.25968e-10
2.91587e-10
2.6089e-10
2.33527e-10
2.09193e-10
1.87619e-10
1.68573e-10
1.51861e-10
1.37324e-10
1.24842e-10
1.14333e-10
1.05762e-10
9.91421e-11
9.45462e-11
9.21278e-11
0.604092
0.611225
0.617261
0.622379
0.626715
0.630326
0.633252
0.635519
0.637147
0.638155
0.638559
0.638385
0.637647
0.636331
0.634472
0.632089
0.629197
0.625815
0.621961
0.617656
0.612918
0.607768
0.602226
0.596314
0.590051
0.583461
0.576563
0.56938
0.561933
0.554243
0.54633
0.538216
0.52992
0.521464
0.512866
0.504145
0.495319
0.486408
0.477427
0.468393
0.459323
0.450231
0.441131
0.432039
0.422965
0.413923
0.404924
0.395979
0.387097
0.378288
0.369559
0.36092
0.352377
0.343936
0.335603
0.327383
0.319282
0.311302
0.303448
0.295722
0.288127
0.280665
0.273337
0.266146
0.259092
0.252175
0.245396
0.238754
0.232251
0.225884
0.219654
0.213559
0.207599
0.201772
0.196076
0.190512
0.185075
0.179766
0.174583
0.169523
0.164584
0.159766
0.155065
0.15048
0.146009
0.141649
0.137399
0.133257
0.12922
0.125287
0.121455
0.117722
0.114087
0.110548
0.107102
0.103747
0.100482
0.0973041
0.0942122
0.0912042
0.0882781
0.0854322
0.0826647
0.0799739
0.077358
0.0748153
0.0723441
0.0699428
0.0676097
0.0653434
0.0631421
0.0610045
0.0589289
0.056914
0.0549582
0.0530601
0.0512184
0.0494317
0.0476985
0.0460177
0.0443879
0.0428078
0.0412762
0.0397919
0.0383537
0.0369604
0.0356108
0.0343038
0.0330384
0.0318134
0.0306278
0.0294804
0.0283704
0.0272968
0.0262584
0.0252544
0.0242838
0.0233458
0.0224393
0.0215636
0.0207177
0.0199009
0.0191122
0.0183509
0.0176162
0.0169073
0.0162235
0.015564
0.014928
0.014315
0.0137241
0.0131548
0.0126063
0.012078
0.0115693
0.0110796
0.0106082
0.0101546
0.00971826
0.00929856
0.00889498
0.00850699
0.00813408
0.00777574
0.00743149
0.00710085
0.00678336
0.00647857
0.00618604
0.00590535
0.00563608
0.00537783
0.00513021
0.00489284
0.00466536
0.00444739
0.00423861
0.00403866
0.00384723
0.00366399
0.00348864
0.00332088
0.00316042
0.00300699
0.0028603
0.00272011
0.00258616
0.0024582
0.00233599
0.00221931
0.00210794
0.00200165
0.00190025
0.00180354
0.00171132
0.0016234
0.00153961
0.00145978
0.00138373
0.00131131
0.00124236
0.00117673
0.00111428
0.00105488
0.00099838
0.000944662
0.0008936
0.000845077
0.000798979
0.000755195
0.000713623
0.000674159
0.000636708
0.000601177
0.000567477
0.000535521
0.000505229
0.000476521
0.000449322
0.00042356
0.000399166
0.000376074
0.00035422
0.000333544
0.000313988
0.000295496
0.000278016
0.000261497
0.00024589
0.00023115
0.000217232
0.000204095
0.000191697
0.000180002
0.000168971
0.000158571
0.000148769
0.000139532
0.000130831
0.000122637
0.000114923
0.000107663
0.000100832
9.44062e-05
8.83644e-05
8.26849e-05
7.73476e-05
7.23333e-05
6.76241e-05
6.32026e-05
5.90526e-05
5.51586e-05
5.15059e-05
4.80807e-05
4.48697e-05
4.18605e-05
3.90413e-05
3.64009e-05
3.39287e-05
3.16148e-05
2.94497e-05
2.74245e-05
2.55307e-05
2.37604e-05
2.2106e-05
2.05604e-05
1.9117e-05
1.77694e-05
1.65116e-05
1.53381e-05
1.42436e-05
1.3223e-05
1.22717e-05
1.13853e-05
1.05595e-05
9.7906e-06
9.0748e-06
8.40866e-06
7.78895e-06
7.21263e-06
6.67682e-06
6.17885e-06
5.71619e-06
5.28648e-06
4.88751e-06
4.5172e-06
4.1736e-06
3.8549e-06
3.55939e-06
3.28547e-06
3.03165e-06
2.79653e-06
2.57881e-06
2.37727e-06
2.19077e-06
2.01824e-06
1.85869e-06
1.7112e-06
1.57489e-06
1.44897e-06
1.33268e-06
1.22532e-06
1.12623e-06
1.03482e-06
9.50519e-07
8.72794e-07
8.0116e-07
7.35163e-07
6.74378e-07
6.18415e-07
5.66907e-07
5.19517e-07
4.7593e-07
4.35855e-07
3.99021e-07
3.65179e-07
3.34095e-07
3.05554e-07
2.79359e-07
2.55323e-07
2.33277e-07
2.13064e-07
1.94536e-07
1.7756e-07
1.62011e-07
1.47774e-07
1.34742e-07
1.22818e-07
1.11912e-07
1.0194e-07
9.28246e-08
8.44959e-08
7.68885e-08
6.99423e-08
6.36021e-08
5.78169e-08
5.25402e-08
4.77288e-08
4.33433e-08
3.93473e-08
3.57076e-08
3.23935e-08
2.9377e-08
2.66323e-08
2.41358e-08
2.18658e-08
1.98026e-08
1.79279e-08
1.62252e-08
1.46791e-08
1.32758e-08
1.20026e-08
1.08477e-08
9.80063e-09
8.85157e-09
7.99166e-09
7.21282e-09
6.50764e-09
5.86939e-09
5.29191e-09
4.76961e-09
4.29738e-09
3.87057e-09
3.48496e-09
3.13668e-09
2.82223e-09
2.53843e-09
2.28238e-09
2.05146e-09
1.84326e-09
1.65563e-09
1.48658e-09
1.33434e-09
1.19728e-09
1.07394e-09
9.62981e-10
8.63199e-10
7.73504e-10
6.92908e-10
6.2052e-10
5.55533e-10
4.97218e-10
4.44918e-10
3.98043e-10
3.56058e-10
3.18487e-10
2.84901e-10
2.54917e-10
2.28197e-10
2.0444e-10
1.83385e-10
1.64807e-10
1.48514e-10
1.34354e-10
1.22207e-10
1.11995e-10
1.03679e-10
9.72699e-11
9.28322e-11
9.05049e-11
0.603848
0.610443
0.615973
0.620653
0.624617
0.627909
0.630551
0.632561
0.633951
0.634737
0.634932
0.634568
0.633631
0.632138
0.630112
0.627569
0.624528
0.621006
0.617021
0.612592
0.607741
0.602485
0.596847
0.590846
0.584505
0.577843
0.570883
0.563645
0.556152
0.548423
0.54048
0.532343
0.524032
0.515567
0.506968
0.498252
0.489439
0.480546
0.471589
0.462586
0.453551
0.444499
0.435445
0.426403
0.417383
0.4084
0.399462
0.390582
0.381769
0.37303
0.364376
0.355812
0.347347
0.338986
0.330734
0.322597
0.314579
0.306684
0.298915
0.291275
0.283767
0.276391
0.26915
0.262046
0.255078
0.248247
0.241553
0.234997
0.228578
0.222295
0.216148
0.210135
0.204256
0.198509
0.192893
0.187406
0.182047
0.176814
0.171705
0.166719
0.161852
0.157105
0.152474
0.147957
0.143553
0.13926
0.135074
0.130996
0.127021
0.123149
0.119376
0.115702
0.112125
0.108641
0.105249
0.101948
0.0987353
0.0956088
0.0925668
0.0896075
0.086729
0.0839296
0.0812074
0.0785609
0.0759881
0.0734875
0.0710574
0.0686961
0.0664021
0.0641737
0.0620095
0.0599079
0.0578675
0.0558867
0.0539642
0.0520986
0.0502884
0.0485323
0.046829
0.0451771
0.0435755
0.0420228
0.0405179
0.0390594
0.0376463
0.0362774
0.0349515
0.0336675
0.0324244
0.0312211
0.0300564
0.0289295
0.0278393
0.0267847
0.0257649
0.0247789
0.0238258
0.0229046
0.0220145
0.0211546
0.0203241
0.0195221
0.0187477
0.0180003
0.0172791
0.0165832
0.0159119
0.0152645
0.0146402
0.0140385
0.0134586
0.0128998
0.0123615
0.0118431
0.0113438
0.0108633
0.0104007
0.00995568
0.00952753
0.00911575
0.00871979
0.00833914
0.0079733
0.00762177
0.00728407
0.00695974
0.00664832
0.00634937
0.00606246
0.00578716
0.00552308
0.00526982
0.00502699
0.00479422
0.00457115
0.00435743
0.00415272
0.00395668
0.00376899
0.00358934
0.00341744
0.00325298
0.00309569
0.00294529
0.00280151
0.0026641
0.00253281
0.0024074
0.00228763
0.00217328
0.00206414
0.00195999
0.00186063
0.00176586
0.0016755
0.00158937
0.00150727
0.00142906
0.00135456
0.00128362
0.00121608
0.00115179
0.00109063
0.00103244
0.000977106
0.000924495
0.000874489
0.000826971
0.000781828
0.000738955
0.000698248
0.000659609
0.000622941
0.000588154
0.000555161
0.000523878
0.000494224
0.000466122
0.000439498
0.000414283
0.000390407
0.000367806
0.000346418
0.000326184
0.000307046
0.000288951
0.000271847
0.000255683
0.000240414
0.000225992
0.000212376
0.000199523
0.000187395
0.000175955
0.000165165
0.000154993
0.000145405
0.000136371
0.000127862
0.000119849
0.000112305
0.000105205
9.85259e-05
9.22434e-05
8.63362e-05
8.07834e-05
7.55654e-05
7.06636e-05
6.60601e-05
6.17381e-05
5.76817e-05
5.38756e-05
5.03056e-05
4.69581e-05
4.38201e-05
4.08794e-05
3.81245e-05
3.55445e-05
3.3129e-05
3.08682e-05
2.87529e-05
2.67744e-05
2.49243e-05
2.3195e-05
2.15789e-05
2.00693e-05
1.86595e-05
1.73433e-05
1.6115e-05
1.4969e-05
1.39001e-05
1.29035e-05
1.19746e-05
1.11091e-05
1.03029e-05
9.55225e-06
8.85345e-06
8.20317e-06
7.59825e-06
7.03569e-06
6.51272e-06
6.0267e-06
5.57516e-06
5.15581e-06
4.76647e-06
4.40512e-06
4.06985e-06
3.75889e-06
3.47057e-06
3.20334e-06
2.95572e-06
2.72636e-06
2.51398e-06
2.31739e-06
2.13548e-06
1.96721e-06
1.81161e-06
1.66777e-06
1.53485e-06
1.41206e-06
1.29866e-06
1.19398e-06
1.09738e-06
1.00826e-06
9.26077e-07
8.50309e-07
7.80482e-07
7.16153e-07
6.56908e-07
6.02364e-07
5.52166e-07
5.05983e-07
4.63509e-07
4.24458e-07
3.88568e-07
3.55594e-07
3.2531e-07
2.97505e-07
2.71986e-07
2.48573e-07
2.27098e-07
2.0741e-07
1.89365e-07
1.72831e-07
1.57688e-07
1.43824e-07
1.31134e-07
1.19523e-07
1.08904e-07
9.91948e-08
9.03206e-08
8.22124e-08
7.48069e-08
6.80453e-08
6.18739e-08
5.62431e-08
5.11074e-08
4.64249e-08
4.2157e-08
3.82685e-08
3.47268e-08
3.15022e-08
2.85672e-08
2.58969e-08
2.34681e-08
2.12599e-08
1.92529e-08
1.74293e-08
1.57731e-08
1.42694e-08
1.29047e-08
1.16664e-08
1.05434e-08
9.52516e-09
8.60233e-09
7.76625e-09
7.00901e-09
6.32344e-09
5.70296e-09
5.1416e-09
4.6339e-09
4.17489e-09
3.76006e-09
3.38528e-09
3.04681e-09
2.74123e-09
2.46545e-09
2.21665e-09
1.99228e-09
1.79e-09
1.6077e-09
1.44348e-09
1.29559e-09
1.16245e-09
1.04264e-09
9.34872e-10
8.37962e-10
7.50853e-10
6.72587e-10
6.02296e-10
5.39195e-10
4.82578e-10
4.31805e-10
3.86302e-10
3.45552e-10
3.0909e-10
2.76501e-10
2.47414e-10
2.215e-10
1.98469e-10
1.78066e-10
1.60073e-10
1.44308e-10
1.30619e-10
1.18892e-10
1.0905e-10
1.01054e-10
9.49078e-11
9.06674e-11
8.84533e-11
0.603522
0.609348
0.614214
0.618359
0.621882
0.624792
0.627095
0.628796
0.629902
0.630423
0.630373
0.629775
0.628611
0.62691
0.624688
0.621961
0.618746
0.61506
0.610923
0.606353
0.60137
0.595994
0.590245
0.584144
0.577712
0.57097
0.563939
0.556641
0.549097
0.541326
0.533351
0.525191
0.516866
0.508395
0.499798
0.491093
0.482298
0.473431
0.464507
0.455542
0.446553
0.437554
0.428557
0.419577
0.410626
0.401715
0.392854
0.384055
0.375325
0.366674
0.35811
0.34964
0.34127
0.333007
0.324854
0.316818
0.308903
0.301111
0.293446
0.28591
0.278506
0.271236
0.2641
0.257101
0.250237
0.243511
0.236921
0.230468
0.224151
0.21797
0.211923
0.206009
0.200229
0.194579
0.189058
0.183666
0.1784
0.173259
0.16824
0.163342
0.158564
0.153902
0.149355
0.144921
0.140599
0.136385
0.132278
0.128275
0.124376
0.120577
0.116877
0.113273
0.109765
0.106348
0.103023
0.0997862
0.0966364
0.0935715
0.0905897
0.0876891
0.0848681
0.0821247
0.0794573
0.076864
0.0743433
0.0718934
0.0695128
0.0671997
0.0649527
0.0627701
0.0606505
0.0585924
0.0565942
0.0546547
0.0527722
0.0509456
0.0491733
0.0474541
0.0457867
0.0441697
0.042602
0.0410823
0.0396093
0.038182
0.0367991
0.0354595
0.0341621
0.0329058
0.0316895
0.0305121
0.0293728
0.0282703
0.0272038
0.0261723
0.0251748
0.0242104
0.0232781
0.0223772
0.0215068
0.0206659
0.0198537
0.0190695
0.0183124
0.0175816
0.0168764
0.0161961
0.0155398
0.014907
0.0142968
0.0137086
0.0131418
0.0125956
0.0120695
0.0115629
0.011075
0.0106054
0.0101534
0.00971857
0.00930024
0.00889791
0.00851107
0.0081392
0.00778181
0.00743842
0.00710856
0.00679176
0.00648759
0.00619561
0.0059154
0.00564655
0.00538866
0.00514135
0.00490424
0.00467696
0.00445916
0.0042505
0.00405064
0.00385925
0.00367603
0.00350067
0.00333287
0.00317235
0.00301883
0.00287204
0.00273172
0.00259762
0.0024695
0.00234712
0.00223026
0.00211869
0.0020122
0.00191059
0.00181365
0.0017212
0.00163306
0.00154903
0.00146896
0.00139267
0.00132001
0.00125082
0.00118495
0.00112227
0.00106262
0.00100588
0.000951928
0.000900633
0.000851879
0.000805552
0.000761545
0.000719751
0.000680071
0.000642407
0.000606668
0.000572763
0.000540608
0.000510121
0.000481223
0.000453839
0.000427897
0.000403328
0.000380066
0.000358046
0.00033721
0.000317498
0.000298856
0.00028123
0.00026457
0.000248828
0.000233956
0.000219911
0.000206651
0.000194135
0.000182326
0.000171186
0.000160681
0.000150778
0.000141444
0.00013265
0.000124366
0.000116566
0.000109224
0.000102314
9.5813e-05
8.9699e-05
8.39504e-05
7.85471e-05
7.34699e-05
6.87004e-05
6.42215e-05
6.00168e-05
5.60706e-05
5.23681e-05
4.88955e-05
4.56394e-05
4.25873e-05
3.97273e-05
3.70481e-05
3.45391e-05
3.21903e-05
2.9992e-05
2.79353e-05
2.60116e-05
2.4213e-05
2.25318e-05
2.09608e-05
1.94934e-05
1.81231e-05
1.68439e-05
1.56501e-05
1.45363e-05
1.34976e-05
1.25292e-05
1.16267e-05
1.07857e-05
1.00025e-05
9.27317e-06
8.59432e-06
7.96265e-06
7.37506e-06
6.82866e-06
6.32073e-06
5.84871e-06
5.41022e-06
5.003e-06
4.62494e-06
4.27409e-06
3.94858e-06
3.64668e-06
3.36678e-06
3.10736e-06
2.86701e-06
2.64438e-06
2.43825e-06
2.24746e-06
2.07093e-06
1.90764e-06
1.75665e-06
1.61708e-06
1.48812e-06
1.36899e-06
1.25898e-06
1.15744e-06
1.06373e-06
9.77292e-07
8.97579e-07
8.24096e-07
7.56379e-07
6.93997e-07
6.36549e-07
5.83663e-07
5.34993e-07
4.90218e-07
4.49042e-07
4.11187e-07
3.76398e-07
3.44437e-07
3.15085e-07
2.88138e-07
2.63407e-07
2.40718e-07
2.1991e-07
2.00833e-07
1.83349e-07
1.67332e-07
1.52662e-07
1.39231e-07
1.26939e-07
1.15694e-07
1.05408e-07
9.60053e-08
8.74114e-08
7.95598e-08
7.2389e-08
6.58422e-08
5.98671e-08
5.44158e-08
4.94441e-08
4.49114e-08
4.07803e-08
3.70166e-08
3.35888e-08
3.04681e-08
2.76279e-08
2.50439e-08
2.26938e-08
2.05573e-08
1.86155e-08
1.68513e-08
1.52492e-08
1.37946e-08
1.24745e-08
1.12769e-08
1.01908e-08
9.20607e-09
8.31367e-09
7.5052e-09
6.77303e-09
6.11018e-09
5.5103e-09
4.96762e-09
4.47683e-09
4.03315e-09
3.63219e-09
3.26996e-09
2.94285e-09
2.64754e-09
2.38105e-09
2.14064e-09
1.92385e-09
1.72842e-09
1.5523e-09
1.39366e-09
1.2508e-09
1.1222e-09
1.00648e-09
9.02399e-10
8.0881e-10
7.24693e-10
6.4912e-10
5.81252e-10
5.20332e-10
4.65676e-10
4.16667e-10
3.7275e-10
3.33425e-10
2.98244e-10
2.66807e-10
2.38755e-10
2.13771e-10
1.91576e-10
1.71924e-10
1.54607e-10
1.39446e-10
1.263e-10
1.15055e-10
1.05638e-10
9.80067e-11
9.2162e-11
8.81467e-11
8.60615e-11
0.603069
0.607783
0.611845
0.6154
0.618432
0.620912
0.622829
0.624179
0.624964
0.625187
0.624868
0.624001
0.622593
0.620663
0.618227
0.615298
0.611893
0.608031
0.603728
0.599005
0.59388
0.588374
0.582507
0.576299
0.569771
0.562945
0.555841
0.548481
0.540885
0.533074
0.525068
0.516887
0.508552
0.500081
0.491492
0.482805
0.474036
0.465202
0.456321
0.447406
0.438474
0.429538
0.420611
0.411707
0.402837
0.394012
0.385242
0.376538
0.367908
0.35936
0.350902
0.342541
0.334283
0.326133
0.318097
0.310178
0.302381
0.294709
0.287164
0.27975
0.272468
0.265319
0.258305
0.251427
0.244685
0.238079
0.231609
0.225274
0.219075
0.213011
0.20708
0.201281
0.195613
0.190075
0.184665
0.179382
0.174223
0.169187
0.164272
0.159477
0.154798
0.150235
0.145786
0.141447
0.137218
0.133095
0.129078
0.125164
0.121351
0.117636
0.114019
0.110496
0.107067
0.103728
0.100478
0.0973158
0.0942383
0.0912441
0.0883314
0.0854983
0.0827431
0.080064
0.0774593
0.0749272
0.0724662
0.0700745
0.0677505
0.0654928
0.0632996
0.0611695
0.059101
0.0570927
0.055143
0.0532506
0.051414
0.049632
0.0479032
0.0462262
0.0445998
0.0430228
0.0414939
0.0400119
0.0385755
0.0371838
0.0358354
0.0345293
0.0332645
0.0320397
0.0308541
0.0297065
0.0285959
0.0275214
0.026482
0.0254767
0.0245047
0.0235649
0.0226566
0.0217788
0.0209307
0.0201114
0.0193202
0.0185563
0.0178188
0.017107
0.0164201
0.0157575
0.0151184
0.014502
0.0139078
0.0133351
0.0127832
0.0122514
0.0117392
0.0112459
0.010771
0.0103138
0.00987383
0.00945053
0.00904335
0.00865176
0.00827526
0.00791336
0.00756556
0.0072314
0.00691042
0.00660217
0.00630621
0.00602213
0.00574952
0.00548797
0.0052371
0.00499652
0.00476588
0.00454482
0.00433298
0.00413004
0.00393567
0.00374955
0.00357138
0.00340086
0.0032377
0.00308163
0.00293237
0.00278965
0.00265324
0.00252288
0.00239834
0.00227939
0.0021658
0.00205736
0.00195386
0.00185511
0.00176091
0.00167108
0.00158542
0.00150378
0.00142598
0.00135186
0.00128127
0.00121406
0.00115007
0.00108918
0.00103124
0.000976133
0.00092373
0.000873913
0.000826566
0.000781579
0.000738845
0.000698264
0.000659736
0.000623169
0.000588471
0.000555557
0.000524342
0.000494748
0.000466698
0.000440119
0.000414941
0.000391096
0.000368521
0.000347153
0.000326935
0.000307808
0.00028972
0.00027262
0.000256457
0.000241185
0.000226758
0.000213134
0.000200273
0.000188134
0.000176681
0.000165877
0.00015569
0.000146086
0.000137036
0.000128509
0.000120478
0.000112916
0.000105798
9.90991e-05
9.27977e-05
8.68715e-05
8.12998e-05
7.60631e-05
7.11426e-05
6.65207e-05
6.21806e-05
5.81063e-05
5.42828e-05
5.06956e-05
4.73313e-05
4.4177e-05
4.12205e-05
3.84501e-05
3.58551e-05
3.34251e-05
3.11503e-05
2.90214e-05
2.70298e-05
2.51671e-05
2.34255e-05
2.17978e-05
2.02769e-05
1.88563e-05
1.75298e-05
1.62915e-05
1.5136e-05
1.40581e-05
1.30528e-05
1.21157e-05
1.12422e-05
1.04285e-05
9.67066e-06
8.96503e-06
8.30826e-06
7.69717e-06
7.12877e-06
6.60023e-06
6.10894e-06
5.65242e-06
5.22834e-06
4.83453e-06
4.46895e-06
4.12969e-06
3.81495e-06
3.52307e-06
3.25247e-06
3.00168e-06
2.76934e-06
2.55415e-06
2.35492e-06
2.17052e-06
1.99991e-06
1.84211e-06
1.69621e-06
1.56135e-06
1.43675e-06
1.32165e-06
1.21538e-06
1.11729e-06
1.02677e-06
9.43277e-07
8.66287e-07
7.95319e-07
7.29923e-07
6.69683e-07
6.14211e-07
5.63147e-07
5.16157e-07
4.72931e-07
4.3318e-07
3.96639e-07
3.63059e-07
3.32211e-07
3.03882e-07
2.77876e-07
2.54011e-07
2.32118e-07
2.1204e-07
1.93634e-07
1.76767e-07
1.61314e-07
1.47163e-07
1.34208e-07
1.22352e-07
1.11506e-07
1.01587e-07
9.2519e-08
8.42321e-08
7.66614e-08
6.97476e-08
6.34358e-08
5.76756e-08
5.24207e-08
4.76283e-08
4.32594e-08
3.92779e-08
3.56507e-08
3.23474e-08
2.93402e-08
2.66035e-08
2.41138e-08
2.18497e-08
1.97914e-08
1.79209e-08
1.62216e-08
1.46784e-08
1.32774e-08
1.20061e-08
1.08528e-08
9.80688e-09
8.85874e-09
7.99952e-09
7.22115e-09
6.51629e-09
5.8782e-09
5.30078e-09
4.77843e-09
4.30607e-09
3.87907e-09
3.49321e-09
3.14465e-09
2.8299e-09
2.54577e-09
2.28938e-09
2.0581e-09
1.84955e-09
1.66156e-09
1.49217e-09
1.33959e-09
1.2022e-09
1.07853e-09
9.67261e-10
8.6718e-10
7.77198e-10
6.96329e-10
6.23679e-10
5.58442e-10
4.99889e-10
4.4736e-10
4.00265e-10
3.58067e-10
3.20288e-10
2.86496e-10
2.56306e-10
2.29374e-10
2.05397e-10
1.84105e-10
1.65265e-10
1.48676e-10
1.34168e-10
1.21605e-10
1.10879e-10
1.01916e-10
9.46757e-11
8.91522e-11
8.53765e-11
8.34283e-11
0.602208
0.605373
0.60866
0.611657
0.614171
0.616179
0.617676
0.618649
0.619092
0.619004
0.618394
0.617251
0.615591
0.613425
0.610767
0.607629
0.60403
0.599986
0.595514
0.590635
0.585366
0.579728
0.573742
0.567427
0.560805
0.553896
0.546721
0.539302
0.531659
0.523812
0.515781
0.507587
0.499248
0.490783
0.482212
0.473551
0.464817
0.456028
0.447199
0.438346
0.429482
0.420621
0.411777
0.402961
0.394185
0.385459
0.376794
0.368199
0.359682
0.351252
0.342914
0.334676
0.326544
0.318522
0.310616
0.302829
0.295165
0.287627
0.280218
0.272939
0.265792
0.25878
0.251901
0.245158
0.238551
0.232079
0.225742
0.21954
0.213473
0.207538
0.201735
0.196064
0.190522
0.185107
0.17982
0.174657
0.169617
0.164698
0.159898
0.155216
0.150649
0.146196
0.141853
0.13762
0.133494
0.129473
0.125556
0.121739
0.118021
0.1144
0.110874
0.107441
0.104099
0.100846
0.0976804
0.0945996
0.0916022
0.0886862
0.0858498
0.0830913
0.0804089
0.0778008
0.0752653
0.0728009
0.0704057
0.0680782
0.0658169
0.0636202
0.0614864
0.0594143
0.0574022
0.0554487
0.0535524
0.051712
0.0499261
0.0481933
0.0465123
0.0448819
0.0433007
0.0417677
0.0402815
0.0388409
0.0374449
0.0360923
0.0347819
0.0335127
0.0322837
0.0310937
0.0299417
0.0288267
0.0277478
0.026704
0.0256944
0.0247179
0.0237738
0.0228611
0.0219789
0.0211265
0.0203029
0.0195074
0.0187392
0.0179974
0.0172814
0.0165904
0.0159236
0.0152804
0.01466
0.0140618
0.0134851
0.0129292
0.0123935
0.0118775
0.0113804
0.0109018
0.0104409
0.00999735
0.00957049
0.00915981
0.00876479
0.00838492
0.0080197
0.00766866
0.00733131
0.0070072
0.00669589
0.00639694
0.00610994
0.00583446
0.00557011
0.0053165
0.00507325
0.00484
0.00461639
0.00440207
0.00419671
0.00399999
0.00381158
0.00363117
0.00345848
0.00329321
0.00313508
0.00298383
0.00283918
0.00270089
0.00256871
0.0024424
0.00232173
0.00220648
0.00209643
0.00199138
0.00189112
0.00179546
0.00170422
0.0016172
0.00153424
0.00145517
0.00137983
0.00130805
0.00123969
0.0011746
0.00111265
0.00105369
0.000997595
0.000944243
0.000893512
0.000845286
0.000799453
0.000755907
0.000714545
0.000675267
0.000637979
0.00060259
0.000569012
0.000537161
0.000506956
0.000478321
0.000451181
0.000425466
0.000401107
0.000378039
0.000356201
0.000335532
0.000315975
0.000297475
0.000279981
0.000263443
0.000247812
0.000233043
0.000219093
0.00020592
0.000193484
0.000181748
0.000170675
0.000160231
0.000150383
0.0001411
0.000132351
0.00012411
0.000116348
0.000109039
0.00010216
9.56874e-05
8.95984e-05
8.38723e-05
7.84889e-05
7.34295e-05
6.86759e-05
6.42109e-05
6.00184e-05
5.60829e-05
5.23898e-05
4.89252e-05
4.56761e-05
4.26298e-05
3.97747e-05
3.70997e-05
3.4594e-05
3.22477e-05
3.00514e-05
2.79962e-05
2.60735e-05
2.42754e-05
2.25944e-05
2.10233e-05
1.95554e-05
1.81844e-05
1.69042e-05
1.57093e-05
1.45943e-05
1.35542e-05
1.25843e-05
1.16801e-05
1.08375e-05
1.00526e-05
9.32151e-06
8.64089e-06
8.00743e-06
7.41806e-06
6.86989e-06
6.3602e-06
5.88645e-06
5.44625e-06
5.03736e-06
4.65768e-06
4.30523e-06
3.97818e-06
3.67479e-06
3.39344e-06
3.13262e-06
2.89091e-06
2.66699e-06
2.45962e-06
2.26763e-06
2.08995e-06
1.92557e-06
1.77354e-06
1.63297e-06
1.50306e-06
1.38303e-06
1.27216e-06
1.1698e-06
1.07533e-06
9.88154e-07
9.07749e-07
8.33612e-07
7.65277e-07
7.02311e-07
6.44313e-07
5.90909e-07
5.41751e-07
4.96518e-07
4.5491e-07
4.1665e-07
3.81481e-07
3.49164e-07
3.19478e-07
2.92219e-07
2.67195e-07
2.44233e-07
2.2317e-07
2.03854e-07
1.86148e-07
1.69923e-07
1.5506e-07
1.41449e-07
1.28989e-07
1.17588e-07
1.07158e-07
9.76198e-08
8.89008e-08
8.09332e-08
7.36547e-08
6.70081e-08
6.09407e-08
5.54038e-08
5.03529e-08
4.57469e-08
4.15481e-08
3.77219e-08
3.42364e-08
3.10623e-08
2.81729e-08
2.55436e-08
2.31518e-08
2.09767e-08
1.89995e-08
1.72028e-08
1.55707e-08
1.40886e-08
1.27432e-08
1.15223e-08
1.04148e-08
9.4106e-09
8.50026e-09
7.67536e-09
6.92812e-09
6.25149e-09
5.639e-09
5.08477e-09
4.58343e-09
4.1301e-09
3.72033e-09
3.35006e-09
3.01561e-09
2.71361e-09
2.44101e-09
2.19504e-09
1.97318e-09
1.77313e-09
1.59281e-09
1.43034e-09
1.28401e-09
1.15225e-09
1.03366e-09
9.26965e-10
8.31006e-10
7.44736e-10
6.67208e-10
5.97565e-10
5.35032e-10
4.78911e-10
4.2857e-10
3.83439e-10
3.43007e-10
3.06814e-10
2.74446e-10
2.45535e-10
2.19751e-10
1.96804e-10
1.76436e-10
1.58425e-10
1.42578e-10
1.28734e-10
1.16761e-10
1.06559e-10
9.80544e-11
9.12065e-11
8.60042e-11
8.24673e-11
8.06551e-11
0.600664
0.601668
0.604362
0.606879
0.608868
0.610406
0.611494
0.612106
0.612221
0.611838
0.610942
0.609539
0.607634
0.605238
0.602364
0.599024
0.595236
0.591016
0.586381
0.581351
0.575944
0.570181
0.564082
0.557668
0.550959
0.543975
0.536738
0.529269
0.521587
0.513713
0.505667
0.497469
0.489137
0.48069
0.472146
0.463522
0.454835
0.446102
0.437338
0.428556
0.419772
0.410999
0.402249
0.393533
0.384864
0.37625
0.367702
0.359228
0.350837
0.342535
0.33433
0.326228
0.318234
0.310352
0.302588
0.294945
0.287426
0.280034
0.272771
0.265639
0.25864
0.251774
0.245043
0.238446
0.231984
0.225657
0.219464
0.213405
0.207478
0.201684
0.19602
0.190485
0.185078
0.179797
0.174641
0.169608
0.164696
0.159903
0.155227
0.150666
0.146219
0.141883
0.137656
0.133536
0.129521
0.125609
0.121798
0.118086
0.114471
0.11095
0.107523
0.104186
0.100938
0.0977767
0.0947006
0.0917076
0.088796
0.0859638
0.0832092
0.0805306
0.0779261
0.0753941
0.0729328
0.0705407
0.068216
0.0659573
0.063763
0.0616316
0.0595614
0.0575512
0.0555994
0.0537046
0.0518654
0.0500806
0.0483487
0.0466684
0.0450385
0.0434578
0.041925
0.0404388
0.0389982
0.0376019
0.0362489
0.034938
0.0336681
0.0324382
0.0312473
0.0300942
0.0289781
0.0278979
0.0268527
0.0258416
0.0248635
0.0239177
0.0230033
0.0221193
0.021265
0.0204394
0.0196419
0.0188716
0.0181277
0.0174095
0.0167163
0.0160473
0.0154018
0.0147791
0.0141785
0.0135995
0.0130412
0.0125032
0.0119848
0.0114853
0.0110043
0.0105411
0.0100951
0.00966589
0.00925286
0.0088555
0.0084733
0.00810578
0.00775244
0.00741283
0.00708649
0.00677297
0.00647184
0.00618267
0.00590507
0.00563863
0.00538296
0.00513769
0.00490245
0.00467689
0.00446066
0.00425342
0.00405485
0.00386464
0.00368247
0.00350806
0.0033411
0.00318133
0.00302846
0.00288225
0.00274243
0.00260876
0.00248099
0.00235891
0.00224229
0.0021309
0.00202455
0.00192303
0.00182615
0.00173371
0.00164555
0.00156147
0.00148131
0.00140492
0.00133213
0.00126279
0.00119675
0.00113387
0.00107402
0.00101707
0.000962894
0.000911363
0.000862366
0.00081579
0.000771528
0.000729475
0.000689533
0.000651605
0.0006156
0.00058143
0.000549009
0.000518258
0.000489097
0.000461453
0.000435253
0.00041043
0.000386916
0.00036465
0.000343572
0.000323622
0.000304747
0.000286894
0.000270011
0.000254051
0.000238968
0.000224717
0.000211257
0.000198547
0.000186549
0.000175226
0.000164544
0.000154468
0.000144969
0.000136014
0.000127576
0.000119627
0.00011214
0.000105092
9.84577e-05
9.22155e-05
8.63438e-05
8.08222e-05
7.56315e-05
7.07532e-05
6.617e-05
6.18653e-05
5.78235e-05
5.40296e-05
5.04695e-05
4.71299e-05
4.3998e-05
4.10619e-05
3.83102e-05
3.5732e-05
3.33173e-05
3.10562e-05
2.89398e-05
2.69594e-05
2.51068e-05
2.33744e-05
2.17548e-05
2.02412e-05
1.8827e-05
1.75063e-05
1.62731e-05
1.51221e-05
1.40482e-05
1.30464e-05
1.21123e-05
1.12416e-05
1.04301e-05
9.67422e-06
8.97027e-06
8.31491e-06
7.705e-06
7.13756e-06
6.60981e-06
6.11914e-06
5.66309e-06
5.23935e-06
4.84577e-06
4.48032e-06
4.1411e-06
3.82634e-06
3.53436e-06
3.26361e-06
3.01263e-06
2.78005e-06
2.5646e-06
2.36508e-06
2.18037e-06
2.00943e-06
1.85129e-06
1.70504e-06
1.56984e-06
1.44488e-06
1.32943e-06
1.2228e-06
1.12436e-06
1.03351e-06
9.49678e-07
8.72362e-07
8.01077e-07
7.35374e-07
6.74836e-07
6.19077e-07
5.67737e-07
5.20482e-07
4.77002e-07
4.37008e-07
4.00235e-07
3.66434e-07
3.35375e-07
3.06847e-07
2.80651e-07
2.56606e-07
2.34543e-07
2.14305e-07
1.95747e-07
1.78736e-07
1.63149e-07
1.48871e-07
1.35797e-07
1.23829e-07
1.12878e-07
1.02861e-07
9.37008e-08
8.53277e-08
7.76765e-08
7.06875e-08
6.43055e-08
5.84799e-08
5.3164e-08
4.83149e-08
4.38932e-08
3.98626e-08
3.61898e-08
3.28442e-08
2.97977e-08
2.70246e-08
2.45013e-08
2.22059e-08
2.01187e-08
1.82215e-08
1.64976e-08
1.49316e-08
1.35097e-08
1.22189e-08
1.10477e-08
9.9854e-09
9.02211e-09
8.14895e-09
7.35777e-09
6.64112e-09
5.99222e-09
5.40486e-09
4.8734e-09
4.39268e-09
3.95802e-09
3.56515e-09
3.21016e-09
2.88953e-09
2.60002e-09
2.33872e-09
2.10295e-09
1.8903e-09
1.69857e-09
1.52576e-09
1.37006e-09
1.22983e-09
1.10358e-09
9.89951e-10
8.87724e-10
7.95789e-10
7.13142e-10
6.38873e-10
5.72162e-10
5.12267e-10
4.58516e-10
4.10304e-10
3.67087e-10
3.28373e-10
2.93722e-10
2.62738e-10
2.35068e-10
2.10397e-10
1.88447e-10
1.68972e-10
1.51759e-10
1.36625e-10
1.23416e-10
1.12007e-10
1.02301e-10
9.4228e-11
8.77469e-11
8.28426e-11
7.9526e-11
7.78386e-11
0.600326
0.597478
0.599107
0.60089
0.602299
0.603408
0.604152
0.604462
0.604303
0.603659
0.602519
0.600884
0.598761
0.596158
0.593088
0.589566
0.585606
0.581227
0.576445
0.57128
0.565752
0.559879
0.553683
0.547183
0.540401
0.533357
0.526072
0.518567
0.51086
0.502974
0.494926
0.486738
0.478426
0.470009
0.461506
0.452933
0.444305
0.43564
0.426953
0.418256
0.409564
0.40089
0.392245
0.383641
0.375089
0.366598
0.358178
0.349836
0.34158
0.333418
0.325355
0.317398
0.309552
0.30182
0.294207
0.286716
0.279351
0.272114
0.265006
0.258029
0.251185
0.244474
0.237898
0.231455
0.225146
0.218971
0.21293
0.20702
0.201242
0.195594
0.190075
0.184684
0.179419
0.174278
0.16926
0.164362
0.159584
0.154923
0.150376
0.145943
0.141621
0.137407
0.133301
0.129299
0.125401
0.121602
0.117903
0.1143
0.110792
0.107376
0.104051
0.100814
0.0976644
0.0945992
0.0916169
0.0887155
0.0858934
0.0831485
0.0804793
0.0778839
0.0753607
0.0729079
0.0705239
0.0682072
0.065956
0.0637689
0.0616444
0.0595808
0.0575769
0.055631
0.0537419
0.0519082
0.0501284
0.0484013
0.0467255
0.0450999
0.0435231
0.0419939
0.0405112
0.0390737
0.0376803
0.03633
0.0350215
0.0337538
0.0325259
0.0313367
0.0301852
0.0290704
0.0279914
0.0269471
0.0259368
0.0249594
0.024014
0.0230999
0.022216
0.0213617
0.020536
0.0197383
0.0189676
0.0182232
0.0175045
0.0168105
0.0161407
0.0154943
0.0148707
0.0142691
0.0136889
0.0131295
0.0125903
0.0120705
0.0115698
0.0110873
0.0106227
0.0101753
0.00974461
0.00933007
0.00893118
0.00854743
0.00817834
0.00782343
0.00748223
0.00715429
0.00683917
0.00653644
0.00624568
0.00596649
0.00569847
0.00544122
0.00519439
0.0049576
0.0047305
0.00451275
0.00430401
0.00410396
0.00391228
0.00372867
0.00355283
0.00338448
0.00322333
0.00306912
0.00292159
0.00278047
0.00264553
0.00251652
0.00239323
0.00227541
0.00216287
0.00205538
0.00195276
0.00185479
0.00176131
0.00167212
0.00158705
0.00150592
0.00142859
0.00135488
0.00128465
0.00121775
0.00115405
0.00109339
0.00103565
0.000980715
0.000928451
0.000878743
0.000831481
0.000786555
0.000743861
0.0007033
0.000664775
0.000628195
0.000593469
0.000560514
0.000529247
0.000499591
0.000471469
0.000444811
0.000419546
0.000395609
0.000372936
0.000351466
0.000331141
0.000311906
0.000293707
0.000276494
0.000260217
0.00024483
0.000230288
0.00021655
0.000203574
0.000191321
0.000179755
0.00016884
0.000158543
0.000148832
0.000139675
0.000131044
0.000122911
0.00011525
0.000108034
0.000101242
9.48481e-05
8.88324e-05
8.3174e-05
7.78531e-05
7.28511e-05
6.81504e-05
6.37342e-05
5.95864e-05
5.5692e-05
5.20366e-05
4.86065e-05
4.5389e-05
4.23717e-05
3.95431e-05
3.68921e-05
3.44085e-05
3.20823e-05
2.99043e-05
2.78656e-05
2.5958e-05
2.41736e-05
2.25049e-05
2.0945e-05
1.94872e-05
1.81253e-05
1.68533e-05
1.56657e-05
1.45573e-05
1.35231e-05
1.25584e-05
1.16589e-05
1.08204e-05
1.00391e-05
9.3113e-06
8.63352e-06
8.00254e-06
7.41534e-06
6.86904e-06
6.36097e-06
5.8886e-06
5.44958e-06
5.04167e-06
4.66281e-06
4.31104e-06
3.98452e-06
3.68156e-06
3.40053e-06
3.13995e-06
2.89839e-06
2.67456e-06
2.46721e-06
2.2752e-06
2.09745e-06
1.93296e-06
1.78079e-06
1.64006e-06
1.50996e-06
1.38973e-06
1.27865e-06
1.17606e-06
1.08135e-06
9.93942e-07
9.13297e-07
8.38919e-07
7.70344e-07
7.0714e-07
6.48908e-07
5.95274e-07
5.45892e-07
5.0044e-07
4.58621e-07
4.20156e-07
3.8479e-07
3.52282e-07
3.22414e-07
2.94979e-07
2.69789e-07
2.46667e-07
2.25452e-07
2.05992e-07
1.88148e-07
1.71793e-07
1.56807e-07
1.43079e-07
1.3051e-07
1.19005e-07
1.08477e-07
9.88473e-08
9.0042e-08
8.19934e-08
7.4639e-08
6.79212e-08
6.17871e-08
5.61879e-08
5.10788e-08
4.64185e-08
4.21691e-08
3.82957e-08
3.47662e-08
3.15512e-08
2.86239e-08
2.59592e-08
2.35346e-08
2.13292e-08
1.93238e-08
1.7501e-08
1.58448e-08
1.43403e-08
1.29743e-08
1.17344e-08
1.06093e-08
9.58882e-09
8.66353e-09
7.82483e-09
7.06491e-09
6.37659e-09
5.75336e-09
5.18925e-09
4.67885e-09
4.2172e-09
3.79979e-09
3.42251e-09
3.08163e-09
2.77375e-09
2.49577e-09
2.24488e-09
2.01851e-09
1.81434e-09
1.63026e-09
1.46436e-09
1.31489e-09
1.18027e-09
1.05907e-09
9.49997e-10
8.51871e-10
7.63626e-10
6.84299e-10
6.13017e-10
5.48991e-10
4.91509e-10
4.39925e-10
3.9366e-10
3.5219e-10
3.15044e-10
2.81798e-10
2.52074e-10
2.25532e-10
2.0187e-10
1.80822e-10
1.62152e-10
1.45656e-10
1.31159e-10
1.18514e-10
1.07601e-10
9.83259e-11
9.06235e-11
8.44522e-11
7.97954e-11
7.66581e-11
7.50708e-11
)
;

boundaryField
{
    frontAndBack
    {
        type            empty;
    }
    inlet
    {
        type            uniformFixedValue;
        uniformValue    
        {
            type            table;
            values          
4
(
(0 0)
(0.05 1)
(0.1 1)
(0.15 0)
)
;
        }
        value           uniform 0.6;
    }
    outlet
    {
        type            zeroGradient;
    }
    substrate
    {
        type            firstorder;
        value           nonuniform List<scalar> 
400
(
0.596973
0.593961
0.59543
0.597068
0.598345
0.599329
0.599953
0.600147
0.599877
0.599126
0.597884
0.596151
0.593935
0.591245
0.588092
0.584493
0.580461
0.576015
0.571173
0.565953
0.560374
0.554458
0.548223
0.541692
0.534883
0.527818
0.520518
0.513003
0.505293
0.497408
0.489368
0.481191
0.472897
0.464502
0.456026
0.447484
0.438893
0.430267
0.421623
0.412974
0.404333
0.395714
0.387126
0.378583
0.370094
0.361668
0.353315
0.345043
0.336859
0.328769
0.320781
0.3129
0.30513
0.297475
0.289941
0.282529
0.275243
0.268086
0.261057
0.254161
0.247397
0.240765
0.234268
0.227904
0.221674
0.215577
0.209612
0.20378
0.198077
0.192505
0.18706
0.181742
0.176549
0.17148
0.166532
0.161704
0.156994
0.152399
0.147919
0.143551
0.139292
0.135142
0.131097
0.127155
0.123316
0.119576
0.115933
0.112386
0.108932
0.10557
0.102297
0.0991114
0.0960115
0.0929951
0.0900605
0.0872058
0.0844292
0.0817289
0.0791031
0.0765501
0.0740682
0.0716557
0.069311
0.0670326
0.0648188
0.0626681
0.0605789
0.0585499
0.0565795
0.0546664
0.0528091
0.0510063
0.0492567
0.0475588
0.0459115
0.0443136
0.0427637
0.0412606
0.0398032
0.0383904
0.0370209
0.0356938
0.0344078
0.033162
0.0319553
0.0307866
0.029655
0.0285596
0.0274993
0.0264732
0.0254803
0.0245199
0.023591
0.0226928
0.0218244
0.020985
0.0201737
0.0193899
0.0186327
0.0179014
0.0171952
0.0165134
0.0158554
0.0152203
0.0146076
0.0140166
0.0134466
0.0128971
0.0123673
0.0118568
0.0113648
0.0108909
0.0104344
0.00999493
0.00957183
0.0091646
0.00877275
0.00839578
0.00803321
0.00768457
0.00734941
0.00702727
0.00671772
0.00642035
0.00613474
0.00586049
0.00559721
0.00534452
0.00510206
0.00486947
0.00464639
0.0044325
0.00422746
0.00403096
0.00384268
0.00366233
0.00348961
0.00332425
0.00316596
0.00301449
0.00286957
0.00273096
0.00259842
0.0024717
0.0023506
0.00223488
0.00212433
0.00201876
0.00191795
0.00182173
0.00172991
0.00164231
0.00155875
0.00147907
0.00140311
0.00133072
0.00126174
0.00119603
0.00113345
0.00107388
0.00101717
0.000963211
0.000911877
0.000863055
0.000816634
0.000772509
0.000730576
0.000690738
0.0006529
0.000616971
0.000582865
0.000550497
0.000519788
0.000490661
0.000463041
0.000436858
0.000412044
0.000388534
0.000366265
0.000345178
0.000325217
0.000306325
0.000288451
0.000271545
0.000255559
0.000240447
0.000226165
0.000212672
0.000199928
0.000187894
0.000176535
0.000165815
0.000155702
0.000146164
0.000137172
0.000128695
0.000120707
0.000113183
0.000106097
9.94255e-05
9.31465e-05
8.72385e-05
8.16813e-05
7.64557e-05
7.15433e-05
6.69268e-05
6.25897e-05
5.85162e-05
5.46916e-05
5.11017e-05
4.77332e-05
4.45733e-05
4.16101e-05
3.88322e-05
3.62288e-05
3.37897e-05
3.15053e-05
2.93663e-05
2.73643e-05
2.54909e-05
2.37385e-05
2.20998e-05
2.05679e-05
1.91363e-05
1.77988e-05
1.65497e-05
1.53834e-05
1.42949e-05
1.32793e-05
1.2332e-05
1.14487e-05
1.06253e-05
9.85805e-06
9.14332e-06
8.47774e-06
7.85812e-06
7.28148e-06
6.74502e-06
6.2461e-06
5.78225e-06
5.35113e-06
4.95058e-06
4.57855e-06
4.23311e-06
3.91249e-06
3.61498e-06
3.33903e-06
3.08314e-06
2.84595e-06
2.62615e-06
2.42255e-06
2.234e-06
2.05947e-06
1.89794e-06
1.74852e-06
1.61034e-06
1.48259e-06
1.36453e-06
1.25546e-06
1.15473e-06
1.06173e-06
9.75906e-07
8.96721e-07
8.23689e-07
7.56356e-07
6.94297e-07
6.3712e-07
5.84457e-07
5.3597e-07
4.91343e-07
4.50281e-07
4.12514e-07
3.77789e-07
3.45872e-07
3.16545e-07
2.89609e-07
2.64876e-07
2.42174e-07
2.21344e-07
2.02238e-07
1.84719e-07
1.68661e-07
1.53947e-07
1.40469e-07
1.28128e-07
1.16832e-07
1.06496e-07
9.70421e-08
8.83972e-08
8.04952e-08
7.32748e-08
6.66795e-08
6.06572e-08
5.51601e-08
5.01442e-08
4.5569e-08
4.13971e-08
3.75944e-08
3.41294e-08
3.09731e-08
2.80992e-08
2.54833e-08
2.3103e-08
2.09379e-08
1.89693e-08
1.71798e-08
1.55539e-08
1.4077e-08
1.2736e-08
1.15187e-08
1.04143e-08
9.41252e-09
8.50419e-09
7.68088e-09
6.93489e-09
6.2592e-09
5.64741e-09
5.09367e-09
4.59264e-09
4.13947e-09
3.72973e-09
3.35939e-09
3.02478e-09
2.72256e-09
2.4497e-09
2.20342e-09
1.98122e-09
1.78081e-09
1.60013e-09
1.43728e-09
1.29057e-09
1.15843e-09
1.03947e-09
9.32408e-10
8.36093e-10
7.49478e-10
6.71616e-10
6.01652e-10
5.3881e-10
4.8239e-10
4.31761e-10
3.86352e-10
3.4565e-10
3.09191e-10
2.76562e-10
2.47388e-10
2.21338e-10
1.98115e-10
1.77457e-10
1.59134e-10
1.42944e-10
1.28716e-10
1.16306e-10
1.05595e-10
9.64929e-11
8.89333e-11
8.28765e-11
7.83072e-11
7.52326e-11
7.36783e-11
)
;
    }
    Wall
    {
        type            firstorder;
        value           nonuniform List<scalar> 
400
(
0.59697
0.593957
0.595434
0.597073
0.598345
0.599323
0.599941
0.600132
0.599859
0.599105
0.597861
0.596127
0.59391
0.591219
0.588067
0.584467
0.580436
0.575991
0.571149
0.565929
0.560352
0.554436
0.548203
0.541672
0.534865
0.527801
0.520502
0.512988
0.505279
0.497395
0.489356
0.48118
0.472887
0.464493
0.456018
0.447477
0.438886
0.430262
0.421619
0.41297
0.40433
0.395711
0.387125
0.378582
0.370093
0.361668
0.353316
0.345044
0.33686
0.328771
0.320783
0.312902
0.305132
0.297479
0.289944
0.282533
0.275247
0.26809
0.261062
0.254165
0.247401
0.24077
0.234273
0.227909
0.221679
0.215582
0.209617
0.203784
0.198082
0.192509
0.187065
0.181747
0.176554
0.171485
0.166537
0.161709
0.156998
0.152404
0.147924
0.143555
0.139297
0.135146
0.131101
0.12716
0.12332
0.11958
0.115937
0.11239
0.108936
0.105574
0.102301
0.0991152
0.0960151
0.0929987
0.0900641
0.0872093
0.0844326
0.0817322
0.0791064
0.0765533
0.0740713
0.0716588
0.0693141
0.0670356
0.0648217
0.0626709
0.0605818
0.0585527
0.0565823
0.0546691
0.0528118
0.0510089
0.0492592
0.0475613
0.045914
0.044316
0.042766
0.0412629
0.0398055
0.0383926
0.0370231
0.0356959
0.0344099
0.033164
0.0319572
0.0307885
0.0296569
0.0285614
0.0275011
0.0264749
0.0254821
0.0245216
0.0235927
0.0226944
0.021826
0.0209865
0.0201753
0.0193914
0.0186342
0.0179028
0.0171966
0.0165148
0.0158567
0.0152216
0.0146089
0.0140178
0.0134478
0.0128982
0.0123684
0.0118578
0.0113658
0.0108919
0.0104354
0.00999589
0.00957276
0.0091655
0.00877363
0.00839663
0.00803403
0.00768537
0.00735018
0.00702802
0.00671845
0.00642105
0.00613542
0.00586115
0.00559784
0.00534514
0.00510266
0.00487004
0.00464695
0.00443304
0.00422798
0.00403146
0.00384316
0.0036628
0.00349006
0.00332468
0.00316638
0.00301489
0.00286996
0.00273134
0.00259878
0.00247205
0.00235093
0.0022352
0.00212464
0.00201905
0.00191824
0.00182201
0.00173018
0.00164256
0.00155899
0.0014793
0.00140334
0.00133093
0.00126194
0.00119623
0.00113364
0.00107406
0.00101735
0.000963378
0.000912037
0.000863208
0.000816781
0.000772649
0.00073071
0.000690866
0.000653022
0.000617088
0.000582977
0.000550604
0.00051989
0.000490758
0.000463134
0.000436946
0.000412128
0.000388614
0.000366342
0.000345252
0.000325286
0.000306391
0.000288514
0.000271605
0.000255616
0.000240501
0.000226217
0.000212721
0.000199974
0.000187938
0.000176577
0.000165855
0.00015574
0.0001462
0.000137206
0.000128727
0.000120738
0.000113212
0.000106124
9.94514e-05
9.3171e-05
8.72618e-05
8.17033e-05
7.64765e-05
7.1563e-05
6.69454e-05
6.26072e-05
5.85328e-05
5.47072e-05
5.11165e-05
4.77471e-05
4.45864e-05
4.16225e-05
3.88439e-05
3.62398e-05
3.38001e-05
3.1515e-05
2.93755e-05
2.73729e-05
2.5499e-05
2.37462e-05
2.2107e-05
2.05747e-05
1.91426e-05
1.78048e-05
1.65553e-05
1.53887e-05
1.42999e-05
1.32839e-05
1.23363e-05
1.14528e-05
1.06291e-05
9.86162e-06
9.14666e-06
8.48086e-06
7.86105e-06
7.28422e-06
6.74758e-06
6.24849e-06
5.78448e-06
5.35322e-06
4.95253e-06
4.58037e-06
4.23481e-06
3.91407e-06
3.61646e-06
3.34041e-06
3.08443e-06
2.84714e-06
2.62727e-06
2.42359e-06
2.23497e-06
2.06036e-06
1.89878e-06
1.7493e-06
1.61106e-06
1.48326e-06
1.36515e-06
1.25604e-06
1.15527e-06
1.06223e-06
9.76367e-07
8.97148e-07
8.24085e-07
7.56723e-07
6.94637e-07
6.37434e-07
5.84749e-07
5.3624e-07
4.91592e-07
4.50512e-07
4.12727e-07
3.77986e-07
3.46053e-07
3.16713e-07
2.89764e-07
2.65019e-07
2.42306e-07
2.21465e-07
2.0235e-07
1.84822e-07
1.68755e-07
1.54034e-07
1.4055e-07
1.28202e-07
1.169e-07
1.06559e-07
9.70995e-08
8.84499e-08
8.05436e-08
7.33192e-08
6.67202e-08
6.06946e-08
5.51944e-08
5.01757e-08
4.55978e-08
4.14235e-08
3.76185e-08
3.41515e-08
3.09934e-08
2.81177e-08
2.55002e-08
2.31185e-08
2.09521e-08
1.89822e-08
1.71916e-08
1.55646e-08
1.40868e-08
1.27449e-08
1.15269e-08
1.04217e-08
9.41928e-09
8.51034e-09
7.68648e-09
6.93999e-09
6.26384e-09
5.65163e-09
5.0975e-09
4.59612e-09
4.14263e-09
3.7326e-09
3.362e-09
3.02715e-09
2.72471e-09
2.45164e-09
2.20518e-09
1.98282e-09
1.78226e-09
1.60144e-09
1.43847e-09
1.29164e-09
1.1594e-09
1.04034e-09
9.332e-10
8.36808e-10
7.50124e-10
6.72199e-10
6.02178e-10
5.39284e-10
4.82818e-10
4.32147e-10
3.867e-10
3.45963e-10
3.09473e-10
2.76816e-10
2.47617e-10
2.21544e-10
1.98301e-10
1.77625e-10
1.59285e-10
1.43081e-10
1.2884e-10
1.16418e-10
1.05698e-10
9.65873e-11
8.90211e-11
8.2959e-11
7.83845e-11
7.53027e-11
7.37434e-11
)
;
    }
}


// ************************************************************************* //
